0, 0, <, 1, 16, 480
1, 0, /
1, 0, ~, ""
1, 0, $, 4, 2, 24, 8
1, 0, %, 681818
1, 0, %, 681818
1, 0, %, 681818
1, 0, %, 681818
1, 0, %, 681818
1, 480, %, 810810
1, 480, \
2, 0, /
2, 0, ~, ""
2, 0, ?, 8, 67, 16, 76, 0, 0, 126, 0, 247
2, 0, ?, 9, 67, 16, 76, 2, 1, 0, 1, 7, 247
2, 0, ?, 8, 67, 16, 76, 0, 0, 4, 127, 247
2, 0, ?, 8, 67, 16, 76, 8, 1, 8, 52, 247
2, 0, \
3, 0, /
3, 0, ~, ""
3, 0, &, 1, 0, 0
3, 0, &, 1, 32, 18
3, 0, ;, 1, 38
3, 0, +, 1, 8192
3, 0, &, 1, 1, 0
3, 0, &, 1, 7, 127
3, 0, &, 1, 10, 64
3, 0, &, 1, 11, 125
3, 0, &, 1, 64, 0
3, 0, &, 1, 91, 20
3, 0, &, 1, 93, 0
3, 0, &, 1, 101, 0
3, 0, &, 1, 100, 0
3, 0, &, 1, 6, 12
3, 0, &, 1, 99, 1
3, 0, &, 1, 98, 32
3, 0, &, 1, 6, 75
3, 0, &, 1, 99, 1
3, 0, &, 1, 98, 33
3, 0, &, 1, 6, 30
3, 44160, {, 1, 45, 114
3, 46042, {, 1, 45, 0
3, 46080, {, 1, 44, 108
3, 47962, {, 1, 44, 0
3, 48000, {, 1, 43, 111
3, 49882, {, 1, 43, 0
3, 51840, {, 1, 44, 114
3, 53515, {, 1, 44, 0
3, 53520, {, 1, 51, 114
3, 53755, {, 1, 51, 0
3, 53760, {, 1, 44, 114
3, 55435, {, 1, 44, 0
3, 55440, {, 1, 44, 114
3, 55675, {, 1, 44, 0
3, 55680, {, 1, 43, 114
3, 57355, {, 1, 43, 0
3, 57360, {, 1, 50, 114
3, 57595, {, 1, 50, 0
3, 57600, {, 1, 43, 114
3, 58070, {, 1, 43, 0
3, 58080, {, 1, 50, 114
3, 58315, {, 1, 50, 0
3, 58320, {, 1, 57, 114
3, 58795, {, 1, 57, 0
3, 58800, {, 1, 55, 114
3, 59275, {, 1, 55, 0
3, 59280, {, 1, 50, 114
3, 59515, {, 1, 50, 0
3, 59520, {, 1, 44, 114
3, 60931, {, 1, 44, 0
3, 60960, {, 1, 56, 114
3, 61195, {, 1, 56, 0
3, 61200, {, 1, 55, 114
3, 61435, {, 1, 55, 0
3, 61440, {, 1, 53, 114
3, 62146, {, 1, 53, 0
3, 62160, {, 1, 51, 114
3, 62395, {, 1, 51, 0
3, 62400, {, 1, 49, 114
3, 63106, {, 1, 49, 0
3, 63120, {, 1, 44, 114
3, 63355, {, 1, 44, 0
3, 63360, {, 1, 43, 114
3, 65242, {, 1, 43, 0
3, 65280, {, 1, 55, 114
3, 67162, {, 1, 55, 0
3, 67162, \
4, 0, /
4, 0, ~, ""
4, 0, &, 2, 0, 0
4, 0, &, 2, 32, 0
4, 0, ;, 2, 46
4, 0, +, 2, 8192
4, 0, &, 2, 1, 0
4, 0, &, 2, 7, 127
4, 0, &, 2, 10, 20
4, 0, &, 2, 11, 108
4, 0, &, 2, 91, 80
4, 0, &, 2, 93, 0
4, 0, &, 2, 99, 1
4, 0, &, 2, 98, 32
4, 0, &, 2, 6, 75
4, 1920, {, 2, 43, 98
4, 2155, {, 2, 43, 0
4, 2640, {, 2, 43, 98
4, 3115, {, 2, 43, 0
4, 3360, {, 2, 55, 98
4, 3830, {, 2, 55, 0
4, 3840, {, 2, 43, 98
4, 4075, {, 2, 43, 0
4, 4560, {, 2, 43, 98
4, 5035, {, 2, 43, 0
4, 5280, {, 2, 55, 98
4, 5750, {, 2, 55, 0
4, 5760, {, 2, 43, 98
4, 5995, {, 2, 43, 0
4, 6480, {, 2, 43, 98
4, 6955, {, 2, 43, 0
4, 7200, {, 2, 55, 98
4, 7670, {, 2, 55, 0
4, 7680, {, 2, 43, 98
4, 7915, {, 2, 43, 0
4, 8400, {, 2, 43, 98
4, 8875, {, 2, 43, 0
4, 9120, {, 2, 55, 98
4, 9590, {, 2, 55, 0
4, 9600, {, 2, 43, 98
4, 9835, {, 2, 43, 0
4, 10320, {, 2, 43, 98
4, 10795, {, 2, 43, 0
4, 11040, {, 2, 55, 98
4, 11510, {, 2, 55, 0
4, 11520, {, 2, 43, 98
4, 11755, {, 2, 43, 0
4, 12240, {, 2, 43, 98
4, 12715, {, 2, 43, 0
4, 12960, {, 2, 55, 98
4, 13430, {, 2, 55, 0
4, 13440, {, 2, 43, 98
4, 13675, {, 2, 43, 0
4, 14160, {, 2, 43, 98
4, 14635, {, 2, 43, 0
4, 14880, {, 2, 55, 98
4, 15350, {, 2, 55, 0
4, 15360, {, 2, 43, 98
4, 15595, {, 2, 43, 0
4, 16080, {, 2, 43, 98
4, 16555, {, 2, 43, 0
4, 16800, {, 2, 55, 98
4, 17270, {, 2, 55, 0
4, 17280, {, 2, 43, 98
4, 17515, {, 2, 43, 0
4, 18000, {, 2, 43, 98
4, 18475, {, 2, 43, 0
4, 18720, {, 2, 55, 98
4, 19190, {, 2, 55, 0
4, 19200, {, 2, 43, 98
4, 19435, {, 2, 43, 0
4, 19920, {, 2, 43, 98
4, 20395, {, 2, 43, 0
4, 20640, {, 2, 55, 98
4, 21110, {, 2, 55, 0
4, 21120, {, 2, 48, 98
4, 21360, {, 2, 55, 98
4, 21595, {, 2, 55, 0
4, 22061, {, 2, 48, 0
4, 22080, {, 2, 48, 98
4, 22320, {, 2, 53, 98
4, 22555, {, 2, 53, 0
4, 23021, {, 2, 48, 0
4, 23040, {, 2, 48, 98
4, 23280, {, 2, 55, 98
4, 23515, {, 2, 55, 0
4, 23981, {, 2, 48, 0
4, 24000, {, 2, 48, 98
4, 24240, {, 2, 53, 98
4, 24475, {, 2, 53, 0
4, 24941, {, 2, 48, 0
4, 24960, {, 2, 48, 98
4, 25200, {, 2, 55, 98
4, 25435, {, 2, 55, 0
4, 25901, {, 2, 48, 0
4, 25920, {, 2, 48, 98
4, 26861, {, 2, 48, 0
4, 26880, {, 2, 48, 98
4, 27120, {, 2, 55, 98
4, 27355, {, 2, 55, 0
4, 27821, {, 2, 48, 0
4, 27840, {, 2, 48, 98
4, 28080, {, 2, 53, 98
4, 28315, {, 2, 53, 0
4, 28781, {, 2, 48, 0
4, 28800, {, 2, 48, 98
4, 29040, {, 2, 55, 98
4, 29275, {, 2, 55, 0
4, 29741, {, 2, 48, 0
4, 29760, {, 2, 48, 98
4, 30000, {, 2, 53, 98
4, 30235, {, 2, 53, 0
4, 30701, {, 2, 48, 0
4, 30720, {, 2, 48, 98
4, 30960, {, 2, 55, 98
4, 31195, {, 2, 55, 0
4, 31661, {, 2, 48, 0
4, 31680, {, 2, 47, 97
4, 32621, {, 2, 47, 0
4, 32640, {, 2, 45, 97
4, 33581, {, 2, 45, 0
4, 33600, {, 2, 43, 97
4, 34541, {, 2, 43, 0
4, 34560, {, 2, 48, 97
4, 34800, {, 2, 55, 97
4, 35035, {, 2, 55, 0
4, 35501, {, 2, 48, 0
4, 35520, {, 2, 48, 97
4, 35760, {, 2, 53, 97
4, 35995, {, 2, 53, 0
4, 36461, {, 2, 48, 0
4, 36480, {, 2, 48, 97
4, 36720, {, 2, 55, 95
4, 36955, {, 2, 55, 0
4, 37421, {, 2, 48, 0
4, 37440, {, 2, 47, 97
4, 38381, {, 2, 47, 0
4, 38400, {, 2, 45, 97
4, 39341, {, 2, 45, 0
4, 39360, {, 2, 50, 97
4, 40301, {, 2, 50, 0
4, 40320, {, 2, 40, 98
4, 41261, {, 2, 40, 0
4, 67200, {, 2, 48, 98
4, 67200, &, 2, 7, 125
4, 67230, &, 2, 7, 125
4, 67260, &, 2, 7, 125
4, 67290, &, 2, 7, 125
4, 67320, &, 2, 7, 125
4, 67350, &, 2, 7, 124
4, 67380, &, 2, 7, 124
4, 67410, &, 2, 7, 124
4, 67440, {, 2, 55, 98
4, 67440, &, 2, 7, 124
4, 67470, &, 2, 7, 123
4, 67500, &, 2, 7, 123
4, 67530, &, 2, 7, 123
4, 67560, &, 2, 7, 123
4, 67590, &, 2, 7, 122
4, 67620, &, 2, 7, 122
4, 67650, &, 2, 7, 122
4, 67675, {, 2, 55, 0
4, 67680, &, 2, 7, 122
4, 67710, &, 2, 7, 121
4, 67740, &, 2, 7, 121
4, 67770, &, 2, 7, 121
4, 67800, &, 2, 7, 121
4, 67830, &, 2, 7, 120
4, 67860, &, 2, 7, 120
4, 67890, &, 2, 7, 120
4, 67920, &, 2, 7, 120
4, 67950, &, 2, 7, 119
4, 67980, &, 2, 7, 119
4, 68010, &, 2, 7, 119
4, 68040, &, 2, 7, 119
4, 68070, &, 2, 7, 118
4, 68100, &, 2, 7, 118
4, 68130, &, 2, 7, 118
4, 68141, {, 2, 48, 0
4, 68160, {, 2, 48, 98
4, 68160, &, 2, 7, 118
4, 68190, &, 2, 7, 118
4, 68220, &, 2, 7, 117
4, 68250, &, 2, 7, 117
4, 68280, &, 2, 7, 117
4, 68310, &, 2, 7, 117
4, 68340, &, 2, 7, 116
4, 68370, &, 2, 7, 116
4, 68400, {, 2, 53, 98
4, 68400, &, 2, 7, 116
4, 68430, &, 2, 7, 116
4, 68460, &, 2, 7, 115
4, 68490, &, 2, 7, 115
4, 68520, &, 2, 7, 115
4, 68550, &, 2, 7, 115
4, 68580, &, 2, 7, 114
4, 68610, &, 2, 7, 114
4, 68635, {, 2, 53, 0
4, 68640, &, 2, 7, 114
4, 68670, &, 2, 7, 114
4, 68700, &, 2, 7, 113
4, 68730, &, 2, 7, 113
4, 68760, &, 2, 7, 113
4, 68790, &, 2, 7, 113
4, 68820, &, 2, 7, 112
4, 68850, &, 2, 7, 112
4, 68880, &, 2, 7, 112
4, 68910, &, 2, 7, 112
4, 68940, &, 2, 7, 111
4, 68970, &, 2, 7, 111
4, 69000, &, 2, 7, 111
4, 69030, &, 2, 7, 111
4, 69060, &, 2, 7, 111
4, 69090, &, 2, 7, 110
4, 69101, {, 2, 48, 0
4, 69120, {, 2, 48, 98
4, 69120, &, 2, 7, 110
4, 69150, &, 2, 7, 110
4, 69180, &, 2, 7, 110
4, 69210, &, 2, 7, 109
4, 69240, &, 2, 7, 109
4, 69270, &, 2, 7, 109
4, 69300, &, 2, 7, 109
4, 69330, &, 2, 7, 108
4, 69360, {, 2, 55, 98
4, 69360, &, 2, 7, 108
4, 69390, &, 2, 7, 108
4, 69420, &, 2, 7, 108
4, 69450, &, 2, 7, 107
4, 69480, &, 2, 7, 107
4, 69510, &, 2, 7, 107
4, 69540, &, 2, 7, 107
4, 69570, &, 2, 7, 106
4, 69595, {, 2, 55, 0
4, 69600, &, 2, 7, 106
4, 69630, &, 2, 7, 106
4, 69660, &, 2, 7, 106
4, 69690, &, 2, 7, 105
4, 69720, &, 2, 7, 105
4, 69750, &, 2, 7, 105
4, 69780, &, 2, 7, 105
4, 69810, &, 2, 7, 104
4, 69840, &, 2, 7, 104
4, 69870, &, 2, 7, 104
4, 69900, &, 2, 7, 104
4, 69930, &, 2, 7, 104
4, 69960, &, 2, 7, 103
4, 69990, &, 2, 7, 103
4, 70020, &, 2, 7, 103
4, 70050, &, 2, 7, 103
4, 70061, {, 2, 48, 0
4, 70080, {, 2, 48, 98
4, 70080, &, 2, 7, 102
4, 70110, &, 2, 7, 102
4, 70140, &, 2, 7, 102
4, 70170, &, 2, 7, 102
4, 70200, &, 2, 7, 101
4, 70230, &, 2, 7, 101
4, 70260, &, 2, 7, 101
4, 70290, &, 2, 7, 101
4, 70320, {, 2, 53, 98
4, 70320, &, 2, 7, 100
4, 70350, &, 2, 7, 100
4, 70380, &, 2, 7, 100
4, 70410, &, 2, 7, 100
4, 70440, &, 2, 7, 99
4, 70470, &, 2, 7, 99
4, 70500, &, 2, 7, 99
4, 70530, &, 2, 7, 99
4, 70555, {, 2, 53, 0
4, 70560, &, 2, 7, 98
4, 70590, &, 2, 7, 98
4, 70620, &, 2, 7, 98
4, 70650, &, 2, 7, 98
4, 70680, &, 2, 7, 97
4, 70710, &, 2, 7, 97
4, 70740, &, 2, 7, 97
4, 70770, &, 2, 7, 97
4, 70800, &, 2, 7, 96
4, 70830, &, 2, 7, 96
4, 70860, &, 2, 7, 96
4, 70890, &, 2, 7, 96
4, 70920, &, 2, 7, 96
4, 70950, &, 2, 7, 95
4, 70980, &, 2, 7, 95
4, 71010, &, 2, 7, 95
4, 71021, {, 2, 48, 0
4, 71040, {, 2, 48, 98
4, 71040, &, 2, 7, 95
4, 71070, &, 2, 7, 94
4, 71100, &, 2, 7, 94
4, 71130, &, 2, 7, 94
4, 71160, &, 2, 7, 94
4, 71190, &, 2, 7, 93
4, 71220, &, 2, 7, 93
4, 71250, &, 2, 7, 93
4, 71280, {, 2, 55, 98
4, 71280, &, 2, 7, 93
4, 71310, &, 2, 7, 92
4, 71340, &, 2, 7, 92
4, 71370, &, 2, 7, 92
4, 71400, &, 2, 7, 92
4, 71430, &, 2, 7, 91
4, 71460, &, 2, 7, 91
4, 71490, &, 2, 7, 91
4, 71515, {, 2, 55, 0
4, 71520, &, 2, 7, 91
4, 71550, &, 2, 7, 90
4, 71580, &, 2, 7, 90
4, 71610, &, 2, 7, 90
4, 71640, &, 2, 7, 90
4, 71670, &, 2, 7, 89
4, 71700, &, 2, 7, 89
4, 71730, &, 2, 7, 89
4, 71760, &, 2, 7, 89
4, 71790, &, 2, 7, 89
4, 71820, &, 2, 7, 88
4, 71850, &, 2, 7, 88
4, 71880, &, 2, 7, 88
4, 71910, &, 2, 7, 88
4, 71940, &, 2, 7, 87
4, 71970, &, 2, 7, 87
4, 71981, {, 2, 48, 0
4, 72000, {, 2, 48, 98
4, 72000, &, 2, 7, 87
4, 72030, &, 2, 7, 87
4, 72060, &, 2, 7, 86
4, 72090, &, 2, 7, 86
4, 72120, &, 2, 7, 86
4, 72150, &, 2, 7, 86
4, 72180, &, 2, 7, 85
4, 72210, &, 2, 7, 85
4, 72240, &, 2, 7, 85
4, 72270, &, 2, 7, 85
4, 72300, &, 2, 7, 84
4, 72330, &, 2, 7, 84
4, 72360, &, 2, 7, 84
4, 72390, &, 2, 7, 84
4, 72420, &, 2, 7, 83
4, 72450, &, 2, 7, 83
4, 72480, &, 2, 7, 83
4, 72510, &, 2, 7, 83
4, 72540, &, 2, 7, 82
4, 72570, &, 2, 7, 82
4, 72600, &, 2, 7, 82
4, 72630, &, 2, 7, 82
4, 72660, &, 2, 7, 82
4, 72690, &, 2, 7, 81
4, 72720, &, 2, 7, 81
4, 72750, &, 2, 7, 81
4, 72780, &, 2, 7, 81
4, 72810, &, 2, 7, 80
4, 72840, &, 2, 7, 80
4, 72870, &, 2, 7, 80
4, 72900, &, 2, 7, 80
4, 72930, &, 2, 7, 79
4, 72941, {, 2, 48, 0
4, 72960, {, 2, 48, 98
4, 72960, &, 2, 7, 79
4, 72990, &, 2, 7, 79
4, 73020, &, 2, 7, 79
4, 73050, &, 2, 7, 78
4, 73080, &, 2, 7, 78
4, 73110, &, 2, 7, 78
4, 73140, &, 2, 7, 78
4, 73170, &, 2, 7, 77
4, 73200, {, 2, 55, 98
4, 73200, &, 2, 7, 77
4, 73230, &, 2, 7, 77
4, 73260, &, 2, 7, 77
4, 73290, &, 2, 7, 76
4, 73320, &, 2, 7, 76
4, 73350, &, 2, 7, 76
4, 73380, &, 2, 7, 76
4, 73410, &, 2, 7, 75
4, 73435, {, 2, 55, 0
4, 73440, &, 2, 7, 75
4, 73470, &, 2, 7, 75
4, 73500, &, 2, 7, 75
4, 73530, &, 2, 7, 74
4, 73560, &, 2, 7, 74
4, 73590, &, 2, 7, 74
4, 73620, &, 2, 7, 74
4, 73650, &, 2, 7, 74
4, 73680, &, 2, 7, 73
4, 73710, &, 2, 7, 73
4, 73740, &, 2, 7, 73
4, 73770, &, 2, 7, 73
4, 73800, &, 2, 7, 72
4, 73830, &, 2, 7, 72
4, 73860, &, 2, 7, 72
4, 73890, &, 2, 7, 72
4, 73901, {, 2, 48, 0
4, 73920, {, 2, 48, 98
4, 73920, &, 2, 7, 71
4, 73950, &, 2, 7, 71
4, 73980, &, 2, 7, 71
4, 74010, &, 2, 7, 71
4, 74040, &, 2, 7, 70
4, 74070, &, 2, 7, 70
4, 74100, &, 2, 7, 70
4, 74130, &, 2, 7, 70
4, 74160, {, 2, 53, 98
4, 74160, &, 2, 7, 69
4, 74190, &, 2, 7, 69
4, 74220, &, 2, 7, 69
4, 74250, &, 2, 7, 69
4, 74280, &, 2, 7, 68
4, 74310, &, 2, 7, 68
4, 74340, &, 2, 7, 68
4, 74370, &, 2, 7, 68
4, 74395, {, 2, 53, 0
4, 74400, &, 2, 7, 67
4, 74430, &, 2, 7, 67
4, 74460, &, 2, 7, 67
4, 74490, &, 2, 7, 67
4, 74520, &, 2, 7, 67
4, 74550, &, 2, 7, 66
4, 74580, &, 2, 7, 66
4, 74610, &, 2, 7, 66
4, 74640, &, 2, 7, 66
4, 74670, &, 2, 7, 65
4, 74700, &, 2, 7, 65
4, 74730, &, 2, 7, 65
4, 74760, &, 2, 7, 65
4, 74790, &, 2, 7, 64
4, 74820, &, 2, 7, 64
4, 74850, &, 2, 7, 64
4, 74861, {, 2, 48, 0
4, 74880, {, 2, 48, 98
4, 74880, &, 2, 7, 64
4, 74910, &, 2, 7, 63
4, 74940, &, 2, 7, 63
4, 74970, &, 2, 7, 63
4, 75000, &, 2, 7, 63
4, 75030, &, 2, 7, 62
4, 75060, &, 2, 7, 62
4, 75090, &, 2, 7, 62
4, 75120, {, 2, 55, 98
4, 75120, &, 2, 7, 62
4, 75150, &, 2, 7, 61
4, 75180, &, 2, 7, 61
4, 75210, &, 2, 7, 61
4, 75240, &, 2, 7, 61
4, 75270, &, 2, 7, 60
4, 75300, &, 2, 7, 60
4, 75330, &, 2, 7, 60
4, 75355, {, 2, 55, 0
4, 75360, &, 2, 7, 60
4, 75390, &, 2, 7, 60
4, 75420, &, 2, 7, 59
4, 75450, &, 2, 7, 59
4, 75480, &, 2, 7, 59
4, 75510, &, 2, 7, 59
4, 75540, &, 2, 7, 58
4, 75570, &, 2, 7, 58
4, 75600, &, 2, 7, 58
4, 75630, &, 2, 7, 58
4, 75660, &, 2, 7, 57
4, 75690, &, 2, 7, 57
4, 75720, &, 2, 7, 57
4, 75750, &, 2, 7, 57
4, 75780, &, 2, 7, 56
4, 75810, &, 2, 7, 56
4, 75821, {, 2, 48, 0
4, 75840, {, 2, 48, 98
4, 75840, &, 2, 7, 56
4, 75870, &, 2, 7, 56
4, 75900, &, 2, 7, 55
4, 75930, &, 2, 7, 55
4, 75960, &, 2, 7, 55
4, 75990, &, 2, 7, 55
4, 76020, &, 2, 7, 54
4, 76050, &, 2, 7, 54
4, 76080, {, 2, 53, 98
4, 76080, &, 2, 7, 54
4, 76110, &, 2, 7, 54
4, 76140, &, 2, 7, 53
4, 76170, &, 2, 7, 53
4, 76200, &, 2, 7, 53
4, 76230, &, 2, 7, 53
4, 76260, &, 2, 7, 52
4, 76290, &, 2, 7, 52
4, 76315, {, 2, 53, 0
4, 76320, &, 2, 7, 52
4, 76350, &, 2, 7, 52
4, 76380, &, 2, 7, 52
4, 76410, &, 2, 7, 51
4, 76440, &, 2, 7, 51
4, 76470, &, 2, 7, 51
4, 76500, &, 2, 7, 51
4, 76530, &, 2, 7, 50
4, 76560, &, 2, 7, 50
4, 76590, &, 2, 7, 50
4, 76620, &, 2, 7, 50
4, 76650, &, 2, 7, 49
4, 76680, &, 2, 7, 49
4, 76710, &, 2, 7, 49
4, 76740, &, 2, 7, 49
4, 76770, &, 2, 7, 48
4, 76781, {, 2, 48, 0
4, 76800, {, 2, 48, 98
4, 76800, &, 2, 7, 46
4, 76830, &, 2, 7, 46
4, 76860, &, 2, 7, 45
4, 76890, &, 2, 7, 44
4, 76920, &, 2, 7, 44
4, 76950, &, 2, 7, 43
4, 76980, &, 2, 7, 42
4, 77010, &, 2, 7, 41
4, 77040, {, 2, 55, 98
4, 77040, &, 2, 7, 41
4, 77070, &, 2, 7, 40
4, 77100, &, 2, 7, 39
4, 77130, &, 2, 7, 39
4, 77160, &, 2, 7, 38
4, 77190, &, 2, 7, 37
4, 77220, &, 2, 7, 36
4, 77250, &, 2, 7, 36
4, 77275, {, 2, 55, 0
4, 77280, &, 2, 7, 35
4, 77310, &, 2, 7, 34
4, 77340, &, 2, 7, 34
4, 77370, &, 2, 7, 33
4, 77400, &, 2, 7, 32
4, 77430, &, 2, 7, 31
4, 77460, &, 2, 7, 31
4, 77490, &, 2, 7, 30
4, 77520, &, 2, 7, 29
4, 77550, &, 2, 7, 29
4, 77580, &, 2, 7, 28
4, 77610, &, 2, 7, 27
4, 77640, &, 2, 7, 26
4, 77670, &, 2, 7, 26
4, 77700, &, 2, 7, 25
4, 77730, &, 2, 7, 24
4, 77741, {, 2, 48, 0
4, 77760, {, 2, 47, 97
4, 77760, &, 2, 7, 23
4, 77790, &, 2, 7, 23
4, 77820, &, 2, 7, 22
4, 77850, &, 2, 7, 21
4, 77880, &, 2, 7, 21
4, 77910, &, 2, 7, 20
4, 77940, &, 2, 7, 19
4, 77970, &, 2, 7, 18
4, 78000, &, 2, 7, 18
4, 78030, &, 2, 7, 17
4, 78060, &, 2, 7, 16
4, 78090, &, 2, 7, 16
4, 78120, &, 2, 7, 15
4, 78150, &, 2, 7, 14
4, 78180, &, 2, 7, 13
4, 78210, &, 2, 7, 13
4, 78240, &, 2, 7, 12
4, 78270, &, 2, 7, 11
4, 78300, &, 2, 7, 11
4, 78330, &, 2, 7, 10
4, 78360, &, 2, 7, 9
4, 78390, &, 2, 7, 8
4, 78420, &, 2, 7, 8
4, 78450, &, 2, 7, 7
4, 78480, &, 2, 7, 6
4, 78510, &, 2, 7, 6
4, 78540, &, 2, 7, 5
4, 78570, &, 2, 7, 4
4, 78600, &, 2, 7, 3
4, 78630, &, 2, 7, 3
4, 78635, &, 2, 7, 3
4, 78665, &, 2, 7, 3
4, 78695, &, 2, 7, 3
4, 78701, {, 2, 47, 0
4, 78701, \
5, 0, /
5, 0, ~, ""
5, 0, &, 3, 0, 0
5, 0, &, 3, 32, 0
5, 0, ;, 3, 46
5, 0, +, 3, 8192
5, 0, &, 3, 1, 0
5, 0, &, 3, 7, 127
5, 0, &, 3, 10, 57
5, 0, &, 3, 11, 114
5, 0, &, 3, 91, 80
5, 0, &, 3, 93, 0
5, 0, &, 3, 99, 1
5, 0, &, 3, 98, 32
5, 0, &, 3, 6, 75
5, 2160, {, 3, 50, 94
5, 2395, {, 3, 50, 0
5, 2400, {, 3, 55, 101
5, 2635, {, 3, 55, 0
5, 3120, {, 3, 57, 97
5, 3355, {, 3, 57, 0
5, 4080, {, 3, 50, 94
5, 4315, {, 3, 50, 0
5, 4320, {, 3, 55, 101
5, 4555, {, 3, 55, 0
5, 5040, {, 3, 57, 97
5, 5275, {, 3, 57, 0
5, 6000, {, 3, 50, 94
5, 6235, {, 3, 50, 0
5, 6240, {, 3, 55, 101
5, 6475, {, 3, 55, 0
5, 6960, {, 3, 57, 97
5, 7195, {, 3, 57, 0
5, 7920, {, 3, 50, 94
5, 8155, {, 3, 50, 0
5, 8160, {, 3, 55, 101
5, 8395, {, 3, 55, 0
5, 8880, {, 3, 57, 97
5, 9115, {, 3, 57, 0
5, 9840, {, 3, 50, 94
5, 10075, {, 3, 50, 0
5, 10080, {, 3, 55, 101
5, 10315, {, 3, 55, 0
5, 10800, {, 3, 57, 97
5, 11035, {, 3, 57, 0
5, 11760, {, 3, 50, 94
5, 11995, {, 3, 50, 0
5, 12000, {, 3, 55, 101
5, 12235, {, 3, 55, 0
5, 12720, {, 3, 57, 97
5, 12955, {, 3, 57, 0
5, 13680, {, 3, 50, 94
5, 13915, {, 3, 50, 0
5, 13920, {, 3, 55, 101
5, 14155, {, 3, 55, 0
5, 14640, {, 3, 57, 97
5, 14875, {, 3, 57, 0
5, 15600, {, 3, 50, 94
5, 15835, {, 3, 50, 0
5, 15840, {, 3, 55, 101
5, 16075, {, 3, 55, 0
5, 16560, {, 3, 57, 97
5, 16795, {, 3, 57, 0
5, 17520, {, 3, 50, 94
5, 17755, {, 3, 50, 0
5, 17760, {, 3, 55, 101
5, 17995, {, 3, 55, 0
5, 18480, {, 3, 57, 97
5, 18715, {, 3, 57, 0
5, 19440, {, 3, 50, 94
5, 19675, {, 3, 50, 0
5, 19680, {, 3, 55, 101
5, 19915, {, 3, 55, 0
5, 20400, {, 3, 57, 97
5, 20635, {, 3, 57, 0
5, 21600, {, 3, 60, 90
5, 21600, {, 3, 64, 94
5, 22070, {, 3, 60, 0
5, 22070, {, 3, 64, 0
5, 22560, {, 3, 60, 91
5, 22795, {, 3, 60, 0
5, 22800, {, 3, 65, 89
5, 22800, {, 3, 69, 89
5, 23035, {, 3, 65, 0
5, 23035, {, 3, 69, 0
5, 23520, {, 3, 60, 85
5, 23520, {, 3, 64, 93
5, 23990, {, 3, 60, 0
5, 23990, {, 3, 64, 0
5, 24480, {, 3, 62, 94
5, 24480, {, 3, 60, 89
5, 24715, {, 3, 62, 0
5, 24715, {, 3, 60, 0
5, 24720, {, 3, 65, 92
5, 24955, {, 3, 65, 0
5, 25440, {, 3, 60, 85
5, 25440, {, 3, 64, 94
5, 25910, {, 3, 60, 0
5, 25910, {, 3, 64, 0
5, 26160, {, 3, 69, 94
5, 26160, {, 3, 65, 91
5, 26395, {, 3, 69, 0
5, 26395, {, 3, 65, 0
5, 26400, {, 3, 67, 91
5, 26400, {, 3, 64, 91
5, 26635, {, 3, 67, 0
5, 26635, {, 3, 64, 0
5, 26640, {, 3, 65, 88
5, 26640, {, 3, 62, 88
5, 26875, {, 3, 65, 0
5, 26875, {, 3, 62, 0
5, 27360, {, 3, 60, 90
5, 27360, {, 3, 64, 94
5, 27830, {, 3, 60, 0
5, 27830, {, 3, 64, 0
5, 28320, {, 3, 60, 92
5, 28555, {, 3, 60, 0
5, 28560, {, 3, 65, 91
5, 28560, {, 3, 69, 91
5, 28795, {, 3, 65, 0
5, 28795, {, 3, 69, 0
5, 29280, {, 3, 60, 92
5, 29280, {, 3, 64, 92
5, 29750, {, 3, 60, 0
5, 29750, {, 3, 64, 0
5, 30240, {, 3, 62, 94
5, 30240, {, 3, 60, 86
5, 30475, {, 3, 62, 0
5, 30475, {, 3, 60, 0
5, 30480, {, 3, 65, 94
5, 30715, {, 3, 65, 0
5, 31200, {, 3, 60, 92
5, 31200, {, 3, 64, 92
5, 31670, {, 3, 60, 0
5, 31670, {, 3, 64, 0
5, 31920, {, 3, 55, 88
5, 31920, {, 3, 65, 94
5, 32155, {, 3, 55, 0
5, 32155, {, 3, 65, 0
5, 32160, {, 3, 59, 84
5, 32160, {, 3, 64, 94
5, 32395, {, 3, 59, 0
5, 32395, {, 3, 64, 0
5, 32400, {, 3, 62, 89
5, 32635, {, 3, 62, 0
5, 32640, {, 3, 62, 93
5, 33110, {, 3, 62, 0
5, 33600, {, 3, 62, 92
5, 34070, {, 3, 62, 0
5, 34080, {, 3, 60, 89
5, 34080, {, 3, 67, 97
5, 34315, {, 3, 67, 0
5, 34320, {, 3, 65, 93
5, 34550, {, 3, 60, 0
5, 34555, {, 3, 65, 0
5, 35040, {, 3, 60, 90
5, 35040, {, 3, 64, 94
5, 35510, {, 3, 60, 0
5, 35510, {, 3, 64, 0
5, 36000, {, 3, 60, 92
5, 36235, {, 3, 60, 0
5, 36240, {, 3, 65, 91
5, 36475, {, 3, 65, 0
5, 36960, {, 3, 60, 92
5, 36960, {, 3, 64, 92
5, 37430, {, 3, 60, 0
5, 37430, {, 3, 64, 0
5, 37920, {, 3, 62, 94
5, 37920, {, 3, 60, 86
5, 38155, {, 3, 62, 0
5, 38155, {, 3, 60, 0
5, 38160, {, 3, 65, 94
5, 38395, {, 3, 65, 0
5, 38640, {, 3, 52, 94
5, 38875, {, 3, 52, 0
5, 38880, {, 3, 64, 92
5, 39115, {, 3, 64, 0
5, 39120, {, 3, 65, 91
5, 39355, {, 3, 65, 0
5, 39600, {, 3, 62, 91
5, 39835, {, 3, 62, 0
5, 39840, {, 3, 65, 88
5, 39840, {, 3, 69, 94
5, 40075, {, 3, 65, 0
5, 40075, {, 3, 69, 0
5, 40080, {, 3, 62, 86
5, 40080, {, 3, 65, 94
5, 40315, {, 3, 62, 0
5, 40315, {, 3, 65, 0
5, 40320, {, 3, 64, 85
5, 40320, {, 3, 67, 96
5, 40555, {, 3, 64, 0
5, 40555, {, 3, 67, 0
5, 40560, {, 3, 64, 92
5, 40560, {, 3, 59, 82
5, 40795, {, 3, 64, 0
5, 40795, {, 3, 59, 0
5, 40800, {, 3, 64, 95
5, 41035, {, 3, 64, 0
5, 41040, {, 3, 67, 92
5, 41275, {, 3, 67, 0
5, 41280, {, 3, 71, 102
5, 41515, {, 3, 71, 0
5, 41520, {, 3, 64, 97
5, 41755, {, 3, 64, 0
5, 41760, {, 3, 67, 102
5, 41995, {, 3, 67, 0
5, 42000, {, 3, 71, 97
5, 42235, {, 3, 71, 0
5, 42240, {, 3, 67, 97
5, 42260, {, 3, 74, 100
5, 42280, {, 3, 64, 98
5, 42300, {, 3, 76, 96
5, 42320, {, 3, 71, 106
5, 43040, {, 3, 67, 0
5, 43060, {, 3, 74, 0
5, 43080, {, 3, 64, 0
5, 43100, {, 3, 76, 0
5, 43700, {, 3, 71, 0
5, 67200, &, 3, 7, 125
5, 67230, &, 3, 7, 125
5, 67260, &, 3, 7, 125
5, 67290, &, 3, 7, 125
5, 67320, &, 3, 7, 125
5, 67350, &, 3, 7, 124
5, 67380, &, 3, 7, 124
5, 67410, &, 3, 7, 124
5, 67440, &, 3, 7, 124
5, 67470, &, 3, 7, 123
5, 67500, &, 3, 7, 123
5, 67530, &, 3, 7, 123
5, 67560, &, 3, 7, 123
5, 67590, &, 3, 7, 122
5, 67620, &, 3, 7, 122
5, 67650, &, 3, 7, 122
5, 67680, {, 3, 60, 90
5, 67680, {, 3, 64, 94
5, 67680, &, 3, 7, 122
5, 67710, &, 3, 7, 121
5, 67740, &, 3, 7, 121
5, 67770, &, 3, 7, 121
5, 67800, &, 3, 7, 121
5, 67830, &, 3, 7, 120
5, 67860, &, 3, 7, 120
5, 67890, &, 3, 7, 120
5, 67920, &, 3, 7, 120
5, 67950, &, 3, 7, 119
5, 67980, &, 3, 7, 119
5, 68010, &, 3, 7, 119
5, 68040, &, 3, 7, 119
5, 68070, &, 3, 7, 118
5, 68100, &, 3, 7, 118
5, 68130, &, 3, 7, 118
5, 68150, {, 3, 60, 0
5, 68150, {, 3, 64, 0
5, 68160, &, 3, 7, 118
5, 68190, &, 3, 7, 118
5, 68220, &, 3, 7, 117
5, 68250, &, 3, 7, 117
5, 68280, &, 3, 7, 117
5, 68310, &, 3, 7, 117
5, 68340, &, 3, 7, 116
5, 68370, &, 3, 7, 116
5, 68400, &, 3, 7, 116
5, 68430, &, 3, 7, 116
5, 68460, &, 3, 7, 115
5, 68490, &, 3, 7, 115
5, 68520, &, 3, 7, 115
5, 68550, &, 3, 7, 115
5, 68580, &, 3, 7, 114
5, 68610, &, 3, 7, 114
5, 68640, {, 3, 60, 91
5, 68640, &, 3, 7, 114
5, 68670, &, 3, 7, 114
5, 68700, &, 3, 7, 113
5, 68730, &, 3, 7, 113
5, 68760, &, 3, 7, 113
5, 68790, &, 3, 7, 113
5, 68820, &, 3, 7, 112
5, 68850, &, 3, 7, 112
5, 68875, {, 3, 60, 0
5, 68880, {, 3, 65, 89
5, 68880, {, 3, 69, 89
5, 68880, &, 3, 7, 112
5, 68910, &, 3, 7, 112
5, 68940, &, 3, 7, 111
5, 68970, &, 3, 7, 111
5, 69000, &, 3, 7, 111
5, 69030, &, 3, 7, 111
5, 69060, &, 3, 7, 111
5, 69090, &, 3, 7, 110
5, 69115, {, 3, 65, 0
5, 69115, {, 3, 69, 0
5, 69120, &, 3, 7, 110
5, 69150, &, 3, 7, 110
5, 69180, &, 3, 7, 110
5, 69210, &, 3, 7, 109
5, 69240, &, 3, 7, 109
5, 69270, &, 3, 7, 109
5, 69300, &, 3, 7, 109
5, 69330, &, 3, 7, 108
5, 69360, &, 3, 7, 108
5, 69390, &, 3, 7, 108
5, 69420, &, 3, 7, 108
5, 69450, &, 3, 7, 107
5, 69480, &, 3, 7, 107
5, 69510, &, 3, 7, 107
5, 69540, &, 3, 7, 107
5, 69570, &, 3, 7, 106
5, 69600, {, 3, 60, 85
5, 69600, {, 3, 64, 93
5, 69600, &, 3, 7, 106
5, 69630, &, 3, 7, 106
5, 69660, &, 3, 7, 106
5, 69690, &, 3, 7, 105
5, 69720, &, 3, 7, 105
5, 69750, &, 3, 7, 105
5, 69780, &, 3, 7, 105
5, 69810, &, 3, 7, 104
5, 69840, &, 3, 7, 104
5, 69870, &, 3, 7, 104
5, 69900, &, 3, 7, 104
5, 69930, &, 3, 7, 104
5, 69960, &, 3, 7, 103
5, 69990, &, 3, 7, 103
5, 70020, &, 3, 7, 103
5, 70050, &, 3, 7, 103
5, 70070, {, 3, 60, 0
5, 70070, {, 3, 64, 0
5, 70080, &, 3, 7, 102
5, 70110, &, 3, 7, 102
5, 70140, &, 3, 7, 102
5, 70170, &, 3, 7, 102
5, 70200, &, 3, 7, 101
5, 70230, &, 3, 7, 101
5, 70260, &, 3, 7, 101
5, 70290, &, 3, 7, 101
5, 70320, &, 3, 7, 100
5, 70350, &, 3, 7, 100
5, 70380, &, 3, 7, 100
5, 70410, &, 3, 7, 100
5, 70440, &, 3, 7, 99
5, 70470, &, 3, 7, 99
5, 70500, &, 3, 7, 99
5, 70530, &, 3, 7, 99
5, 70560, {, 3, 62, 94
5, 70560, {, 3, 60, 89
5, 70560, &, 3, 7, 98
5, 70590, &, 3, 7, 98
5, 70620, &, 3, 7, 98
5, 70650, &, 3, 7, 98
5, 70680, &, 3, 7, 97
5, 70710, &, 3, 7, 97
5, 70740, &, 3, 7, 97
5, 70770, &, 3, 7, 97
5, 70795, {, 3, 62, 0
5, 70795, {, 3, 60, 0
5, 70800, {, 3, 65, 92
5, 70800, &, 3, 7, 96
5, 70830, &, 3, 7, 96
5, 70860, &, 3, 7, 96
5, 70890, &, 3, 7, 96
5, 70920, &, 3, 7, 96
5, 70950, &, 3, 7, 95
5, 70980, &, 3, 7, 95
5, 71010, &, 3, 7, 95
5, 71035, {, 3, 65, 0
5, 71040, &, 3, 7, 95
5, 71070, &, 3, 7, 94
5, 71100, &, 3, 7, 94
5, 71130, &, 3, 7, 94
5, 71160, &, 3, 7, 94
5, 71190, &, 3, 7, 93
5, 71220, &, 3, 7, 93
5, 71250, &, 3, 7, 93
5, 71280, &, 3, 7, 93
5, 71310, &, 3, 7, 92
5, 71340, &, 3, 7, 92
5, 71370, &, 3, 7, 92
5, 71400, &, 3, 7, 92
5, 71430, &, 3, 7, 91
5, 71460, &, 3, 7, 91
5, 71490, &, 3, 7, 91
5, 71520, {, 3, 60, 85
5, 71520, {, 3, 64, 94
5, 71520, &, 3, 7, 91
5, 71550, &, 3, 7, 90
5, 71580, &, 3, 7, 90
5, 71610, &, 3, 7, 90
5, 71640, &, 3, 7, 90
5, 71670, &, 3, 7, 89
5, 71700, &, 3, 7, 89
5, 71730, &, 3, 7, 89
5, 71760, &, 3, 7, 89
5, 71790, &, 3, 7, 89
5, 71820, &, 3, 7, 88
5, 71850, &, 3, 7, 88
5, 71880, &, 3, 7, 88
5, 71910, &, 3, 7, 88
5, 71940, &, 3, 7, 87
5, 71970, &, 3, 7, 87
5, 71990, {, 3, 60, 0
5, 71990, {, 3, 64, 0
5, 72000, &, 3, 7, 87
5, 72030, &, 3, 7, 87
5, 72060, &, 3, 7, 86
5, 72090, &, 3, 7, 86
5, 72120, &, 3, 7, 86
5, 72150, &, 3, 7, 86
5, 72180, &, 3, 7, 85
5, 72210, &, 3, 7, 85
5, 72240, {, 3, 69, 94
5, 72240, {, 3, 65, 91
5, 72240, &, 3, 7, 85
5, 72270, &, 3, 7, 85
5, 72300, &, 3, 7, 84
5, 72330, &, 3, 7, 84
5, 72360, &, 3, 7, 84
5, 72390, &, 3, 7, 84
5, 72420, &, 3, 7, 83
5, 72450, &, 3, 7, 83
5, 72475, {, 3, 69, 0
5, 72475, {, 3, 65, 0
5, 72480, {, 3, 67, 91
5, 72480, {, 3, 64, 91
5, 72480, &, 3, 7, 83
5, 72510, &, 3, 7, 83
5, 72540, &, 3, 7, 82
5, 72570, &, 3, 7, 82
5, 72600, &, 3, 7, 82
5, 72630, &, 3, 7, 82
5, 72660, &, 3, 7, 82
5, 72690, &, 3, 7, 81
5, 72715, {, 3, 67, 0
5, 72715, {, 3, 64, 0
5, 72720, {, 3, 65, 88
5, 72720, {, 3, 62, 88
5, 72720, &, 3, 7, 81
5, 72750, &, 3, 7, 81
5, 72780, &, 3, 7, 81
5, 72810, &, 3, 7, 80
5, 72840, &, 3, 7, 80
5, 72870, &, 3, 7, 80
5, 72900, &, 3, 7, 80
5, 72930, &, 3, 7, 79
5, 72955, {, 3, 65, 0
5, 72955, {, 3, 62, 0
5, 72960, &, 3, 7, 79
5, 72990, &, 3, 7, 79
5, 73020, &, 3, 7, 79
5, 73050, &, 3, 7, 78
5, 73080, &, 3, 7, 78
5, 73110, &, 3, 7, 78
5, 73140, &, 3, 7, 78
5, 73170, &, 3, 7, 77
5, 73200, &, 3, 7, 77
5, 73230, &, 3, 7, 77
5, 73260, &, 3, 7, 77
5, 73290, &, 3, 7, 76
5, 73320, &, 3, 7, 76
5, 73350, &, 3, 7, 76
5, 73380, &, 3, 7, 76
5, 73410, &, 3, 7, 75
5, 73440, {, 3, 60, 90
5, 73440, {, 3, 64, 94
5, 73440, &, 3, 7, 75
5, 73470, &, 3, 7, 75
5, 73500, &, 3, 7, 75
5, 73530, &, 3, 7, 74
5, 73560, &, 3, 7, 74
5, 73590, &, 3, 7, 74
5, 73620, &, 3, 7, 74
5, 73650, &, 3, 7, 74
5, 73680, &, 3, 7, 73
5, 73710, &, 3, 7, 73
5, 73740, &, 3, 7, 73
5, 73770, &, 3, 7, 73
5, 73800, &, 3, 7, 72
5, 73830, &, 3, 7, 72
5, 73860, &, 3, 7, 72
5, 73890, &, 3, 7, 72
5, 73910, {, 3, 60, 0
5, 73910, {, 3, 64, 0
5, 73920, &, 3, 7, 71
5, 73950, &, 3, 7, 71
5, 73980, &, 3, 7, 71
5, 74010, &, 3, 7, 71
5, 74040, &, 3, 7, 70
5, 74070, &, 3, 7, 70
5, 74100, &, 3, 7, 70
5, 74130, &, 3, 7, 70
5, 74160, &, 3, 7, 69
5, 74190, &, 3, 7, 69
5, 74220, &, 3, 7, 69
5, 74250, &, 3, 7, 69
5, 74280, &, 3, 7, 68
5, 74310, &, 3, 7, 68
5, 74340, &, 3, 7, 68
5, 74370, &, 3, 7, 68
5, 74400, {, 3, 60, 92
5, 74400, &, 3, 7, 67
5, 74430, &, 3, 7, 67
5, 74460, &, 3, 7, 67
5, 74490, &, 3, 7, 67
5, 74520, &, 3, 7, 67
5, 74550, &, 3, 7, 66
5, 74580, &, 3, 7, 66
5, 74610, &, 3, 7, 66
5, 74635, {, 3, 60, 0
5, 74640, {, 3, 65, 91
5, 74640, {, 3, 69, 91
5, 74640, &, 3, 7, 66
5, 74670, &, 3, 7, 65
5, 74700, &, 3, 7, 65
5, 74730, &, 3, 7, 65
5, 74760, &, 3, 7, 65
5, 74790, &, 3, 7, 64
5, 74820, &, 3, 7, 64
5, 74850, &, 3, 7, 64
5, 74875, {, 3, 65, 0
5, 74875, {, 3, 69, 0
5, 74880, &, 3, 7, 64
5, 74910, &, 3, 7, 63
5, 74940, &, 3, 7, 63
5, 74970, &, 3, 7, 63
5, 75000, &, 3, 7, 63
5, 75030, &, 3, 7, 62
5, 75060, &, 3, 7, 62
5, 75090, &, 3, 7, 62
5, 75120, &, 3, 7, 62
5, 75150, &, 3, 7, 61
5, 75180, &, 3, 7, 61
5, 75210, &, 3, 7, 61
5, 75240, &, 3, 7, 61
5, 75270, &, 3, 7, 60
5, 75300, &, 3, 7, 60
5, 75330, &, 3, 7, 60
5, 75360, {, 3, 60, 92
5, 75360, {, 3, 64, 92
5, 75360, &, 3, 7, 60
5, 75390, &, 3, 7, 60
5, 75420, &, 3, 7, 59
5, 75450, &, 3, 7, 59
5, 75480, &, 3, 7, 59
5, 75510, &, 3, 7, 59
5, 75540, &, 3, 7, 58
5, 75570, &, 3, 7, 58
5, 75600, &, 3, 7, 58
5, 75630, &, 3, 7, 58
5, 75660, &, 3, 7, 57
5, 75690, &, 3, 7, 57
5, 75720, &, 3, 7, 57
5, 75750, &, 3, 7, 57
5, 75780, &, 3, 7, 56
5, 75810, &, 3, 7, 56
5, 75830, {, 3, 60, 0
5, 75830, {, 3, 64, 0
5, 75840, &, 3, 7, 56
5, 75870, &, 3, 7, 56
5, 75900, &, 3, 7, 55
5, 75930, &, 3, 7, 55
5, 75960, &, 3, 7, 55
5, 75990, &, 3, 7, 55
5, 76020, &, 3, 7, 54
5, 76050, &, 3, 7, 54
5, 76080, &, 3, 7, 54
5, 76110, &, 3, 7, 54
5, 76140, &, 3, 7, 53
5, 76170, &, 3, 7, 53
5, 76200, &, 3, 7, 53
5, 76230, &, 3, 7, 53
5, 76260, &, 3, 7, 52
5, 76290, &, 3, 7, 52
5, 76320, {, 3, 62, 94
5, 76320, {, 3, 60, 86
5, 76320, &, 3, 7, 52
5, 76350, &, 3, 7, 52
5, 76380, &, 3, 7, 52
5, 76410, &, 3, 7, 51
5, 76440, &, 3, 7, 51
5, 76470, &, 3, 7, 51
5, 76500, &, 3, 7, 51
5, 76530, &, 3, 7, 50
5, 76555, {, 3, 62, 0
5, 76555, {, 3, 60, 0
5, 76560, {, 3, 65, 94
5, 76560, &, 3, 7, 50
5, 76590, &, 3, 7, 50
5, 76620, &, 3, 7, 50
5, 76650, &, 3, 7, 49
5, 76680, &, 3, 7, 49
5, 76710, &, 3, 7, 49
5, 76740, &, 3, 7, 49
5, 76770, &, 3, 7, 48
5, 76795, {, 3, 65, 0
5, 76800, &, 3, 7, 47
5, 76830, &, 3, 7, 47
5, 76860, &, 3, 7, 46
5, 76890, &, 3, 7, 45
5, 76920, &, 3, 7, 45
5, 76950, &, 3, 7, 44
5, 76980, &, 3, 7, 43
5, 77010, &, 3, 7, 43
5, 77040, &, 3, 7, 42
5, 77070, &, 3, 7, 41
5, 77100, &, 3, 7, 40
5, 77130, &, 3, 7, 40
5, 77160, &, 3, 7, 39
5, 77190, &, 3, 7, 38
5, 77220, &, 3, 7, 38
5, 77250, &, 3, 7, 37
5, 77280, {, 3, 60, 92
5, 77280, {, 3, 64, 92
5, 77280, &, 3, 7, 36
5, 77310, &, 3, 7, 35
5, 77340, &, 3, 7, 35
5, 77370, &, 3, 7, 34
5, 77400, &, 3, 7, 33
5, 77430, &, 3, 7, 33
5, 77460, &, 3, 7, 32
5, 77490, &, 3, 7, 31
5, 77520, &, 3, 7, 30
5, 77550, &, 3, 7, 30
5, 77580, &, 3, 7, 29
5, 77610, &, 3, 7, 28
5, 77640, &, 3, 7, 28
5, 77670, &, 3, 7, 27
5, 77700, &, 3, 7, 26
5, 77730, &, 3, 7, 25
5, 77750, {, 3, 60, 0
5, 77750, {, 3, 64, 0
5, 77760, &, 3, 7, 25
5, 77790, &, 3, 7, 24
5, 77820, &, 3, 7, 23
5, 77850, &, 3, 7, 23
5, 77880, &, 3, 7, 22
5, 77910, &, 3, 7, 21
5, 77940, &, 3, 7, 20
5, 77970, &, 3, 7, 20
5, 78000, {, 3, 55, 88
5, 78000, {, 3, 65, 94
5, 78000, &, 3, 7, 19
5, 78030, &, 3, 7, 18
5, 78060, &, 3, 7, 18
5, 78090, &, 3, 7, 17
5, 78120, &, 3, 7, 16
5, 78150, &, 3, 7, 15
5, 78180, &, 3, 7, 15
5, 78210, &, 3, 7, 14
5, 78235, {, 3, 55, 0
5, 78235, {, 3, 65, 0
5, 78240, {, 3, 59, 84
5, 78240, {, 3, 64, 94
5, 78240, &, 3, 7, 13
5, 78270, &, 3, 7, 13
5, 78300, &, 3, 7, 12
5, 78330, &, 3, 7, 11
5, 78360, &, 3, 7, 10
5, 78390, &, 3, 7, 10
5, 78420, &, 3, 7, 9
5, 78450, &, 3, 7, 8
5, 78475, {, 3, 59, 0
5, 78475, {, 3, 64, 0
5, 78480, {, 3, 62, 89
5, 78480, &, 3, 7, 8
5, 78510, &, 3, 7, 7
5, 78540, &, 3, 7, 6
5, 78570, &, 3, 7, 5
5, 78600, &, 3, 7, 5
5, 78630, &, 3, 7, 4
5, 78660, &, 3, 7, 3
5, 78690, &, 3, 7, 3
5, 78715, {, 3, 62, 0
5, 78715, \
6, 0, /
6, 0, ~, ""
6, 0, &, 4, 0, 0
6, 0, &, 4, 32, 64
6, 0, ;, 4, 4
6, 0, +, 4, 8192
6, 0, &, 4, 1, 0
6, 0, &, 4, 7, 127
6, 0, &, 4, 10, 70
6, 0, &, 4, 11, 115
6, 0, &, 4, 91, 70
6, 0, &, 4, 93, 20
6, 0, &, 4, 99, 1
6, 0, &, 4, 98, 32
6, 0, &, 4, 6, 70
6, 1920, {, 4, 65, 87
6, 1920, {, 4, 69, 106
6, 2160, {, 4, 67, 87
6, 2160, {, 4, 71, 106
6, 2210, {, 4, 65, 0
6, 2210, {, 4, 69, 0
6, 2400, {, 4, 69, 87
6, 2400, {, 4, 72, 106
6, 2450, {, 4, 67, 0
6, 2450, {, 4, 71, 0
6, 2640, {, 4, 69, 0
6, 2640, {, 4, 69, 87
6, 2640, {, 4, 74, 106
6, 2690, {, 4, 72, 0
6, 5251, {, 4, 69, 0
6, 5251, {, 4, 74, 0
6, 5760, {, 4, 65, 87
6, 5760, {, 4, 69, 106
6, 6000, {, 4, 67, 87
6, 6000, {, 4, 71, 106
6, 6050, {, 4, 65, 0
6, 6050, {, 4, 69, 0
6, 6240, {, 4, 69, 87
6, 6240, {, 4, 72, 106
6, 6290, {, 4, 67, 0
6, 6290, {, 4, 71, 0
6, 6480, {, 4, 67, 87
6, 6480, {, 4, 71, 106
6, 6530, {, 4, 69, 0
6, 6530, {, 4, 72, 0
6, 6960, {, 4, 62, 87
6, 7010, {, 4, 71, 0
6, 7440, {, 4, 62, 0
6, 7440, {, 4, 62, 87
6, 7440, {, 4, 64, 106
6, 7490, {, 4, 67, 0
6, 7680, {, 4, 60, 87
6, 7680, {, 4, 65, 106
6, 7730, {, 4, 62, 0
6, 7730, {, 4, 64, 0
6, 8150, {, 4, 60, 0
6, 8150, {, 4, 65, 0
6, 8160, {, 4, 57, 87
6, 8160, {, 4, 62, 106
6, 11011, {, 4, 57, 0
6, 11011, {, 4, 62, 0
6, 11520, {, 4, 65, 87
6, 11520, {, 4, 69, 106
6, 11760, {, 4, 67, 87
6, 11760, {, 4, 71, 106
6, 11810, {, 4, 65, 0
6, 11810, {, 4, 69, 0
6, 12000, {, 4, 69, 87
6, 12000, {, 4, 72, 106
6, 12050, {, 4, 67, 0
6, 12050, {, 4, 71, 0
6, 12240, {, 4, 69, 0
6, 12240, {, 4, 69, 87
6, 12240, {, 4, 74, 106
6, 12290, {, 4, 72, 0
6, 14851, {, 4, 69, 0
6, 14851, {, 4, 74, 0
6, 15360, {, 4, 65, 87
6, 15360, {, 4, 69, 106
6, 15600, {, 4, 67, 87
6, 15600, {, 4, 71, 106
6, 15650, {, 4, 65, 0
6, 15650, {, 4, 69, 0
6, 15840, {, 4, 69, 87
6, 15840, {, 4, 72, 106
6, 15890, {, 4, 67, 0
6, 15890, {, 4, 71, 0
6, 16080, {, 4, 67, 87
6, 16080, {, 4, 71, 106
6, 16130, {, 4, 69, 0
6, 16130, {, 4, 72, 0
6, 16560, {, 4, 62, 87
6, 16610, {, 4, 71, 0
6, 17040, {, 4, 62, 0
6, 17040, {, 4, 62, 87
6, 17040, {, 4, 64, 106
6, 17090, {, 4, 67, 0
6, 17280, {, 4, 60, 87
6, 17280, {, 4, 65, 106
6, 17330, {, 4, 62, 0
6, 17330, {, 4, 64, 0
6, 17750, {, 4, 60, 0
6, 17750, {, 4, 65, 0
6, 17760, {, 4, 57, 87
6, 17760, {, 4, 62, 106
6, 20611, {, 4, 57, 0
6, 20611, {, 4, 62, 0
6, 21120, {, 4, 76, 100
6, 21120, {, 4, 60, 100
6, 21355, {, 4, 76, 0
6, 21355, {, 4, 60, 0
6, 21360, {, 4, 77, 105
6, 21360, {, 4, 62, 105
6, 21595, {, 4, 77, 0
6, 21595, {, 4, 62, 0
6, 21600, {, 4, 79, 109
6, 21600, {, 4, 64, 109
6, 21835, {, 4, 79, 0
6, 21835, {, 4, 64, 0
6, 21840, {, 4, 83, 106
6, 21840, {, 4, 67, 106
6, 22315, {, 4, 83, 0
6, 22315, {, 4, 67, 0
6, 22320, {, 4, 81, 101
6, 22320, {, 4, 65, 101
6, 22795, {, 4, 81, 0
6, 22795, {, 4, 65, 0
6, 22800, {, 4, 77, 91
6, 22800, {, 4, 60, 91
6, 23035, {, 4, 77, 0
6, 23035, {, 4, 60, 0
6, 23040, {, 4, 81, 102
6, 23040, {, 4, 65, 102
6, 23275, {, 4, 81, 0
6, 23275, {, 4, 65, 0
6, 23280, {, 4, 79, 98
6, 23280, {, 4, 64, 98
6, 23515, {, 4, 79, 0
6, 23515, {, 4, 64, 0
6, 23520, {, 4, 79, 99
6, 23520, {, 4, 64, 99
6, 24931, {, 4, 79, 0
6, 24931, {, 4, 64, 0
6, 26880, {, 4, 72, 89
6, 26880, {, 4, 60, 89
6, 27115, {, 4, 72, 0
6, 27115, {, 4, 60, 0
6, 27120, {, 4, 74, 97
6, 27120, {, 4, 62, 97
6, 27355, {, 4, 74, 0
6, 27355, {, 4, 62, 0
6, 27360, {, 4, 76, 94
6, 27360, {, 4, 64, 94
6, 27595, {, 4, 76, 0
6, 27595, {, 4, 64, 0
6, 27600, {, 4, 79, 95
6, 27600, {, 4, 67, 95
6, 28075, {, 4, 79, 0
6, 28075, {, 4, 67, 0
6, 28080, {, 4, 77, 94
6, 28080, {, 4, 65, 94
6, 28555, {, 4, 77, 0
6, 28555, {, 4, 65, 0
6, 28560, {, 4, 74, 88
6, 28560, {, 4, 62, 88
6, 28795, {, 4, 74, 0
6, 28795, {, 4, 62, 0
6, 28800, {, 4, 77, 96
6, 28800, {, 4, 65, 96
6, 29035, {, 4, 77, 0
6, 29035, {, 4, 65, 0
6, 29040, {, 4, 76, 91
6, 29040, {, 4, 64, 91
6, 29275, {, 4, 76, 0
6, 29275, {, 4, 64, 0
6, 29280, {, 4, 76, 92
6, 29280, {, 4, 64, 92
6, 30691, {, 4, 76, 0
6, 30691, {, 4, 64, 0
6, 32640, {, 4, 53, 72
6, 32875, {, 4, 53, 0
6, 32880, {, 4, 55, 73
6, 33115, {, 4, 55, 0
6, 33120, {, 4, 57, 74
6, 33355, {, 4, 57, 0
6, 33360, {, 4, 55, 71
6, 33835, {, 4, 55, 0
6, 33840, {, 4, 55, 68
6, 34315, {, 4, 55, 0
6, 34320, {, 4, 55, 65
6, 34795, {, 4, 55, 0
6, 34800, {, 4, 55, 70
6, 35035, {, 4, 55, 0
6, 35040, {, 4, 60, 69
6, 35510, {, 4, 60, 0
6, 35760, {, 4, 57, 68
6, 36000, {, 4, 62, 67
6, 36000, {, 4, 60, 67
6, 36235, {, 4, 62, 0
6, 36235, {, 4, 60, 0
6, 36470, {, 4, 57, 0
6, 36960, {, 4, 55, 67
6, 36960, {, 4, 60, 67
6, 37430, {, 4, 55, 0
6, 37430, {, 4, 60, 0
6, 37920, {, 4, 62, 68
6, 37920, {, 4, 60, 68
6, 38390, {, 4, 62, 0
6, 38390, {, 4, 60, 0
6, 67200, {, 4, 76, 100
6, 67200, {, 4, 60, 100
6, 67200, &, 4, 7, 125
6, 67230, &, 4, 7, 125
6, 67260, &, 4, 7, 125
6, 67290, &, 4, 7, 125
6, 67320, &, 4, 7, 125
6, 67350, &, 4, 7, 124
6, 67380, &, 4, 7, 124
6, 67410, &, 4, 7, 124
6, 67435, {, 4, 76, 0
6, 67435, {, 4, 60, 0
6, 67440, {, 4, 77, 105
6, 67440, {, 4, 62, 105
6, 67440, &, 4, 7, 124
6, 67470, &, 4, 7, 123
6, 67500, &, 4, 7, 123
6, 67530, &, 4, 7, 123
6, 67560, &, 4, 7, 123
6, 67590, &, 4, 7, 122
6, 67620, &, 4, 7, 122
6, 67650, &, 4, 7, 122
6, 67675, {, 4, 77, 0
6, 67675, {, 4, 62, 0
6, 67680, {, 4, 79, 109
6, 67680, {, 4, 64, 109
6, 67680, &, 4, 7, 122
6, 67710, &, 4, 7, 121
6, 67740, &, 4, 7, 121
6, 67770, &, 4, 7, 121
6, 67800, &, 4, 7, 121
6, 67830, &, 4, 7, 120
6, 67860, &, 4, 7, 120
6, 67890, &, 4, 7, 120
6, 67915, {, 4, 79, 0
6, 67915, {, 4, 64, 0
6, 67920, {, 4, 83, 106
6, 67920, {, 4, 67, 106
6, 67920, &, 4, 7, 120
6, 67950, &, 4, 7, 119
6, 67980, &, 4, 7, 119
6, 68010, &, 4, 7, 119
6, 68040, &, 4, 7, 119
6, 68070, &, 4, 7, 118
6, 68100, &, 4, 7, 118
6, 68130, &, 4, 7, 118
6, 68160, &, 4, 7, 118
6, 68190, &, 4, 7, 118
6, 68220, &, 4, 7, 117
6, 68250, &, 4, 7, 117
6, 68280, &, 4, 7, 117
6, 68310, &, 4, 7, 117
6, 68340, &, 4, 7, 116
6, 68370, &, 4, 7, 116
6, 68395, {, 4, 83, 0
6, 68395, {, 4, 67, 0
6, 68400, {, 4, 81, 101
6, 68400, {, 4, 65, 101
6, 68400, &, 4, 7, 116
6, 68430, &, 4, 7, 116
6, 68460, &, 4, 7, 115
6, 68490, &, 4, 7, 115
6, 68520, &, 4, 7, 115
6, 68550, &, 4, 7, 115
6, 68580, &, 4, 7, 114
6, 68610, &, 4, 7, 114
6, 68640, &, 4, 7, 114
6, 68670, &, 4, 7, 114
6, 68700, &, 4, 7, 113
6, 68730, &, 4, 7, 113
6, 68760, &, 4, 7, 113
6, 68790, &, 4, 7, 113
6, 68820, &, 4, 7, 112
6, 68850, &, 4, 7, 112
6, 68875, {, 4, 81, 0
6, 68875, {, 4, 65, 0
6, 68880, {, 4, 77, 91
6, 68880, {, 4, 60, 91
6, 68880, &, 4, 7, 112
6, 68910, &, 4, 7, 112
6, 68940, &, 4, 7, 111
6, 68970, &, 4, 7, 111
6, 69000, &, 4, 7, 111
6, 69030, &, 4, 7, 111
6, 69060, &, 4, 7, 110
6, 69090, &, 4, 7, 110
6, 69115, {, 4, 77, 0
6, 69115, {, 4, 60, 0
6, 69120, {, 4, 81, 102
6, 69120, {, 4, 65, 102
6, 69120, &, 4, 7, 110
6, 69150, &, 4, 7, 110
6, 69180, &, 4, 7, 110
6, 69210, &, 4, 7, 109
6, 69240, &, 4, 7, 109
6, 69270, &, 4, 7, 109
6, 69300, &, 4, 7, 109
6, 69330, &, 4, 7, 108
6, 69355, {, 4, 81, 0
6, 69355, {, 4, 65, 0
6, 69360, {, 4, 79, 98
6, 69360, {, 4, 64, 98
6, 69360, &, 4, 7, 108
6, 69390, &, 4, 7, 108
6, 69420, &, 4, 7, 108
6, 69450, &, 4, 7, 107
6, 69480, &, 4, 7, 107
6, 69510, &, 4, 7, 107
6, 69540, &, 4, 7, 107
6, 69570, &, 4, 7, 106
6, 69595, {, 4, 79, 0
6, 69595, {, 4, 64, 0
6, 69600, {, 4, 79, 99
6, 69600, {, 4, 64, 99
6, 69600, &, 4, 7, 106
6, 69630, &, 4, 7, 106
6, 69660, &, 4, 7, 106
6, 69690, &, 4, 7, 105
6, 69720, &, 4, 7, 105
6, 69750, &, 4, 7, 105
6, 69780, &, 4, 7, 105
6, 69810, &, 4, 7, 104
6, 69840, &, 4, 7, 104
6, 69870, &, 4, 7, 104
6, 69900, &, 4, 7, 104
6, 69930, &, 4, 7, 103
6, 69960, &, 4, 7, 103
6, 69990, &, 4, 7, 103
6, 70020, &, 4, 7, 103
6, 70050, &, 4, 7, 102
6, 70080, &, 4, 7, 102
6, 70110, &, 4, 7, 102
6, 70140, &, 4, 7, 102
6, 70170, &, 4, 7, 102
6, 70200, &, 4, 7, 101
6, 70230, &, 4, 7, 101
6, 70260, &, 4, 7, 101
6, 70290, &, 4, 7, 101
6, 70320, &, 4, 7, 100
6, 70350, &, 4, 7, 100
6, 70380, &, 4, 7, 100
6, 70410, &, 4, 7, 100
6, 70440, &, 4, 7, 99
6, 70470, &, 4, 7, 99
6, 70500, &, 4, 7, 99
6, 70530, &, 4, 7, 99
6, 70560, &, 4, 7, 98
6, 70590, &, 4, 7, 98
6, 70620, &, 4, 7, 98
6, 70650, &, 4, 7, 98
6, 70680, &, 4, 7, 97
6, 70710, &, 4, 7, 97
6, 70740, &, 4, 7, 97
6, 70770, &, 4, 7, 97
6, 70800, &, 4, 7, 96
6, 70830, &, 4, 7, 96
6, 70860, &, 4, 7, 96
6, 70890, &, 4, 7, 96
6, 70920, &, 4, 7, 95
6, 70950, &, 4, 7, 95
6, 70980, &, 4, 7, 95
6, 71010, &, 4, 7, 95
6, 71011, {, 4, 79, 0
6, 71011, {, 4, 64, 0
6, 71040, &, 4, 7, 95
6, 71070, &, 4, 7, 94
6, 71100, &, 4, 7, 94
6, 71130, &, 4, 7, 94
6, 71160, &, 4, 7, 94
6, 71190, &, 4, 7, 93
6, 71220, &, 4, 7, 93
6, 71250, &, 4, 7, 93
6, 71280, &, 4, 7, 93
6, 71310, &, 4, 7, 92
6, 71340, &, 4, 7, 92
6, 71370, &, 4, 7, 92
6, 71400, &, 4, 7, 92
6, 71430, &, 4, 7, 91
6, 71460, &, 4, 7, 91
6, 71490, &, 4, 7, 91
6, 71520, &, 4, 7, 91
6, 71550, &, 4, 7, 90
6, 71580, &, 4, 7, 90
6, 71610, &, 4, 7, 90
6, 71640, &, 4, 7, 90
6, 71670, &, 4, 7, 89
6, 71700, &, 4, 7, 89
6, 71730, &, 4, 7, 89
6, 71760, &, 4, 7, 89
6, 71790, &, 4, 7, 88
6, 71820, &, 4, 7, 88
6, 71850, &, 4, 7, 88
6, 71880, &, 4, 7, 88
6, 71910, &, 4, 7, 87
6, 71940, &, 4, 7, 87
6, 71970, &, 4, 7, 87
6, 72000, &, 4, 7, 87
6, 72030, &, 4, 7, 87
6, 72060, &, 4, 7, 86
6, 72090, &, 4, 7, 86
6, 72120, &, 4, 7, 86
6, 72150, &, 4, 7, 86
6, 72180, &, 4, 7, 85
6, 72210, &, 4, 7, 85
6, 72240, &, 4, 7, 85
6, 72270, &, 4, 7, 85
6, 72300, &, 4, 7, 84
6, 72330, &, 4, 7, 84
6, 72360, &, 4, 7, 84
6, 72390, &, 4, 7, 84
6, 72420, &, 4, 7, 83
6, 72450, &, 4, 7, 83
6, 72480, &, 4, 7, 83
6, 72510, &, 4, 7, 83
6, 72540, &, 4, 7, 82
6, 72570, &, 4, 7, 82
6, 72600, &, 4, 7, 82
6, 72630, &, 4, 7, 82
6, 72660, &, 4, 7, 81
6, 72690, &, 4, 7, 81
6, 72720, &, 4, 7, 81
6, 72750, &, 4, 7, 81
6, 72780, &, 4, 7, 80
6, 72810, &, 4, 7, 80
6, 72840, &, 4, 7, 80
6, 72870, &, 4, 7, 80
6, 72900, &, 4, 7, 79
6, 72930, &, 4, 7, 79
6, 72960, {, 4, 72, 89
6, 72960, {, 4, 60, 89
6, 72960, &, 4, 7, 79
6, 72990, &, 4, 7, 79
6, 73020, &, 4, 7, 79
6, 73050, &, 4, 7, 78
6, 73080, &, 4, 7, 78
6, 73110, &, 4, 7, 78
6, 73140, &, 4, 7, 78
6, 73170, &, 4, 7, 77
6, 73195, {, 4, 72, 0
6, 73195, {, 4, 60, 0
6, 73200, {, 4, 74, 97
6, 73200, {, 4, 62, 97
6, 73200, &, 4, 7, 77
6, 73230, &, 4, 7, 77
6, 73260, &, 4, 7, 77
6, 73290, &, 4, 7, 76
6, 73320, &, 4, 7, 76
6, 73350, &, 4, 7, 76
6, 73380, &, 4, 7, 76
6, 73410, &, 4, 7, 75
6, 73435, {, 4, 74, 0
6, 73435, {, 4, 62, 0
6, 73440, {, 4, 76, 94
6, 73440, {, 4, 64, 94
6, 73440, &, 4, 7, 75
6, 73470, &, 4, 7, 75
6, 73500, &, 4, 7, 75
6, 73530, &, 4, 7, 74
6, 73560, &, 4, 7, 74
6, 73590, &, 4, 7, 74
6, 73620, &, 4, 7, 74
6, 73650, &, 4, 7, 73
6, 73675, {, 4, 76, 0
6, 73675, {, 4, 64, 0
6, 73680, {, 4, 79, 95
6, 73680, {, 4, 67, 95
6, 73680, &, 4, 7, 73
6, 73710, &, 4, 7, 73
6, 73740, &, 4, 7, 73
6, 73770, &, 4, 7, 72
6, 73800, &, 4, 7, 72
6, 73830, &, 4, 7, 72
6, 73860, &, 4, 7, 72
6, 73890, &, 4, 7, 71
6, 73920, &, 4, 7, 71
6, 73950, &, 4, 7, 71
6, 73980, &, 4, 7, 71
6, 74010, &, 4, 7, 71
6, 74040, &, 4, 7, 70
6, 74070, &, 4, 7, 70
6, 74100, &, 4, 7, 70
6, 74130, &, 4, 7, 70
6, 74155, {, 4, 79, 0
6, 74155, {, 4, 67, 0
6, 74160, {, 4, 77, 94
6, 74160, {, 4, 65, 94
6, 74160, &, 4, 7, 69
6, 74190, &, 4, 7, 69
6, 74220, &, 4, 7, 69
6, 74250, &, 4, 7, 69
6, 74280, &, 4, 7, 68
6, 74310, &, 4, 7, 68
6, 74340, &, 4, 7, 68
6, 74370, &, 4, 7, 68
6, 74400, &, 4, 7, 67
6, 74430, &, 4, 7, 67
6, 74460, &, 4, 7, 67
6, 74490, &, 4, 7, 67
6, 74520, &, 4, 7, 66
6, 74550, &, 4, 7, 66
6, 74580, &, 4, 7, 66
6, 74610, &, 4, 7, 66
6, 74635, {, 4, 77, 0
6, 74635, {, 4, 65, 0
6, 74640, {, 4, 74, 88
6, 74640, {, 4, 62, 88
6, 74640, &, 4, 7, 65
6, 74670, &, 4, 7, 65
6, 74700, &, 4, 7, 65
6, 74730, &, 4, 7, 65
6, 74760, &, 4, 7, 64
6, 74790, &, 4, 7, 64
6, 74820, &, 4, 7, 64
6, 74850, &, 4, 7, 64
6, 74875, {, 4, 74, 0
6, 74875, {, 4, 62, 0
6, 74880, {, 4, 77, 96
6, 74880, {, 4, 65, 96
6, 74880, &, 4, 7, 64
6, 74910, &, 4, 7, 63
6, 74940, &, 4, 7, 63
6, 74970, &, 4, 7, 63
6, 75000, &, 4, 7, 63
6, 75030, &, 4, 7, 62
6, 75060, &, 4, 7, 62
6, 75090, &, 4, 7, 62
6, 75115, {, 4, 77, 0
6, 75115, {, 4, 65, 0
6, 75120, {, 4, 76, 91
6, 75120, {, 4, 64, 91
6, 75120, &, 4, 7, 62
6, 75150, &, 4, 7, 61
6, 75180, &, 4, 7, 61
6, 75210, &, 4, 7, 61
6, 75240, &, 4, 7, 61
6, 75270, &, 4, 7, 60
6, 75300, &, 4, 7, 60
6, 75330, &, 4, 7, 60
6, 75355, {, 4, 76, 0
6, 75355, {, 4, 64, 0
6, 75360, {, 4, 76, 92
6, 75360, {, 4, 64, 92
6, 75360, &, 4, 7, 60
6, 75390, &, 4, 7, 59
6, 75420, &, 4, 7, 59
6, 75450, &, 4, 7, 59
6, 75480, &, 4, 7, 59
6, 75510, &, 4, 7, 58
6, 75540, &, 4, 7, 58
6, 75570, &, 4, 7, 58
6, 75600, &, 4, 7, 58
6, 75630, &, 4, 7, 57
6, 75660, &, 4, 7, 57
6, 75690, &, 4, 7, 57
6, 75720, &, 4, 7, 57
6, 75750, &, 4, 7, 56
6, 75780, &, 4, 7, 56
6, 75810, &, 4, 7, 56
6, 75840, &, 4, 7, 56
6, 75870, &, 4, 7, 56
6, 75900, &, 4, 7, 55
6, 75930, &, 4, 7, 55
6, 75960, &, 4, 7, 55
6, 75990, &, 4, 7, 55
6, 76020, &, 4, 7, 54
6, 76050, &, 4, 7, 54
6, 76080, &, 4, 7, 54
6, 76110, &, 4, 7, 54
6, 76140, &, 4, 7, 53
6, 76170, &, 4, 7, 53
6, 76200, &, 4, 7, 53
6, 76230, &, 4, 7, 53
6, 76260, &, 4, 7, 52
6, 76290, &, 4, 7, 52
6, 76320, &, 4, 7, 52
6, 76350, &, 4, 7, 52
6, 76380, &, 4, 7, 51
6, 76410, &, 4, 7, 51
6, 76440, &, 4, 7, 51
6, 76470, &, 4, 7, 51
6, 76500, &, 4, 7, 50
6, 76530, &, 4, 7, 50
6, 76560, &, 4, 7, 50
6, 76590, &, 4, 7, 50
6, 76620, &, 4, 7, 49
6, 76650, &, 4, 7, 49
6, 76680, &, 4, 7, 49
6, 76710, &, 4, 7, 49
6, 76740, &, 4, 7, 48
6, 76770, &, 4, 7, 48
6, 76771, {, 4, 76, 0
6, 76771, {, 4, 64, 0
6, 76800, &, 4, 7, 48
6, 76814, &, 4, 7, 47
6, 76844, &, 4, 7, 47
6, 76874, &, 4, 7, 46
6, 76904, &, 4, 7, 45
6, 76934, &, 4, 7, 45
6, 76964, &, 4, 7, 44
6, 76994, &, 4, 7, 43
6, 77024, &, 4, 7, 43
6, 77054, &, 4, 7, 42
6, 77084, &, 4, 7, 41
6, 77114, &, 4, 7, 40
6, 77144, &, 4, 7, 40
6, 77174, &, 4, 7, 39
6, 77204, &, 4, 7, 38
6, 77234, &, 4, 7, 38
6, 77264, &, 4, 7, 37
6, 77294, &, 4, 7, 36
6, 77324, &, 4, 7, 35
6, 77354, &, 4, 7, 35
6, 77384, &, 4, 7, 34
6, 77414, &, 4, 7, 33
6, 77444, &, 4, 7, 33
6, 77474, &, 4, 7, 32
6, 77504, &, 4, 7, 31
6, 77534, &, 4, 7, 31
6, 77564, &, 4, 7, 30
6, 77594, &, 4, 7, 29
6, 77624, &, 4, 7, 28
6, 77654, &, 4, 7, 28
6, 77684, &, 4, 7, 27
6, 77714, &, 4, 7, 26
6, 77744, &, 4, 7, 26
6, 77774, &, 4, 7, 25
6, 77804, &, 4, 7, 24
6, 77834, &, 4, 7, 23
6, 77864, &, 4, 7, 23
6, 77894, &, 4, 7, 22
6, 77924, &, 4, 7, 21
6, 77954, &, 4, 7, 21
6, 77984, &, 4, 7, 20
6, 78014, &, 4, 7, 19
6, 78044, &, 4, 7, 18
6, 78074, &, 4, 7, 18
6, 78104, &, 4, 7, 17
6, 78134, &, 4, 7, 16
6, 78164, &, 4, 7, 16
6, 78194, &, 4, 7, 15
6, 78224, &, 4, 7, 14
6, 78254, &, 4, 7, 14
6, 78284, &, 4, 7, 13
6, 78314, &, 4, 7, 12
6, 78344, &, 4, 7, 11
6, 78374, &, 4, 7, 11
6, 78404, &, 4, 7, 10
6, 78434, &, 4, 7, 9
6, 78464, &, 4, 7, 9
6, 78494, &, 4, 7, 8
6, 78524, &, 4, 7, 7
6, 78554, &, 4, 7, 6
6, 78584, &, 4, 7, 6
6, 78614, &, 4, 7, 5
6, 78644, &, 4, 7, 4
6, 78674, &, 4, 7, 4
6, 78704, &, 4, 7, 3
6, 78704, \
7, 0, /
7, 0, ~, ""
7, 0, &, 5, 0, 0
7, 0, &, 5, 32, 64
7, 0, ;, 5, 4
7, 0, +, 5, 8192
7, 0, &, 5, 1, 0
7, 0, &, 5, 7, 127
7, 0, &, 5, 10, 37
7, 0, &, 5, 11, 115
7, 0, &, 5, 91, 70
7, 0, &, 5, 93, 20
7, 0, &, 5, 99, 1
7, 0, &, 5, 98, 32
7, 0, &, 5, 6, 70
7, 1920, {, 5, 64, 96
7, 2160, {, 5, 62, 94
7, 2210, {, 5, 64, 0
7, 2400, {, 5, 60, 90
7, 2450, {, 5, 62, 0
7, 2640, {, 5, 62, 98
7, 2690, {, 5, 60, 0
7, 5251, {, 5, 62, 0
7, 5760, {, 5, 64, 96
7, 6000, {, 5, 62, 93
7, 6050, {, 5, 64, 0
7, 6240, {, 5, 60, 90
7, 6290, {, 5, 62, 0
7, 6480, {, 5, 62, 98
7, 6530, {, 5, 60, 0
7, 6960, {, 5, 59, 92
7, 7010, {, 5, 62, 0
7, 7440, {, 5, 59, 0
7, 7440, {, 5, 59, 90
7, 7680, {, 5, 57, 93
7, 7730, {, 5, 59, 0
7, 8150, {, 5, 57, 0
7, 8160, {, 5, 62, 86
7, 11011, {, 5, 62, 0
7, 11520, {, 5, 64, 96
7, 11760, {, 5, 62, 94
7, 11810, {, 5, 64, 0
7, 12000, {, 5, 60, 90
7, 12050, {, 5, 62, 0
7, 12240, {, 5, 62, 98
7, 12290, {, 5, 60, 0
7, 14851, {, 5, 62, 0
7, 15360, {, 5, 64, 96
7, 15600, {, 5, 62, 93
7, 15650, {, 5, 64, 0
7, 15840, {, 5, 60, 90
7, 15890, {, 5, 62, 0
7, 16080, {, 5, 62, 98
7, 16130, {, 5, 60, 0
7, 16560, {, 5, 59, 92
7, 16610, {, 5, 62, 0
7, 17040, {, 5, 59, 0
7, 17040, {, 5, 59, 90
7, 17280, {, 5, 57, 93
7, 17330, {, 5, 59, 0
7, 17750, {, 5, 57, 0
7, 17760, {, 5, 62, 86
7, 20611, {, 5, 62, 0
7, 21120, {, 5, 64, 75
7, 21355, {, 5, 64, 0
7, 21360, {, 5, 65, 81
7, 21595, {, 5, 65, 0
7, 21600, {, 5, 67, 84
7, 21835, {, 5, 67, 0
7, 21840, {, 5, 71, 81
7, 22315, {, 5, 71, 0
7, 22320, {, 5, 69, 78
7, 22795, {, 5, 69, 0
7, 22800, {, 5, 65, 69
7, 23035, {, 5, 65, 0
7, 23040, {, 5, 69, 78
7, 23275, {, 5, 69, 0
7, 23280, {, 5, 67, 75
7, 23515, {, 5, 67, 0
7, 23520, {, 5, 67, 75
7, 24931, {, 5, 67, 0
7, 26880, {, 5, 64, 75
7, 27115, {, 5, 64, 0
7, 27120, {, 5, 65, 81
7, 27355, {, 5, 65, 0
7, 27360, {, 5, 67, 84
7, 27595, {, 5, 67, 0
7, 27600, {, 5, 71, 81
7, 28075, {, 5, 71, 0
7, 28080, {, 5, 69, 78
7, 28555, {, 5, 69, 0
7, 28560, {, 5, 65, 69
7, 28795, {, 5, 65, 0
7, 28800, {, 5, 69, 78
7, 29035, {, 5, 69, 0
7, 29040, {, 5, 67, 75
7, 29275, {, 5, 67, 0
7, 29280, {, 5, 67, 75
7, 30691, {, 5, 67, 0
7, 67185, &, 5, 7, 126
7, 67200, {, 5, 64, 75
7, 67214, &, 5, 7, 126
7, 67244, &, 5, 7, 126
7, 67274, &, 5, 7, 126
7, 67304, &, 5, 7, 126
7, 67334, &, 5, 7, 126
7, 67364, &, 5, 7, 125
7, 67394, &, 5, 7, 125
7, 67424, &, 5, 7, 125
7, 67435, {, 5, 64, 0
7, 67440, {, 5, 65, 81
7, 67454, &, 5, 7, 125
7, 67484, &, 5, 7, 124
7, 67514, &, 5, 7, 124
7, 67544, &, 5, 7, 124
7, 67574, &, 5, 7, 124
7, 67604, &, 5, 7, 123
7, 67634, &, 5, 7, 123
7, 67664, &, 5, 7, 123
7, 67675, {, 5, 65, 0
7, 67680, {, 5, 67, 84
7, 67694, &, 5, 7, 123
7, 67724, &, 5, 7, 122
7, 67754, &, 5, 7, 122
7, 67784, &, 5, 7, 122
7, 67814, &, 5, 7, 122
7, 67844, &, 5, 7, 121
7, 67874, &, 5, 7, 121
7, 67904, &, 5, 7, 121
7, 67915, {, 5, 67, 0
7, 67920, {, 5, 71, 81
7, 67934, &, 5, 7, 121
7, 67964, &, 5, 7, 120
7, 67994, &, 5, 7, 120
7, 68024, &, 5, 7, 120
7, 68054, &, 5, 7, 120
7, 68084, &, 5, 7, 119
7, 68114, &, 5, 7, 119
7, 68144, &, 5, 7, 119
7, 68174, &, 5, 7, 119
7, 68204, &, 5, 7, 118
7, 68234, &, 5, 7, 118
7, 68264, &, 5, 7, 118
7, 68294, &, 5, 7, 118
7, 68324, &, 5, 7, 117
7, 68354, &, 5, 7, 117
7, 68384, &, 5, 7, 117
7, 68395, {, 5, 71, 0
7, 68400, {, 5, 69, 78
7, 68414, &, 5, 7, 117
7, 68444, &, 5, 7, 117
7, 68474, &, 5, 7, 116
7, 68504, &, 5, 7, 116
7, 68534, &, 5, 7, 116
7, 68564, &, 5, 7, 116
7, 68594, &, 5, 7, 115
7, 68624, &, 5, 7, 115
7, 68654, &, 5, 7, 115
7, 68684, &, 5, 7, 115
7, 68714, &, 5, 7, 114
7, 68744, &, 5, 7, 114
7, 68774, &, 5, 7, 114
7, 68804, &, 5, 7, 114
7, 68834, &, 5, 7, 113
7, 68864, &, 5, 7, 113
7, 68875, {, 5, 69, 0
7, 68880, {, 5, 65, 69
7, 68894, &, 5, 7, 113
7, 68924, &, 5, 7, 113
7, 68954, &, 5, 7, 112
7, 68984, &, 5, 7, 112
7, 69014, &, 5, 7, 112
7, 69044, &, 5, 7, 112
7, 69074, &, 5, 7, 111
7, 69104, &, 5, 7, 111
7, 69115, {, 5, 65, 0
7, 69120, {, 5, 69, 78
7, 69134, &, 5, 7, 111
7, 69164, &, 5, 7, 111
7, 69194, &, 5, 7, 110
7, 69224, &, 5, 7, 110
7, 69254, &, 5, 7, 110
7, 69284, &, 5, 7, 110
7, 69314, &, 5, 7, 109
7, 69344, &, 5, 7, 109
7, 69355, {, 5, 69, 0
7, 69360, {, 5, 67, 75
7, 69374, &, 5, 7, 109
7, 69404, &, 5, 7, 109
7, 69434, &, 5, 7, 108
7, 69464, &, 5, 7, 108
7, 69494, &, 5, 7, 108
7, 69524, &, 5, 7, 108
7, 69554, &, 5, 7, 107
7, 69584, &, 5, 7, 107
7, 69595, {, 5, 67, 0
7, 69600, {, 5, 67, 75
7, 69614, &, 5, 7, 107
7, 69644, &, 5, 7, 107
7, 69674, &, 5, 7, 107
7, 69704, &, 5, 7, 106
7, 69734, &, 5, 7, 106
7, 69764, &, 5, 7, 106
7, 69794, &, 5, 7, 106
7, 69824, &, 5, 7, 105
7, 69854, &, 5, 7, 105
7, 69884, &, 5, 7, 105
7, 69914, &, 5, 7, 105
7, 69944, &, 5, 7, 104
7, 69974, &, 5, 7, 104
7, 70004, &, 5, 7, 104
7, 70034, &, 5, 7, 104
7, 70064, &, 5, 7, 103
7, 70094, &, 5, 7, 103
7, 70124, &, 5, 7, 103
7, 70154, &, 5, 7, 103
7, 70184, &, 5, 7, 102
7, 70214, &, 5, 7, 102
7, 70244, &, 5, 7, 102
7, 70274, &, 5, 7, 102
7, 70304, &, 5, 7, 101
7, 70334, &, 5, 7, 101
7, 70364, &, 5, 7, 101
7, 70394, &, 5, 7, 101
7, 70424, &, 5, 7, 100
7, 70454, &, 5, 7, 100
7, 70484, &, 5, 7, 100
7, 70514, &, 5, 7, 100
7, 70544, &, 5, 7, 99
7, 70574, &, 5, 7, 99
7, 70604, &, 5, 7, 99
7, 70634, &, 5, 7, 99
7, 70664, &, 5, 7, 98
7, 70694, &, 5, 7, 98
7, 70724, &, 5, 7, 98
7, 70754, &, 5, 7, 98
7, 70784, &, 5, 7, 98
7, 70814, &, 5, 7, 97
7, 70844, &, 5, 7, 97
7, 70874, &, 5, 7, 97
7, 70904, &, 5, 7, 97
7, 70934, &, 5, 7, 96
7, 70964, &, 5, 7, 96
7, 70994, &, 5, 7, 96
7, 71011, {, 5, 67, 0
7, 71024, &, 5, 7, 96
7, 71054, &, 5, 7, 95
7, 71084, &, 5, 7, 95
7, 71114, &, 5, 7, 95
7, 71144, &, 5, 7, 95
7, 71174, &, 5, 7, 94
7, 71204, &, 5, 7, 94
7, 71234, &, 5, 7, 94
7, 71264, &, 5, 7, 94
7, 71294, &, 5, 7, 93
7, 71324, &, 5, 7, 93
7, 71354, &, 5, 7, 93
7, 71384, &, 5, 7, 93
7, 71414, &, 5, 7, 92
7, 71444, &, 5, 7, 92
7, 71474, &, 5, 7, 92
7, 71504, &, 5, 7, 92
7, 71534, &, 5, 7, 91
7, 71564, &, 5, 7, 91
7, 71594, &, 5, 7, 91
7, 71624, &, 5, 7, 91
7, 71654, &, 5, 7, 90
7, 71684, &, 5, 7, 90
7, 71714, &, 5, 7, 90
7, 71744, &, 5, 7, 90
7, 71774, &, 5, 7, 89
7, 71804, &, 5, 7, 89
7, 71834, &, 5, 7, 89
7, 71864, &, 5, 7, 89
7, 71894, &, 5, 7, 88
7, 71924, &, 5, 7, 88
7, 71954, &, 5, 7, 88
7, 71984, &, 5, 7, 88
7, 72014, &, 5, 7, 88
7, 72044, &, 5, 7, 87
7, 72074, &, 5, 7, 87
7, 72104, &, 5, 7, 87
7, 72134, &, 5, 7, 87
7, 72164, &, 5, 7, 86
7, 72194, &, 5, 7, 86
7, 72224, &, 5, 7, 86
7, 72254, &, 5, 7, 86
7, 72284, &, 5, 7, 85
7, 72314, &, 5, 7, 85
7, 72344, &, 5, 7, 85
7, 72374, &, 5, 7, 85
7, 72404, &, 5, 7, 84
7, 72434, &, 5, 7, 84
7, 72464, &, 5, 7, 84
7, 72494, &, 5, 7, 84
7, 72524, &, 5, 7, 83
7, 72554, &, 5, 7, 83
7, 72584, &, 5, 7, 83
7, 72614, &, 5, 7, 83
7, 72644, &, 5, 7, 82
7, 72674, &, 5, 7, 82
7, 72704, &, 5, 7, 82
7, 72734, &, 5, 7, 82
7, 72764, &, 5, 7, 81
7, 72794, &, 5, 7, 81
7, 72824, &, 5, 7, 81
7, 72854, &, 5, 7, 81
7, 72884, &, 5, 7, 80
7, 72914, &, 5, 7, 80
7, 72944, &, 5, 7, 80
7, 72960, {, 5, 64, 75
7, 72974, &, 5, 7, 80
7, 73004, &, 5, 7, 79
7, 73034, &, 5, 7, 79
7, 73064, &, 5, 7, 79
7, 73094, &, 5, 7, 79
7, 73124, &, 5, 7, 78
7, 73154, &, 5, 7, 78
7, 73184, &, 5, 7, 78
7, 73195, {, 5, 64, 0
7, 73200, {, 5, 65, 81
7, 73214, &, 5, 7, 78
7, 73244, &, 5, 7, 78
7, 73274, &, 5, 7, 77
7, 73304, &, 5, 7, 77
7, 73334, &, 5, 7, 77
7, 73364, &, 5, 7, 77
7, 73394, &, 5, 7, 76
7, 73424, &, 5, 7, 76
7, 73435, {, 5, 65, 0
7, 73440, {, 5, 67, 84
7, 73454, &, 5, 7, 76
7, 73484, &, 5, 7, 76
7, 73514, &, 5, 7, 75
7, 73544, &, 5, 7, 75
7, 73574, &, 5, 7, 75
7, 73604, &, 5, 7, 75
7, 73634, &, 5, 7, 74
7, 73664, &, 5, 7, 74
7, 73675, {, 5, 67, 0
7, 73680, {, 5, 71, 81
7, 73694, &, 5, 7, 74
7, 73724, &, 5, 7, 74
7, 73754, &, 5, 7, 73
7, 73784, &, 5, 7, 73
7, 73814, &, 5, 7, 73
7, 73844, &, 5, 7, 73
7, 73874, &, 5, 7, 72
7, 73904, &, 5, 7, 72
7, 73934, &, 5, 7, 72
7, 73964, &, 5, 7, 72
7, 73994, &, 5, 7, 71
7, 74024, &, 5, 7, 71
7, 74054, &, 5, 7, 71
7, 74084, &, 5, 7, 71
7, 74114, &, 5, 7, 70
7, 74144, &, 5, 7, 70
7, 74155, {, 5, 71, 0
7, 74160, {, 5, 69, 78
7, 74174, &, 5, 7, 70
7, 74204, &, 5, 7, 70
7, 74234, &, 5, 7, 69
7, 74264, &, 5, 7, 69
7, 74294, &, 5, 7, 69
7, 74324, &, 5, 7, 69
7, 74354, &, 5, 7, 69
7, 74384, &, 5, 7, 68
7, 74414, &, 5, 7, 68
7, 74444, &, 5, 7, 68
7, 74474, &, 5, 7, 68
7, 74504, &, 5, 7, 67
7, 74534, &, 5, 7, 67
7, 74564, &, 5, 7, 67
7, 74594, &, 5, 7, 67
7, 74624, &, 5, 7, 66
7, 74635, {, 5, 69, 0
7, 74640, {, 5, 65, 69
7, 74654, &, 5, 7, 66
7, 74684, &, 5, 7, 66
7, 74714, &, 5, 7, 66
7, 74744, &, 5, 7, 65
7, 74774, &, 5, 7, 65
7, 74804, &, 5, 7, 65
7, 74834, &, 5, 7, 65
7, 74864, &, 5, 7, 64
7, 74875, {, 5, 65, 0
7, 74880, {, 5, 69, 78
7, 74894, &, 5, 7, 64
7, 74924, &, 5, 7, 64
7, 74954, &, 5, 7, 64
7, 74984, &, 5, 7, 63
7, 75014, &, 5, 7, 63
7, 75044, &, 5, 7, 63
7, 75074, &, 5, 7, 63
7, 75104, &, 5, 7, 62
7, 75115, {, 5, 69, 0
7, 75120, {, 5, 67, 75
7, 75134, &, 5, 7, 62
7, 75164, &, 5, 7, 62
7, 75194, &, 5, 7, 62
7, 75224, &, 5, 7, 61
7, 75254, &, 5, 7, 61
7, 75284, &, 5, 7, 61
7, 75314, &, 5, 7, 61
7, 75344, &, 5, 7, 60
7, 75355, {, 5, 67, 0
7, 75360, {, 5, 67, 75
7, 75374, &, 5, 7, 60
7, 75404, &, 5, 7, 60
7, 75434, &, 5, 7, 60
7, 75464, &, 5, 7, 59
7, 75494, &, 5, 7, 59
7, 75524, &, 5, 7, 59
7, 75554, &, 5, 7, 59
7, 75584, &, 5, 7, 59
7, 75614, &, 5, 7, 58
7, 75644, &, 5, 7, 58
7, 75674, &, 5, 7, 58
7, 75704, &, 5, 7, 58
7, 75734, &, 5, 7, 57
7, 75764, &, 5, 7, 57
7, 75794, &, 5, 7, 57
7, 75824, &, 5, 7, 57
7, 75854, &, 5, 7, 56
7, 75884, &, 5, 7, 56
7, 75914, &, 5, 7, 56
7, 75944, &, 5, 7, 56
7, 75974, &, 5, 7, 55
7, 76004, &, 5, 7, 55
7, 76034, &, 5, 7, 55
7, 76064, &, 5, 7, 55
7, 76094, &, 5, 7, 54
7, 76124, &, 5, 7, 54
7, 76154, &, 5, 7, 54
7, 76184, &, 5, 7, 54
7, 76214, &, 5, 7, 53
7, 76244, &, 5, 7, 53
7, 76274, &, 5, 7, 53
7, 76304, &, 5, 7, 53
7, 76334, &, 5, 7, 52
7, 76364, &, 5, 7, 52
7, 76394, &, 5, 7, 52
7, 76424, &, 5, 7, 52
7, 76454, &, 5, 7, 51
7, 76484, &, 5, 7, 51
7, 76514, &, 5, 7, 51
7, 76544, &, 5, 7, 51
7, 76574, &, 5, 7, 50
7, 76604, &, 5, 7, 50
7, 76634, &, 5, 7, 50
7, 76664, &, 5, 7, 50
7, 76694, &, 5, 7, 49
7, 76724, &, 5, 7, 49
7, 76754, &, 5, 7, 49
7, 76771, {, 5, 67, 0
7, 76784, &, 5, 7, 49
7, 76800, &, 5, 7, 48
7, 76830, &, 5, 7, 48
7, 76860, &, 5, 7, 47
7, 76890, &, 5, 7, 46
7, 76920, &, 5, 7, 46
7, 76950, &, 5, 7, 45
7, 76980, &, 5, 7, 44
7, 77010, &, 5, 7, 44
7, 77040, &, 5, 7, 43
7, 77070, &, 5, 7, 42
7, 77100, &, 5, 7, 41
7, 77130, &, 5, 7, 41
7, 77160, &, 5, 7, 40
7, 77190, &, 5, 7, 39
7, 77220, &, 5, 7, 39
7, 77250, &, 5, 7, 38
7, 77280, &, 5, 7, 37
7, 77310, &, 5, 7, 36
7, 77340, &, 5, 7, 36
7, 77370, &, 5, 7, 35
7, 77400, &, 5, 7, 34
7, 77430, &, 5, 7, 34
7, 77460, &, 5, 7, 33
7, 77490, &, 5, 7, 32
7, 77520, &, 5, 7, 31
7, 77550, &, 5, 7, 31
7, 77580, &, 5, 7, 30
7, 77610, &, 5, 7, 29
7, 77640, &, 5, 7, 29
7, 77670, &, 5, 7, 28
7, 77700, &, 5, 7, 27
7, 77730, &, 5, 7, 26
7, 77760, &, 5, 7, 26
7, 77790, &, 5, 7, 25
7, 77820, &, 5, 7, 24
7, 77850, &, 5, 7, 24
7, 77880, &, 5, 7, 23
7, 77910, &, 5, 7, 22
7, 77940, &, 5, 7, 21
7, 77970, &, 5, 7, 21
7, 78000, &, 5, 7, 20
7, 78030, &, 5, 7, 19
7, 78060, &, 5, 7, 19
7, 78090, &, 5, 7, 18
7, 78120, &, 5, 7, 17
7, 78150, &, 5, 7, 16
7, 78180, &, 5, 7, 16
7, 78210, &, 5, 7, 15
7, 78240, &, 5, 7, 14
7, 78270, &, 5, 7, 14
7, 78300, &, 5, 7, 13
7, 78330, &, 5, 7, 12
7, 78360, &, 5, 7, 11
7, 78390, &, 5, 7, 11
7, 78420, &, 5, 7, 10
7, 78450, &, 5, 7, 9
7, 78480, &, 5, 7, 9
7, 78510, &, 5, 7, 8
7, 78540, &, 5, 7, 7
7, 78570, &, 5, 7, 6
7, 78600, &, 5, 7, 6
7, 78630, &, 5, 7, 5
7, 78660, &, 5, 7, 4
7, 78690, &, 5, 7, 4
7, 78690, \
8, 0, /
8, 0, ~, ""
8, 0, &, 6, 0, 0
8, 0, &, 6, 32, 0
8, 0, ;, 6, 9
8, 0, +, 6, 8192
8, 0, &, 6, 1, 0
8, 0, &, 6, 7, 127
8, 0, &, 6, 10, 105
8, 0, &, 6, 11, 78
8, 0, &, 6, 91, 70
8, 0, &, 6, 93, 10
8, 0, &, 6, 99, 1
8, 0, &, 6, 98, 32
8, 0, &, 6, 6, 70
8, 11520, {, 6, 81, 100
8, 11755, {, 6, 81, 0
8, 11760, {, 6, 83, 100
8, 11995, {, 6, 83, 0
8, 12000, {, 6, 84, 100
8, 12235, {, 6, 84, 0
8, 12240, {, 6, 83, 100
8, 13421, {, 6, 83, 0
8, 15360, {, 6, 81, 100
8, 15595, {, 6, 81, 0
8, 15600, {, 6, 83, 100
8, 15835, {, 6, 83, 0
8, 15840, {, 6, 84, 100
8, 16075, {, 6, 84, 0
8, 16080, {, 6, 83, 100
8, 16555, {, 6, 83, 0
8, 16560, {, 6, 79, 100
8, 17035, {, 6, 79, 0
8, 17040, {, 6, 76, 100
8, 17275, {, 6, 76, 0
8, 17280, {, 6, 77, 100
8, 17750, {, 6, 77, 0
8, 17760, {, 6, 74, 100
8, 19171, {, 6, 74, 0
8, 32640, {, 6, 81, 98
8, 32875, {, 6, 81, 0
8, 32880, {, 6, 83, 103
8, 33115, {, 6, 83, 0
8, 33120, {, 6, 84, 95
8, 33355, {, 6, 84, 0
8, 33360, {, 6, 86, 105
8, 33835, {, 6, 86, 0
8, 33840, {, 6, 84, 93
8, 34315, {, 6, 84, 0
8, 34320, {, 6, 86, 97
8, 34795, {, 6, 86, 0
8, 34800, {, 6, 88, 92
8, 35035, {, 6, 88, 0
8, 35040, {, 6, 88, 94
8, 36451, {, 6, 88, 0
8, 38400, {, 6, 84, 95
8, 38635, {, 6, 84, 0
8, 38640, {, 6, 86, 100
8, 38875, {, 6, 86, 0
8, 38880, {, 6, 88, 89
8, 39115, {, 6, 88, 0
8, 39120, {, 6, 89, 96
8, 39595, {, 6, 89, 0
8, 39600, {, 6, 88, 88
8, 40075, {, 6, 88, 0
8, 40080, {, 6, 89, 94
8, 40555, {, 6, 89, 0
8, 40560, {, 6, 91, 81
8, 40795, {, 6, 91, 0
8, 40800, {, 6, 91, 92
8, 42211, {, 6, 91, 0
8, 42211, \
9, 0, /
9, 0, ~, ""
9, 0, &, 7, 0, 0
9, 0, &, 7, 32, 0
9, 0, ;, 7, 48
9, 0, +, 7, 8192
9, 0, &, 7, 1, 0
9, 0, &, 7, 7, 127
9, 0, &, 7, 10, 45
9, 0, &, 7, 11, 85
9, 0, &, 7, 91, 90
9, 0, &, 7, 93, 10
9, 0, &, 7, 99, 1
9, 0, &, 7, 98, 32
9, 0, &, 7, 6, 50
9, 9600, &, 7, 99, 1
9, 9600, &, 7, 98, 99
9, 9600, &, 7, 6, 67
9, 11520, {, 7, 62, 82
9, 11520, {, 7, 69, 90
9, 12480, {, 7, 60, 75
9, 12480, {, 7, 67, 91
9, 12499, {, 7, 62, 0
9, 12499, {, 7, 69, 0
9, 13421, {, 7, 60, 0
9, 13421, {, 7, 67, 0
9, 13440, {, 7, 65, 94
9, 14851, {, 7, 65, 0
9, 14880, {, 7, 64, 88
9, 15350, {, 7, 64, 0
9, 15360, {, 7, 65, 91
9, 15830, {, 7, 65, 0
9, 15840, {, 7, 62, 90
9, 18240, {, 7, 67, 53
9, 18240, {, 7, 71, 69
9, 21082, {, 7, 62, 0
9, 21082, {, 7, 67, 0
9, 21082, {, 7, 71, 0
9, 41760, &, 7, 10, 90
9, 42104, &, 7, 11, 22
9, 42134, &, 7, 11, 23
9, 42141, &, 7, 11, 3
9, 42171, &, 7, 11, 3
9, 42201, &, 7, 11, 3
9, 42231, &, 7, 11, 4
9, 42240, {, 7, 79, 100
9, 42261, &, 7, 11, 4
9, 42291, &, 7, 11, 5
9, 42321, &, 7, 11, 5
9, 42351, &, 7, 11, 5
9, 42381, &, 7, 11, 6
9, 42411, &, 7, 11, 6
9, 42441, &, 7, 11, 7
9, 42471, &, 7, 11, 7
9, 42501, &, 7, 11, 7
9, 42531, &, 7, 11, 8
9, 42561, &, 7, 11, 8
9, 42591, &, 7, 11, 9
9, 42621, &, 7, 11, 9
9, 42651, &, 7, 11, 9
9, 42681, &, 7, 11, 10
9, 42711, &, 7, 11, 10
9, 42732, &, 7, 11, 14
9, 42762, &, 7, 11, 17
9, 42792, &, 7, 11, 21
9, 42822, &, 7, 11, 25
9, 42852, &, 7, 11, 28
9, 42882, &, 7, 11, 32
9, 42912, &, 7, 11, 36
9, 42942, &, 7, 11, 39
9, 42972, &, 7, 11, 43
9, 43002, &, 7, 11, 47
9, 43032, &, 7, 11, 51
9, 43062, &, 7, 11, 54
9, 43092, &, 7, 11, 58
9, 43122, &, 7, 11, 62
9, 43152, &, 7, 11, 65
9, 43182, &, 7, 11, 69
9, 43212, &, 7, 11, 73
9, 43242, &, 7, 11, 76
9, 43261, &, 7, 11, 80
9, 43291, &, 7, 11, 83
9, 46080, &, 7, 11, 82
9, 46110, &, 7, 11, 81
9, 46140, &, 7, 11, 80
9, 46170, &, 7, 11, 79
9, 46200, &, 7, 11, 78
9, 46230, &, 7, 11, 77
9, 46260, &, 7, 11, 76
9, 46290, &, 7, 11, 75
9, 46320, &, 7, 11, 73
9, 46350, &, 7, 11, 72
9, 46380, &, 7, 11, 71
9, 46410, &, 7, 11, 70
9, 46440, &, 7, 11, 69
9, 46470, &, 7, 11, 68
9, 46500, &, 7, 11, 67
9, 46530, &, 7, 11, 65
9, 46560, &, 7, 11, 64
9, 46590, &, 7, 11, 63
9, 46620, &, 7, 11, 62
9, 46650, &, 7, 11, 61
9, 46680, &, 7, 11, 60
9, 46710, &, 7, 11, 59
9, 46740, &, 7, 11, 57
9, 46770, &, 7, 11, 56
9, 46800, &, 7, 11, 55
9, 46830, &, 7, 11, 54
9, 46860, &, 7, 11, 53
9, 46890, &, 7, 11, 52
9, 46920, &, 7, 11, 51
9, 46950, &, 7, 11, 49
9, 46980, &, 7, 11, 48
9, 47010, &, 7, 11, 47
9, 47040, &, 7, 11, 46
9, 47070, &, 7, 11, 45
9, 47100, &, 7, 11, 44
9, 47130, &, 7, 11, 43
9, 47160, &, 7, 11, 41
9, 47190, &, 7, 11, 40
9, 47220, &, 7, 11, 39
9, 47250, &, 7, 11, 38
9, 47280, &, 7, 11, 37
9, 47310, &, 7, 11, 36
9, 47340, &, 7, 11, 35
9, 47370, &, 7, 11, 33
9, 47400, &, 7, 11, 32
9, 47430, &, 7, 11, 31
9, 47460, &, 7, 11, 30
9, 47490, &, 7, 11, 29
9, 47520, &, 7, 11, 28
9, 47550, &, 7, 11, 27
9, 47580, &, 7, 11, 25
9, 47610, &, 7, 11, 24
9, 47640, &, 7, 11, 23
9, 47670, &, 7, 11, 22
9, 47700, &, 7, 11, 21
9, 47730, &, 7, 11, 20
9, 47760, &, 7, 11, 19
9, 47790, &, 7, 11, 18
9, 47820, &, 7, 11, 16
9, 47850, &, 7, 11, 15
9, 47880, &, 7, 11, 14
9, 47910, &, 7, 11, 13
9, 47940, &, 7, 11, 12
9, 47962, {, 7, 79, 0
9, 47970, &, 7, 11, 11
9, 48000, &, 7, 11, 95
9, 48030, &, 7, 11, 85
9, 49950, &, 7, 99, 1
9, 49950, &, 7, 98, 99
9, 49950, &, 7, 6, 76
9, 51840, {, 7, 67, 102
9, 51840, {, 7, 79, 102
9, 52310, {, 7, 67, 0
9, 52310, {, 7, 79, 0
9, 52320, {, 7, 65, 102
9, 52320, {, 7, 77, 102
9, 52790, {, 7, 65, 0
9, 52790, {, 7, 77, 0
9, 52800, {, 7, 60, 102
9, 52800, {, 7, 72, 102
9, 53741, {, 7, 60, 0
9, 53741, {, 7, 72, 0
9, 53760, {, 7, 67, 102
9, 53760, {, 7, 79, 102
9, 54230, {, 7, 67, 0
9, 54230, {, 7, 79, 0
9, 54240, {, 7, 65, 102
9, 54240, {, 7, 77, 102
9, 54475, {, 7, 65, 0
9, 54475, {, 7, 77, 0
9, 54480, {, 7, 60, 102
9, 54480, {, 7, 72, 102
9, 54715, {, 7, 60, 0
9, 54715, {, 7, 72, 0
9, 54720, {, 7, 60, 102
9, 54720, {, 7, 72, 102
9, 54955, {, 7, 60, 0
9, 54955, {, 7, 72, 0
9, 54960, {, 7, 63, 102
9, 54960, {, 7, 75, 102
9, 55195, {, 7, 63, 0
9, 55195, {, 7, 75, 0
9, 55200, {, 7, 63, 102
9, 55200, {, 7, 75, 102
9, 55435, {, 7, 63, 0
9, 55435, {, 7, 75, 0
9, 55440, {, 7, 62, 102
9, 55440, {, 7, 74, 102
9, 56621, {, 7, 62, 0
9, 56621, {, 7, 74, 0
9, 56640, {, 7, 58, 102
9, 56640, {, 7, 70, 102
9, 59482, {, 7, 58, 0
9, 59482, {, 7, 70, 0
9, 59520, {, 7, 67, 102
9, 59520, {, 7, 79, 102
9, 59990, {, 7, 67, 0
9, 59990, {, 7, 79, 0
9, 60000, {, 7, 65, 102
9, 60000, {, 7, 77, 102
9, 60470, {, 7, 65, 0
9, 60470, {, 7, 77, 0
9, 60480, {, 7, 60, 102
9, 60480, {, 7, 72, 102
9, 61421, {, 7, 60, 0
9, 61421, {, 7, 72, 0
9, 61440, {, 7, 67, 102
9, 61440, {, 7, 79, 102
9, 61675, {, 7, 67, 0
9, 61675, {, 7, 79, 0
9, 61680, {, 7, 65, 102
9, 61680, {, 7, 77, 102
9, 61915, {, 7, 65, 0
9, 61915, {, 7, 77, 0
9, 61920, {, 7, 67, 102
9, 61920, {, 7, 79, 102
9, 62155, {, 7, 67, 0
9, 62155, {, 7, 79, 0
9, 62160, {, 7, 68, 102
9, 62160, {, 7, 80, 102
9, 62635, {, 7, 68, 0
9, 62635, {, 7, 80, 0
9, 62640, {, 7, 70, 102
9, 62640, {, 7, 82, 102
9, 63115, {, 7, 70, 0
9, 63115, {, 7, 82, 0
9, 63120, {, 7, 72, 102
9, 63120, {, 7, 84, 102
9, 63355, {, 7, 72, 0
9, 63355, {, 7, 84, 0
9, 63360, {, 7, 71, 102
9, 63360, {, 7, 83, 102
9, 65242, {, 7, 71, 0
9, 65242, {, 7, 83, 0
9, 65280, {, 7, 67, 102
9, 65280, {, 7, 79, 102
9, 67162, {, 7, 67, 0
9, 67162, {, 7, 79, 0
9, 67162, \
10, 0, /
10, 0, ~, ""
10, 0, &, 8, 0, 0
10, 0, &, 8, 32, 0
10, 0, ;, 8, 48
10, 0, +, 8, 8192
10, 0, &, 8, 1, 0
10, 0, &, 8, 7, 127
10, 0, &, 8, 10, 30
10, 0, &, 8, 11, 85
10, 0, &, 8, 91, 90
10, 0, &, 8, 93, 10
10, 0, &, 8, 99, 1
10, 0, &, 8, 98, 32
10, 0, &, 8, 6, 50
10, 11520, &, 8, 99, 1
10, 11520, &, 8, 98, 99
10, 11520, &, 8, 6, 67
10, 13440, {, 8, 57, 93
10, 14851, {, 8, 57, 0
10, 14880, {, 8, 55, 86
10, 15350, {, 8, 55, 0
10, 15360, {, 8, 57, 91
10, 15830, {, 8, 57, 0
10, 15840, {, 8, 53, 85
10, 21082, {, 8, 53, 0
10, 21082, \
11, 0, /
11, 0, ~, ""
11, 0, &, 9, 0, 127
11, 0, &, 9, 32, 0
11, 0, ;, 9, 0
11, 0, &, 9, 7, 127
11, 0, &, 9, 10, 64
11, 0, &, 9, 11, 110
11, 0, &, 9, 91, 40
11, 0, &, 9, 93, 10
11, 0, &, 9, 99, 24
11, 0, &, 9, 98, 81
11, 0, &, 9, 6, 66
11, 0, &, 9, 99, 24
11, 0, &, 9, 98, 80
11, 0, &, 9, 6, 65
11, 0, &, 9, 99, 28
11, 0, &, 9, 98, 81
11, 0, &, 9, 6, 110
11, 0, &, 9, 99, 28
11, 0, &, 9, 98, 80
11, 0, &, 9, 6, 110
11, 0, &, 9, 99, 1
11, 0, &, 9, 98, 32
11, 0, &, 9, 6, 62
11, 1920, {, 9, 80, 62
11, 1930, {, 9, 80, 0
11, 2160, {, 9, 80, 62
11, 2170, {, 9, 80, 0
11, 2400, {, 9, 81, 87
11, 2410, {, 9, 81, 0
11, 2640, {, 9, 80, 62
11, 2650, {, 9, 80, 0
11, 3120, {, 9, 80, 62
11, 3130, {, 9, 80, 0
11, 3360, {, 9, 81, 87
11, 3370, {, 9, 81, 0
11, 3840, {, 9, 80, 62
11, 3850, {, 9, 80, 0
11, 4080, {, 9, 80, 62
11, 4090, {, 9, 80, 0
11, 4320, {, 9, 81, 87
11, 4330, {, 9, 81, 0
11, 4560, {, 9, 80, 62
11, 4570, {, 9, 80, 0
11, 5040, {, 9, 80, 62
11, 5050, {, 9, 80, 0
11, 5280, {, 9, 81, 87
11, 5290, {, 9, 81, 0
11, 5760, {, 9, 80, 62
11, 5770, {, 9, 80, 0
11, 6000, {, 9, 80, 62
11, 6010, {, 9, 80, 0
11, 6240, {, 9, 81, 87
11, 6250, {, 9, 81, 0
11, 6480, {, 9, 80, 62
11, 6490, {, 9, 80, 0
11, 6960, {, 9, 80, 62
11, 6970, {, 9, 80, 0
11, 7200, {, 9, 81, 87
11, 7210, {, 9, 81, 0
11, 7680, {, 9, 80, 62
11, 7690, {, 9, 80, 0
11, 7920, {, 9, 80, 62
11, 7930, {, 9, 80, 0
11, 8160, {, 9, 81, 87
11, 8170, {, 9, 81, 0
11, 8400, {, 9, 80, 62
11, 8410, {, 9, 80, 0
11, 8880, {, 9, 80, 62
11, 8890, {, 9, 80, 0
11, 9120, {, 9, 81, 87
11, 9130, {, 9, 81, 0
11, 9600, {, 9, 80, 62
11, 9610, {, 9, 80, 0
11, 9840, {, 9, 80, 62
11, 9850, {, 9, 80, 0
11, 10080, {, 9, 81, 87
11, 10090, {, 9, 81, 0
11, 10320, {, 9, 80, 62
11, 10330, {, 9, 80, 0
11, 10800, {, 9, 80, 62
11, 10810, {, 9, 80, 0
11, 11040, {, 9, 81, 87
11, 11050, {, 9, 81, 0
11, 11520, {, 9, 80, 62
11, 11530, {, 9, 80, 0
11, 11760, {, 9, 80, 62
11, 11770, {, 9, 80, 0
11, 12000, {, 9, 81, 87
11, 12010, {, 9, 81, 0
11, 12240, {, 9, 80, 62
11, 12250, {, 9, 80, 0
11, 12720, {, 9, 80, 62
11, 12730, {, 9, 80, 0
11, 12960, {, 9, 81, 87
11, 12970, {, 9, 81, 0
11, 13440, {, 9, 80, 62
11, 13450, {, 9, 80, 0
11, 13680, {, 9, 80, 62
11, 13690, {, 9, 80, 0
11, 13920, {, 9, 81, 87
11, 13930, {, 9, 81, 0
11, 14160, {, 9, 80, 62
11, 14170, {, 9, 80, 0
11, 14640, {, 9, 80, 62
11, 14650, {, 9, 80, 0
11, 14880, {, 9, 81, 87
11, 14890, {, 9, 81, 0
11, 15360, {, 9, 80, 62
11, 15370, {, 9, 80, 0
11, 15600, {, 9, 80, 62
11, 15610, {, 9, 80, 0
11, 15840, {, 9, 81, 87
11, 15850, {, 9, 81, 0
11, 16080, {, 9, 80, 62
11, 16090, {, 9, 80, 0
11, 16560, {, 9, 80, 62
11, 16570, {, 9, 80, 0
11, 16800, {, 9, 81, 87
11, 16810, {, 9, 81, 0
11, 17280, {, 9, 80, 62
11, 17290, {, 9, 80, 0
11, 17520, {, 9, 80, 62
11, 17530, {, 9, 80, 0
11, 17760, {, 9, 81, 87
11, 17770, {, 9, 81, 0
11, 18000, {, 9, 80, 62
11, 18010, {, 9, 80, 0
11, 18480, {, 9, 80, 62
11, 18490, {, 9, 80, 0
11, 18720, {, 9, 81, 87
11, 18730, {, 9, 81, 0
11, 19200, {, 9, 80, 62
11, 19210, {, 9, 80, 0
11, 19440, {, 9, 80, 62
11, 19450, {, 9, 80, 0
11, 19680, {, 9, 81, 87
11, 19690, {, 9, 81, 0
11, 19920, {, 9, 80, 62
11, 19930, {, 9, 80, 0
11, 20400, {, 9, 80, 62
11, 20410, {, 9, 80, 0
11, 20640, {, 9, 81, 87
11, 20650, {, 9, 81, 0
11, 49920, &, 9, 99, 24
11, 49920, &, 9, 98, 31
11, 49920, &, 9, 6, 65
11, 50520, &, 9, 99, 24
11, 50520, &, 9, 98, 76
11, 50520, &, 9, 6, 63
11, 50520, &, 9, 99, 28
11, 50520, &, 9, 98, 32
11, 50520, &, 9, 6, 100
11, 50760, &, 9, 99, 24
11, 50760, &, 9, 98, 32
11, 50760, &, 9, 6, 49
11, 50760, &, 9, 99, 24
11, 50760, &, 9, 98, 82
11, 50760, &, 9, 6, 66
11, 50880, &, 9, 99, 28
11, 50880, &, 9, 98, 82
11, 50880, &, 9, 6, 20
11, 51000, {, 9, 42, 79
11, 51010, {, 9, 42, 0
11, 51120, {, 9, 46, 92
11, 51130, {, 9, 46, 0
11, 51360, {, 9, 31, 91
11, 51370, {, 9, 31, 0
11, 51600, {, 9, 31, 77
11, 51610, {, 9, 31, 0
11, 51720, {, 9, 31, 81
11, 51730, {, 9, 31, 0
11, 51840, {, 9, 76, 70
11, 51840, {, 9, 82, 100
11, 51840, {, 9, 33, 83
11, 51850, {, 9, 76, 0
11, 51850, {, 9, 82, 0
11, 51850, {, 9, 33, 0
11, 52080, {, 9, 82, 100
11, 52090, {, 9, 82, 0
11, 52320, {, 9, 82, 100
11, 52330, {, 9, 82, 0
11, 52560, {, 9, 82, 100
11, 52570, {, 9, 82, 0
11, 52800, {, 9, 82, 100
11, 52800, {, 9, 32, 112
11, 52810, {, 9, 82, 0
11, 52810, {, 9, 32, 0
11, 53040, {, 9, 82, 100
11, 53050, {, 9, 82, 0
11, 53280, {, 9, 82, 100
11, 53290, {, 9, 82, 0
11, 53520, {, 9, 76, 70
11, 53520, {, 9, 82, 100
11, 53520, {, 9, 33, 70
11, 53530, {, 9, 76, 0
11, 53530, {, 9, 82, 0
11, 53530, {, 9, 33, 0
11, 53760, {, 9, 33, 78
11, 53760, {, 9, 77, 80
11, 53760, {, 9, 82, 100
11, 53770, {, 9, 33, 0
11, 53770, {, 9, 77, 0
11, 53770, {, 9, 82, 0
11, 54000, {, 9, 82, 100
11, 54010, {, 9, 82, 0
11, 54240, {, 9, 82, 100
11, 54250, {, 9, 82, 0
11, 54480, {, 9, 82, 100
11, 54490, {, 9, 82, 0
11, 54720, {, 9, 32, 113
11, 54720, {, 9, 82, 100
11, 54730, {, 9, 32, 0
11, 54730, {, 9, 82, 0
11, 54960, {, 9, 82, 100
11, 54970, {, 9, 82, 0
11, 55200, {, 9, 82, 100
11, 55210, {, 9, 82, 0
11, 55440, {, 9, 82, 100
11, 55450, {, 9, 82, 0
11, 55680, {, 9, 33, 83
11, 55680, {, 9, 76, 70
11, 55680, {, 9, 82, 100
11, 55690, {, 9, 33, 0
11, 55690, {, 9, 76, 0
11, 55690, {, 9, 82, 0
11, 55920, {, 9, 82, 100
11, 55930, {, 9, 82, 0
11, 56160, {, 9, 82, 100
11, 56170, {, 9, 82, 0
11, 56400, {, 9, 82, 100
11, 56410, {, 9, 82, 0
11, 56640, {, 9, 82, 100
11, 56640, {, 9, 32, 113
11, 56650, {, 9, 82, 0
11, 56650, {, 9, 32, 0
11, 56880, {, 9, 82, 100
11, 56890, {, 9, 82, 0
11, 57120, {, 9, 82, 100
11, 57130, {, 9, 82, 0
11, 57360, {, 9, 33, 70
11, 57360, {, 9, 76, 70
11, 57360, {, 9, 82, 100
11, 57370, {, 9, 33, 0
11, 57370, {, 9, 76, 0
11, 57370, {, 9, 82, 0
11, 57600, {, 9, 82, 100
11, 57600, {, 9, 33, 78
11, 57600, {, 9, 77, 80
11, 57610, {, 9, 82, 0
11, 57610, {, 9, 33, 0
11, 57610, {, 9, 77, 0
11, 57840, {, 9, 82, 100
11, 57850, {, 9, 82, 0
11, 58080, {, 9, 82, 100
11, 58090, {, 9, 82, 0
11, 58320, {, 9, 33, 78
11, 58320, {, 9, 82, 100
11, 58330, {, 9, 33, 0
11, 58330, {, 9, 82, 0
11, 58560, {, 9, 32, 112
11, 58560, {, 9, 82, 100
11, 58570, {, 9, 32, 0
11, 58570, {, 9, 82, 0
11, 58800, {, 9, 33, 78
11, 58800, {, 9, 82, 100
11, 58810, {, 9, 33, 0
11, 58810, {, 9, 82, 0
11, 59040, {, 9, 82, 100
11, 59050, {, 9, 82, 0
11, 59280, {, 9, 33, 78
11, 59280, {, 9, 82, 100
11, 59290, {, 9, 33, 0
11, 59290, {, 9, 82, 0
11, 59520, {, 9, 76, 70
11, 59520, {, 9, 82, 100
11, 59520, {, 9, 33, 83
11, 59530, {, 9, 76, 0
11, 59530, {, 9, 82, 0
11, 59530, {, 9, 33, 0
11, 59760, {, 9, 82, 100
11, 59770, {, 9, 82, 0
11, 60000, {, 9, 82, 100
11, 60010, {, 9, 82, 0
11, 60240, {, 9, 82, 100
11, 60250, {, 9, 82, 0
11, 60480, {, 9, 82, 100
11, 60480, {, 9, 32, 117
11, 60490, {, 9, 82, 0
11, 60490, {, 9, 32, 0
11, 60720, {, 9, 82, 100
11, 60730, {, 9, 82, 0
11, 60960, {, 9, 82, 100
11, 60970, {, 9, 82, 0
11, 61200, {, 9, 76, 70
11, 61200, {, 9, 82, 100
11, 61200, {, 9, 33, 70
11, 61210, {, 9, 76, 0
11, 61210, {, 9, 82, 0
11, 61210, {, 9, 33, 0
11, 61440, {, 9, 33, 78
11, 61440, {, 9, 77, 80
11, 61440, {, 9, 82, 100
11, 61450, {, 9, 33, 0
11, 61450, {, 9, 77, 0
11, 61450, {, 9, 82, 0
11, 61680, {, 9, 82, 100
11, 61690, {, 9, 82, 0
11, 61920, {, 9, 82, 100
11, 61930, {, 9, 82, 0
11, 62160, {, 9, 33, 78
11, 62160, {, 9, 82, 100
11, 62170, {, 9, 33, 0
11, 62170, {, 9, 82, 0
11, 62400, {, 9, 32, 112
11, 62400, {, 9, 82, 100
11, 62410, {, 9, 32, 0
11, 62410, {, 9, 82, 0
11, 62640, {, 9, 82, 100
11, 62650, {, 9, 82, 0
11, 62880, {, 9, 82, 100
11, 62890, {, 9, 82, 0
11, 63120, {, 9, 33, 78
11, 63120, {, 9, 82, 100
11, 63130, {, 9, 33, 0
11, 63130, {, 9, 82, 0
11, 63360, {, 9, 33, 83
11, 63360, {, 9, 82, 100
11, 63370, {, 9, 33, 0
11, 63370, {, 9, 82, 0
11, 63600, {, 9, 82, 100
11, 63610, {, 9, 82, 0
11, 63840, {, 9, 82, 100
11, 63850, {, 9, 82, 0
11, 64080, {, 9, 82, 100
11, 64090, {, 9, 82, 0
11, 64320, {, 9, 82, 100
11, 64320, {, 9, 32, 113
11, 64330, {, 9, 82, 0
11, 64330, {, 9, 32, 0
11, 64560, {, 9, 82, 100
11, 64570, {, 9, 82, 0
11, 64800, {, 9, 82, 100
11, 64810, {, 9, 82, 0
11, 65040, {, 9, 82, 100
11, 65050, {, 9, 82, 0
11, 65280, {, 9, 82, 100
11, 65290, {, 9, 82, 0
11, 65520, {, 9, 82, 100
11, 65530, {, 9, 82, 0
11, 65760, {, 9, 82, 100
11, 65770, {, 9, 82, 0
11, 66000, {, 9, 82, 100
11, 66010, {, 9, 82, 0
11, 66240, {, 9, 82, 100
11, 66250, {, 9, 82, 0
11, 66480, {, 9, 82, 100
11, 66490, {, 9, 82, 0
11, 66720, {, 9, 82, 100
11, 66730, {, 9, 82, 0
11, 66960, {, 9, 82, 100
11, 66970, {, 9, 82, 0
11, 66970, \
12, 0, /
12, 0, ~, ""
12, 0, &, 10, 0, 0
12, 0, &, 10, 32, 0
12, 0, ;, 10, 73
12, 0, &, 10, 7, 127
12, 0, &, 10, 10, 98
12, 0, &, 10, 11, 110
12, 0, &, 10, 91, 30
12, 0, &, 10, 93, 0
12, 0, &, 10, 99, 1
12, 0, &, 10, 98, 32
12, 0, &, 10, 6, 65
12, 0, &, 10, 99, 1
12, 0, &, 10, 98, 8
12, 0, &, 10, 6, 65
12, 0, &, 10, 99, 1
12, 0, &, 10, 98, 9
12, 0, &, 10, 6, 65
12, 0, &, 10, 99, 1
12, 0, &, 10, 98, 10
12, 0, &, 10, 6, 70
12, 17760, {, 10, 71, 100
12, 17760, {, 10, 74, 120
12, 17995, {, 10, 71, 0
12, 17995, {, 10, 74, 0
12, 18000, {, 10, 69, 92
12, 18000, {, 10, 72, 118
12, 18130, {, 10, 69, 0
12, 18134, {, 10, 72, 0
12, 18480, {, 10, 67, 95
12, 18480, {, 10, 71, 122
12, 18955, {, 10, 67, 0
12, 18955, {, 10, 71, 0
12, 18960, {, 10, 65, 94
12, 18960, {, 10, 69, 117
12, 19195, {, 10, 65, 0
12, 19195, {, 10, 69, 0
12, 19200, {, 10, 67, 96
12, 19200, {, 10, 71, 114
12, 21082, {, 10, 67, 0
12, 21082, {, 10, 71, 0
12, 43680, {, 10, 77, 120
12, 43915, {, 10, 77, 0
12, 43920, {, 10, 76, 115
12, 44155, {, 10, 76, 0
12, 44160, {, 10, 72, 122
12, 45343, {, 10, 72, 0
12, 45360, {, 10, 69, 121
12, 45595, {, 10, 69, 0
12, 45600, {, 10, 72, 121
12, 45835, {, 10, 72, 0
12, 45840, {, 10, 74, 121
12, 46075, {, 10, 74, 0
12, 46080, {, 10, 75, 122
12, 46550, {, 10, 75, 0
12, 46560, {, 10, 72, 121
12, 46795, {, 10, 72, 0
12, 46800, {, 10, 72, 121
12, 47275, {, 10, 72, 0
12, 47280, {, 10, 68, 121
12, 47755, {, 10, 68, 0
12, 47760, {, 10, 72, 121
12, 47995, {, 10, 72, 0
12, 48000, {, 10, 67, 121
12, 48800, &, 10, 11, 108
12, 48830, &, 10, 11, 107
12, 48860, &, 10, 11, 106
12, 48890, &, 10, 11, 105
12, 48920, &, 10, 11, 104
12, 48950, &, 10, 11, 103
12, 48980, &, 10, 11, 102
12, 49010, &, 10, 11, 101
12, 49040, &, 10, 11, 99
12, 49070, &, 10, 11, 98
12, 49100, &, 10, 11, 97
12, 49130, &, 10, 11, 96
12, 49160, &, 10, 11, 95
12, 49190, &, 10, 11, 94
12, 49220, &, 10, 11, 93
12, 49250, &, 10, 11, 92
12, 49280, &, 10, 11, 90
12, 49310, &, 10, 11, 89
12, 49340, &, 10, 11, 88
12, 49370, &, 10, 11, 87
12, 49400, &, 10, 11, 86
12, 49430, &, 10, 11, 85
12, 49460, &, 10, 11, 84
12, 49490, &, 10, 11, 83
12, 49520, &, 10, 11, 81
12, 49550, &, 10, 11, 80
12, 49580, &, 10, 11, 79
12, 49610, &, 10, 11, 78
12, 49640, &, 10, 11, 77
12, 49670, &, 10, 11, 76
12, 49700, &, 10, 11, 75
12, 49730, &, 10, 11, 74
12, 49760, &, 10, 11, 72
12, 49790, &, 10, 11, 71
12, 49820, &, 10, 11, 70
12, 49850, &, 10, 11, 69
12, 49880, &, 10, 11, 68
12, 49910, &, 10, 11, 67
12, 49940, &, 10, 11, 66
12, 49970, &, 10, 11, 64
12, 50000, &, 10, 11, 63
12, 50030, &, 10, 11, 62
12, 50060, &, 10, 11, 61
12, 50090, &, 10, 11, 60
12, 50120, &, 10, 11, 59
12, 50150, &, 10, 11, 58
12, 50180, &, 10, 11, 57
12, 50210, &, 10, 11, 55
12, 50240, &, 10, 11, 54
12, 50270, &, 10, 11, 53
12, 50300, &, 10, 11, 52
12, 50330, &, 10, 11, 51
12, 50360, &, 10, 11, 50
12, 50390, &, 10, 11, 49
12, 50420, &, 10, 11, 48
12, 50450, &, 10, 11, 46
12, 50480, &, 10, 11, 45
12, 50510, &, 10, 11, 44
12, 50540, &, 10, 11, 43
12, 50570, &, 10, 11, 42
12, 50600, &, 10, 11, 41
12, 50630, &, 10, 11, 40
12, 50660, &, 10, 11, 39
12, 50690, &, 10, 11, 37
12, 50720, &, 10, 11, 36
12, 50750, &, 10, 11, 35
12, 50780, &, 10, 11, 34
12, 50810, &, 10, 11, 33
12, 50840, &, 10, 11, 32
12, 50870, &, 10, 11, 31
12, 50900, &, 10, 11, 29
12, 50930, &, 10, 11, 28
12, 50960, &, 10, 11, 27
12, 50990, &, 10, 11, 26
12, 51020, &, 10, 11, 25
12, 51050, &, 10, 11, 24
12, 51080, &, 10, 11, 23
12, 51110, &, 10, 11, 22
12, 51140, &, 10, 11, 20
12, 51170, &, 10, 11, 19
12, 51200, &, 10, 11, 18
12, 51230, &, 10, 11, 17
12, 51260, &, 10, 11, 16
12, 51290, &, 10, 11, 15
12, 51320, &, 10, 11, 14
12, 51350, &, 10, 11, 13
12, 51380, &, 10, 11, 11
12, 51410, &, 10, 11, 10
12, 51440, &, 10, 11, 9
12, 51470, &, 10, 11, 8
12, 51500, &, 10, 11, 7
12, 51530, &, 10, 11, 6
12, 51560, &, 10, 11, 5
12, 51590, &, 10, 11, 4
12, 51620, &, 10, 11, 2
12, 51802, {, 10, 67, 0
12, 51802, \
13, 0, /
13, 0, ~, ""
13, 0, &, 11, 0, 0
13, 0, &, 11, 32, 0
13, 0, ;, 11, 26
13, 0, &, 11, 7, 127
13, 0, &, 11, 10, 20
13, 0, &, 11, 11, 95
13, 0, &, 11, 91, 70
13, 0, &, 11, 93, 0
13, 0, &, 11, 99, 1
13, 0, &, 11, 98, 32
13, 0, &, 11, 6, 80
13, 32640, {, 11, 53, 85
13, 32640, {, 11, 57, 96
13, 32875, {, 11, 53, 0
13, 32875, {, 11, 57, 0
13, 32880, {, 11, 55, 85
13, 32880, {, 11, 59, 98
13, 33115, {, 11, 55, 0
13, 33115, {, 11, 59, 0
13, 33120, {, 11, 57, 85
13, 33120, {, 11, 60, 95
13, 33355, {, 11, 57, 0
13, 33355, {, 11, 60, 0
13, 33360, {, 11, 55, 85
13, 33360, {, 11, 62, 96
13, 33835, {, 11, 55, 0
13, 33835, {, 11, 62, 0
13, 33840, {, 11, 55, 85
13, 33840, {, 11, 60, 94
13, 34315, {, 11, 55, 0
13, 34315, {, 11, 60, 0
13, 34320, {, 11, 55, 85
13, 34320, {, 11, 62, 84
13, 34555, {, 11, 55, 0
13, 34800, {, 11, 55, 85
13, 34850, {, 11, 62, 0
13, 35040, {, 11, 60, 94
13, 35090, {, 11, 55, 0
13, 35280, {, 11, 64, 92
13, 35330, {, 11, 60, 0
13, 35760, {, 11, 57, 96
13, 35780, {, 11, 64, 0
13, 36000, {, 11, 60, 92
13, 36050, {, 11, 57, 0
13, 36240, {, 11, 65, 94
13, 36290, {, 11, 60, 0
13, 36720, {, 11, 55, 96
13, 36740, {, 11, 65, 0
13, 36960, {, 11, 60, 92
13, 37010, {, 11, 55, 0
13, 37200, {, 11, 64, 94
13, 37250, {, 11, 60, 0
13, 37680, {, 11, 55, 98
13, 37720, {, 11, 64, 0
13, 37920, {, 11, 59, 96
13, 37970, {, 11, 55, 0
13, 38160, {, 11, 67, 92
13, 38210, {, 11, 59, 0
13, 38400, {, 11, 57, 85
13, 38400, {, 11, 60, 98
13, 38450, {, 11, 67, 0
13, 38635, {, 11, 57, 0
13, 38635, {, 11, 60, 0
13, 38640, {, 11, 59, 85
13, 38640, {, 11, 62, 96
13, 38875, {, 11, 59, 0
13, 38875, {, 11, 62, 0
13, 38880, {, 11, 64, 94
13, 38880, {, 11, 60, 85
13, 39115, {, 11, 64, 0
13, 39115, {, 11, 60, 0
13, 39120, {, 11, 65, 96
13, 39120, {, 11, 62, 85
13, 39595, {, 11, 65, 0
13, 39595, {, 11, 62, 0
13, 39600, {, 11, 60, 85
13, 39600, {, 11, 64, 92
13, 40075, {, 11, 60, 0
13, 40075, {, 11, 64, 0
13, 40080, {, 11, 60, 85
13, 40080, {, 11, 65, 93
13, 40404, {, 11, 65, 0
13, 40555, {, 11, 60, 0
13, 40560, {, 11, 52, 92
13, 40800, {, 11, 55, 96
13, 40850, {, 11, 52, 0
13, 41040, {, 11, 59, 94
13, 41090, {, 11, 55, 0
13, 41280, {, 11, 64, 98
13, 41330, {, 11, 59, 0
13, 41520, {, 11, 55, 92
13, 41570, {, 11, 64, 0
13, 41760, {, 11, 59, 96
13, 41810, {, 11, 55, 0
13, 42000, {, 11, 64, 92
13, 42050, {, 11, 59, 0
13, 42240, {, 11, 64, 0
13, 42240, {, 11, 59, 75
13, 42260, &, 11, 1, 40
13, 42260, {, 11, 64, 85
13, 42280, {, 11, 67, 96
13, 43475, {, 11, 67, 0
13, 43475, {, 11, 59, 0
13, 43475, {, 11, 64, 0
13, 43680, &, 11, 1, 0
13, 44110, {, 11, 57, 80
13, 44120, {, 11, 58, 70
13, 44130, {, 11, 60, 75
13, 44140, {, 11, 62, 85
13, 44150, {, 11, 65, 90
13, 44160, {, 11, 69, 110
13, 45410, {, 11, 57, 0
13, 45420, {, 11, 58, 0
13, 45630, {, 11, 60, 0
13, 45740, {, 11, 62, 0
13, 45850, {, 11, 65, 0
13, 46000, {, 11, 69, 0
13, 46080, {, 11, 58, 90
13, 46090, {, 11, 68, 75
13, 46100, {, 11, 60, 83
13, 46120, {, 11, 63, 95
13, 47580, {, 11, 58, 0
13, 47700, {, 11, 60, 0
13, 47820, {, 11, 63, 0
13, 48000, {, 11, 62, 90
13, 48020, {, 11, 65, 97
13, 48022, {, 11, 68, 0
13, 48040, {, 11, 72, 110
13, 48900, {, 11, 62, 0
13, 48920, {, 11, 65, 0
13, 48960, {, 11, 72, 0
13, 48960, {, 11, 62, 90
13, 48980, {, 11, 65, 97
13, 49000, {, 11, 71, 110
13, 49860, {, 11, 62, 0
13, 49880, {, 11, 65, 0
13, 49920, {, 11, 71, 0
13, 49920, {, 11, 62, 90
13, 49940, {, 11, 65, 97
13, 49960, {, 11, 69, 110
13, 50820, {, 11, 62, 0
13, 50840, {, 11, 65, 0
13, 50880, {, 11, 69, 0
13, 50880, {, 11, 62, 90
13, 50900, {, 11, 65, 97
13, 50920, {, 11, 71, 110
13, 51780, {, 11, 62, 0
13, 51800, {, 11, 65, 0
13, 51840, {, 11, 71, 0
13, 51840, \
14, 0, /
14, 0, ~, ""
14, 0, &, 12, 0, 0
14, 0, &, 12, 32, 0
14, 0, ;, 12, 89
14, 0, &, 12, 7, 127
14, 0, &, 12, 10, 43
14, 0, &, 12, 11, 110
14, 0, &, 12, 91, 60
14, 0, &, 12, 93, 0
14, 0, &, 12, 99, 1
14, 0, &, 12, 98, 32
14, 0, &, 12, 6, 80
14, 44160, {, 12, 69, 95
14, 44160, {, 12, 72, 110
14, 46042, {, 12, 69, 0
14, 46042, {, 12, 72, 0
14, 46080, {, 12, 70, 100
14, 46080, {, 12, 72, 110
14, 47021, {, 12, 70, 0
14, 47040, {, 12, 68, 100
14, 47962, {, 12, 72, 0
14, 47981, {, 12, 68, 0
14, 48000, {, 12, 72, 110
14, 48000, {, 12, 62, 90
14, 48941, {, 12, 72, 0
14, 48960, {, 12, 71, 110
14, 49901, {, 12, 71, 0
14, 49920, {, 12, 69, 110
14, 50861, {, 12, 69, 0
14, 50880, {, 12, 71, 110
14, 51802, {, 12, 62, 0
14, 51821, {, 12, 71, 0
14, 51840, {, 12, 67, 100
14, 51840, {, 12, 72, 110
14, 55642, {, 12, 67, 0
14, 55642, {, 12, 72, 0
14, 55680, {, 12, 67, 100
14, 55680, {, 12, 70, 111
14, 56621, {, 12, 67, 0
14, 56621, {, 12, 70, 0
14, 56640, {, 12, 69, 100
14, 56640, {, 12, 74, 110
14, 57581, {, 12, 69, 0
14, 57581, {, 12, 74, 0
14, 57600, {, 12, 70, 100
14, 57600, {, 12, 74, 110
14, 58541, {, 12, 74, 0
14, 58560, {, 12, 72, 110
14, 59501, {, 12, 70, 0
14, 59501, {, 12, 72, 0
14, 59520, {, 12, 60, 100
14, 59520, {, 12, 72, 110
14, 63322, {, 12, 60, 0
14, 63322, {, 12, 72, 0
14, 63360, {, 12, 62, 100
14, 63360, {, 12, 71, 110
14, 67162, {, 12, 71, 0
14, 67162, {, 12, 62, 0
14, 67162, \
15, 0, /
15, 0, ~, ""
15, 0, &, 13, 0, 0
15, 0, &, 13, 32, 0
15, 0, ;, 13, 50
15, 0, &, 13, 7, 127
15, 0, &, 13, 10, 20
15, 0, &, 13, 11, 110
15, 0, &, 13, 91, 60
15, 0, &, 13, 93, 0
15, 0, &, 13, 99, 1
15, 0, &, 13, 98, 32
15, 0, &, 13, 6, 65
15, 51840, {, 13, 63, 86
15, 55642, {, 13, 63, 0
15, 55680, {, 13, 65, 86
15, 56621, {, 13, 65, 0
15, 56640, {, 13, 64, 86
15, 58070, {, 13, 64, 0
15, 58080, {, 13, 70, 86
15, 59491, {, 13, 70, 0
15, 59520, {, 13, 63, 86
15, 63322, {, 13, 63, 0
15, 63360, {, 13, 65, 86
15, 67162, {, 13, 65, 0
15, 67162, \
16, 0, /
16, 0, ~, ""
16, 0, &, 14, 0, 0
16, 0, &, 14, 32, 0
16, 0, ;, 14, 89
16, 0, &, 14, 7, 127
16, 0, &, 14, 10, 80
16, 0, &, 14, 11, 110
16, 0, &, 14, 91, 60
16, 0, &, 14, 93, 0
16, 0, &, 14, 99, 1
16, 0, &, 14, 98, 32
16, 0, &, 14, 6, 80
16, 57600, {, 14, 79, 114
16, 58541, {, 14, 79, 0
16, 58560, {, 14, 79, 100
16, 58560, {, 14, 82, 114
16, 59501, {, 14, 79, 0
16, 59501, {, 14, 82, 0
16, 59501, \
0, 0, >

