0, 0, <, 1, 18, 480
1, 0, /
1, 0, ~, "\226³\221è"
1, 0, (, ") ?"
1, 0, ~, "Conductor track"
1, 0, #, 0, "major"
1, 0, $, 1, 2, 24, 8
1, 0, %, 250000
1, 480, |, "Start"
1, 480, %, 384615
1, 480, #, 0, "major"
1, 480, $, 4, 2, 24, 8
1, 480, \
2, 0, /
2, 0, ~, "System Setup"
2, 0, ?, 5, 126, 127, 9, 1, 247
2, 480, \
3, 0, /
3, 0, ~, "CH #1"
3, 0, =t, "Bass&Lead"
3, 240, &, 0, 7, 100
3, 300, &, 0, 10, 64
3, 360, &, 0, 11, 100
3, 420, ;, 0, 87
3, 480, |, "Start"
3, 480, &, 0, 11, 100
3, 480, &, 0, 10, 64
3, 960, {, 0, 57, 127
3, 960, {, 0, 53, 127
3, 960, {, 0, 50, 127
3, 1080, {, 0, 50, 0
3, 1080, {, 0, 53, 0
3, 1080, {, 0, 57, 0
3, 1440, {, 0, 62, 127
3, 1440, {, 0, 57, 127
3, 1440, {, 0, 53, 127
3, 1560, {, 0, 53, 0
3, 1560, {, 0, 57, 0
3, 1560, {, 0, 62, 0
3, 1920, {, 0, 65, 127
3, 1920, {, 0, 62, 127
3, 1920, {, 0, 57, 127
3, 2040, {, 0, 57, 0
3, 2040, {, 0, 62, 0
3, 2040, {, 0, 65, 0
3, 2880, {, 0, 58, 127
3, 2880, {, 0, 53, 127
3, 2880, {, 0, 50, 127
3, 3000, {, 0, 50, 0
3, 3000, {, 0, 53, 0
3, 3000, {, 0, 58, 0
3, 3360, {, 0, 58, 127
3, 3360, {, 0, 62, 127
3, 3360, {, 0, 53, 127
3, 3480, {, 0, 53, 0
3, 3480, {, 0, 62, 0
3, 3480, {, 0, 58, 0
3, 3840, {, 0, 65, 127
3, 3840, {, 0, 62, 127
3, 3840, {, 0, 58, 127
3, 3960, {, 0, 58, 0
3, 3960, {, 0, 62, 0
3, 3960, {, 0, 65, 0
3, 4320, &, 0, 10, 64
3, 4800, {, 0, 57, 127
3, 4800, {, 0, 53, 127
3, 4800, {, 0, 50, 127
3, 4920, {, 0, 50, 0
3, 4920, {, 0, 53, 0
3, 4920, {, 0, 57, 0
3, 5280, {, 0, 62, 127
3, 5280, {, 0, 57, 127
3, 5280, {, 0, 53, 127
3, 5400, {, 0, 53, 0
3, 5400, {, 0, 57, 0
3, 5400, {, 0, 62, 0
3, 5760, {, 0, 65, 127
3, 5760, {, 0, 62, 127
3, 5760, {, 0, 57, 127
3, 5880, {, 0, 57, 0
3, 5880, {, 0, 62, 0
3, 5880, {, 0, 65, 0
3, 8160, &, 0, 10, 64
3, 8640, {, 0, 57, 127
3, 8640, {, 0, 53, 127
3, 8640, {, 0, 50, 127
3, 8760, {, 0, 50, 0
3, 8760, {, 0, 53, 0
3, 8760, {, 0, 57, 0
3, 9120, {, 0, 62, 127
3, 9120, {, 0, 57, 127
3, 9120, {, 0, 53, 127
3, 9240, {, 0, 53, 0
3, 9240, {, 0, 57, 0
3, 9240, {, 0, 62, 0
3, 9600, {, 0, 65, 127
3, 9600, {, 0, 62, 127
3, 9600, {, 0, 57, 127
3, 9720, {, 0, 57, 0
3, 9720, {, 0, 62, 0
3, 9720, {, 0, 65, 0
3, 10560, {, 0, 58, 127
3, 10560, {, 0, 53, 127
3, 10560, {, 0, 50, 127
3, 10680, {, 0, 50, 0
3, 10680, {, 0, 53, 0
3, 10680, {, 0, 58, 0
3, 11040, {, 0, 58, 127
3, 11040, {, 0, 62, 127
3, 11040, {, 0, 53, 127
3, 11160, {, 0, 53, 0
3, 11160, {, 0, 62, 0
3, 11160, {, 0, 58, 0
3, 11520, {, 0, 65, 127
3, 11520, {, 0, 62, 127
3, 11520, {, 0, 58, 127
3, 11640, {, 0, 58, 0
3, 11640, {, 0, 62, 0
3, 11640, {, 0, 65, 0
3, 12000, &, 0, 10, 64
3, 12480, {, 0, 57, 127
3, 12480, {, 0, 53, 127
3, 12480, {, 0, 50, 127
3, 12600, {, 0, 50, 0
3, 12600, {, 0, 53, 0
3, 12600, {, 0, 57, 0
3, 12960, {, 0, 62, 127
3, 12960, {, 0, 57, 127
3, 12960, {, 0, 53, 127
3, 13080, {, 0, 53, 0
3, 13080, {, 0, 57, 0
3, 13080, {, 0, 62, 0
3, 13440, {, 0, 65, 127
3, 13440, {, 0, 62, 127
3, 13440, {, 0, 57, 127
3, 13560, {, 0, 57, 0
3, 13560, {, 0, 62, 0
3, 13560, {, 0, 65, 0
3, 15840, &, 0, 10, 64
3, 16320, {, 0, 57, 127
3, 16320, {, 0, 53, 127
3, 16320, {, 0, 50, 127
3, 16440, {, 0, 50, 0
3, 16440, {, 0, 53, 0
3, 16440, {, 0, 57, 0
3, 16800, {, 0, 62, 127
3, 16800, {, 0, 57, 127
3, 16800, {, 0, 53, 127
3, 16920, {, 0, 53, 0
3, 16920, {, 0, 57, 0
3, 16920, {, 0, 62, 0
3, 17280, {, 0, 65, 127
3, 17280, {, 0, 62, 127
3, 17280, {, 0, 57, 127
3, 17400, {, 0, 57, 0
3, 17400, {, 0, 62, 0
3, 17400, {, 0, 65, 0
3, 18240, {, 0, 58, 127
3, 18240, {, 0, 53, 127
3, 18240, {, 0, 50, 127
3, 18360, {, 0, 50, 0
3, 18360, {, 0, 53, 0
3, 18360, {, 0, 58, 0
3, 18720, {, 0, 58, 127
3, 18720, {, 0, 62, 127
3, 18720, {, 0, 53, 127
3, 18840, {, 0, 53, 0
3, 18840, {, 0, 62, 0
3, 18840, {, 0, 58, 0
3, 19200, {, 0, 65, 127
3, 19200, {, 0, 62, 127
3, 19200, {, 0, 58, 127
3, 19320, {, 0, 58, 0
3, 19320, {, 0, 62, 0
3, 19320, {, 0, 65, 0
3, 19680, &, 0, 10, 64
3, 20160, {, 0, 57, 127
3, 20160, {, 0, 53, 127
3, 20160, {, 0, 50, 127
3, 20280, {, 0, 50, 0
3, 20280, {, 0, 53, 0
3, 20280, {, 0, 57, 0
3, 20640, {, 0, 62, 127
3, 20640, {, 0, 57, 127
3, 20640, {, 0, 53, 127
3, 20760, {, 0, 53, 0
3, 20760, {, 0, 57, 0
3, 20760, {, 0, 62, 0
3, 21120, {, 0, 65, 127
3, 21120, {, 0, 62, 127
3, 21120, {, 0, 57, 127
3, 21240, {, 0, 57, 0
3, 21240, {, 0, 62, 0
3, 21240, {, 0, 65, 0
3, 23520, &, 0, 10, 64
3, 24000, {, 0, 57, 127
3, 24000, {, 0, 53, 127
3, 24000, {, 0, 50, 127
3, 24120, {, 0, 50, 0
3, 24120, {, 0, 53, 0
3, 24120, {, 0, 57, 0
3, 24480, {, 0, 62, 127
3, 24480, {, 0, 57, 127
3, 24480, {, 0, 53, 127
3, 24600, {, 0, 53, 0
3, 24600, {, 0, 57, 0
3, 24600, {, 0, 62, 0
3, 24960, {, 0, 65, 127
3, 24960, {, 0, 62, 127
3, 24960, {, 0, 57, 127
3, 25080, {, 0, 57, 0
3, 25080, {, 0, 62, 0
3, 25080, {, 0, 65, 0
3, 25920, {, 0, 58, 127
3, 25920, {, 0, 53, 127
3, 25920, {, 0, 50, 127
3, 26040, {, 0, 50, 0
3, 26040, {, 0, 53, 0
3, 26040, {, 0, 58, 0
3, 26400, {, 0, 58, 127
3, 26400, {, 0, 62, 127
3, 26400, {, 0, 53, 127
3, 26520, {, 0, 53, 0
3, 26520, {, 0, 62, 0
3, 26520, {, 0, 58, 0
3, 26880, {, 0, 65, 127
3, 26880, {, 0, 62, 127
3, 26880, {, 0, 58, 127
3, 27000, {, 0, 58, 0
3, 27000, {, 0, 62, 0
3, 27000, {, 0, 65, 0
3, 27360, &, 0, 10, 64
3, 27840, {, 0, 57, 127
3, 27840, {, 0, 53, 127
3, 27840, {, 0, 50, 127
3, 27960, {, 0, 50, 0
3, 27960, {, 0, 53, 0
3, 27960, {, 0, 57, 0
3, 28320, {, 0, 62, 127
3, 28320, {, 0, 57, 127
3, 28320, {, 0, 53, 127
3, 28440, {, 0, 53, 0
3, 28440, {, 0, 57, 0
3, 28440, {, 0, 62, 0
3, 28800, {, 0, 65, 127
3, 28800, {, 0, 62, 127
3, 28800, {, 0, 57, 127
3, 28920, {, 0, 57, 0
3, 28920, {, 0, 62, 0
3, 28920, {, 0, 65, 0
3, 29760, {, 0, 58, 127
3, 29760, {, 0, 53, 127
3, 29760, {, 0, 50, 127
3, 29880, {, 0, 50, 0
3, 29880, {, 0, 53, 0
3, 29880, {, 0, 58, 0
3, 30240, {, 0, 58, 127
3, 30240, {, 0, 62, 127
3, 30240, {, 0, 53, 127
3, 30360, {, 0, 53, 0
3, 30360, {, 0, 62, 0
3, 30360, {, 0, 58, 0
3, 30720, {, 0, 65, 127
3, 30720, {, 0, 62, 127
3, 30720, {, 0, 58, 127
3, 30840, {, 0, 58, 0
3, 30840, {, 0, 62, 0
3, 30840, {, 0, 65, 0
3, 31200, &, 0, 10, 64
3, 31680, {, 0, 57, 127
3, 31680, {, 0, 53, 127
3, 31680, {, 0, 50, 127
3, 31800, {, 0, 50, 0
3, 31800, {, 0, 53, 0
3, 31800, {, 0, 57, 0
3, 32160, {, 0, 62, 127
3, 32160, {, 0, 57, 127
3, 32160, {, 0, 53, 127
3, 32280, {, 0, 53, 0
3, 32280, {, 0, 57, 0
3, 32280, {, 0, 62, 0
3, 32640, {, 0, 65, 127
3, 32640, {, 0, 62, 127
3, 32640, {, 0, 57, 127
3, 32760, {, 0, 57, 0
3, 32760, {, 0, 62, 0
3, 32760, {, 0, 65, 0
3, 33600, {, 0, 58, 127
3, 33600, {, 0, 53, 127
3, 33600, {, 0, 50, 127
3, 33720, {, 0, 50, 0
3, 33720, {, 0, 53, 0
3, 33720, {, 0, 58, 0
3, 34080, {, 0, 58, 127
3, 34080, {, 0, 62, 127
3, 34080, {, 0, 53, 127
3, 34200, {, 0, 53, 0
3, 34200, {, 0, 62, 0
3, 34200, {, 0, 58, 0
3, 34560, {, 0, 65, 127
3, 34560, {, 0, 62, 127
3, 34560, {, 0, 58, 127
3, 34680, {, 0, 58, 0
3, 34680, {, 0, 62, 0
3, 34680, {, 0, 65, 0
3, 35040, &, 0, 10, 64
3, 35520, {, 0, 57, 127
3, 35520, {, 0, 53, 127
3, 35520, {, 0, 50, 127
3, 35640, {, 0, 50, 0
3, 35640, {, 0, 53, 0
3, 35640, {, 0, 57, 0
3, 36000, {, 0, 62, 127
3, 36000, {, 0, 57, 127
3, 36000, {, 0, 53, 127
3, 36120, {, 0, 53, 0
3, 36120, {, 0, 57, 0
3, 36120, {, 0, 62, 0
3, 36480, {, 0, 65, 127
3, 36480, {, 0, 62, 127
3, 36480, {, 0, 57, 127
3, 36600, {, 0, 57, 0
3, 36600, {, 0, 62, 0
3, 36600, {, 0, 65, 0
3, 37440, {, 0, 58, 127
3, 37440, {, 0, 53, 127
3, 37440, {, 0, 50, 127
3, 37560, {, 0, 50, 0
3, 37560, {, 0, 53, 0
3, 37560, {, 0, 58, 0
3, 37920, {, 0, 58, 127
3, 37920, {, 0, 62, 127
3, 37920, {, 0, 53, 127
3, 38040, {, 0, 53, 0
3, 38040, {, 0, 62, 0
3, 38040, {, 0, 58, 0
3, 38400, {, 0, 65, 127
3, 38400, {, 0, 62, 127
3, 38400, {, 0, 58, 127
3, 38520, {, 0, 58, 0
3, 38520, {, 0, 62, 0
3, 38520, {, 0, 65, 0
3, 38880, &, 0, 10, 64
3, 39360, {, 0, 57, 127
3, 39360, {, 0, 53, 127
3, 39360, {, 0, 50, 127
3, 39480, {, 0, 50, 0
3, 39480, {, 0, 53, 0
3, 39480, {, 0, 57, 0
3, 39840, {, 0, 62, 127
3, 39840, {, 0, 57, 127
3, 39840, {, 0, 53, 127
3, 39960, {, 0, 53, 0
3, 39960, {, 0, 57, 0
3, 39960, {, 0, 62, 0
3, 40320, {, 0, 65, 127
3, 40320, {, 0, 62, 127
3, 40320, {, 0, 57, 127
3, 40440, {, 0, 57, 0
3, 40440, {, 0, 62, 0
3, 40440, {, 0, 65, 0
3, 41280, {, 0, 58, 127
3, 41280, {, 0, 53, 127
3, 41280, {, 0, 50, 127
3, 41400, {, 0, 50, 0
3, 41400, {, 0, 53, 0
3, 41400, {, 0, 58, 0
3, 41760, {, 0, 58, 127
3, 41760, {, 0, 62, 127
3, 41760, {, 0, 53, 127
3, 41880, {, 0, 53, 0
3, 41880, {, 0, 62, 0
3, 41880, {, 0, 58, 0
3, 42240, {, 0, 65, 127
3, 42240, {, 0, 62, 127
3, 42240, {, 0, 58, 127
3, 42360, {, 0, 58, 0
3, 42360, {, 0, 62, 0
3, 42360, {, 0, 65, 0
3, 42720, &, 0, 10, 64
3, 43200, {, 0, 57, 127
3, 43200, {, 0, 53, 127
3, 43200, {, 0, 50, 127
3, 43320, {, 0, 50, 0
3, 43320, {, 0, 53, 0
3, 43320, {, 0, 57, 0
3, 43680, {, 0, 62, 127
3, 43680, {, 0, 57, 127
3, 43680, {, 0, 53, 127
3, 43800, {, 0, 53, 0
3, 43800, {, 0, 57, 0
3, 43800, {, 0, 62, 0
3, 44160, {, 0, 65, 127
3, 44160, {, 0, 62, 127
3, 44160, {, 0, 57, 127
3, 44280, {, 0, 57, 0
3, 44280, {, 0, 62, 0
3, 44280, {, 0, 65, 0
3, 45120, {, 0, 58, 127
3, 45120, {, 0, 53, 127
3, 45120, {, 0, 50, 127
3, 45240, {, 0, 50, 0
3, 45240, {, 0, 53, 0
3, 45240, {, 0, 58, 0
3, 45600, {, 0, 58, 127
3, 45600, {, 0, 62, 127
3, 45600, {, 0, 53, 127
3, 45720, {, 0, 53, 0
3, 45720, {, 0, 62, 0
3, 45720, {, 0, 58, 0
3, 46080, {, 0, 65, 127
3, 46080, {, 0, 62, 127
3, 46080, {, 0, 58, 127
3, 46200, {, 0, 58, 0
3, 46200, {, 0, 62, 0
3, 46200, {, 0, 65, 0
3, 46560, &, 0, 10, 64
3, 47040, {, 0, 57, 127
3, 47040, {, 0, 53, 127
3, 47040, {, 0, 50, 127
3, 47160, {, 0, 50, 0
3, 47160, {, 0, 53, 0
3, 47160, {, 0, 57, 0
3, 47520, {, 0, 62, 127
3, 47520, {, 0, 57, 127
3, 47520, {, 0, 53, 127
3, 47640, {, 0, 53, 0
3, 47640, {, 0, 57, 0
3, 47640, {, 0, 62, 0
3, 48000, {, 0, 65, 127
3, 48000, {, 0, 62, 127
3, 48000, {, 0, 57, 127
3, 48120, {, 0, 57, 0
3, 48120, {, 0, 62, 0
3, 48120, {, 0, 65, 0
3, 48960, {, 0, 58, 127
3, 48960, {, 0, 53, 127
3, 48960, {, 0, 50, 127
3, 49080, {, 0, 50, 0
3, 49080, {, 0, 53, 0
3, 49080, {, 0, 58, 0
3, 49440, {, 0, 58, 127
3, 49440, {, 0, 62, 127
3, 49440, {, 0, 53, 127
3, 49560, {, 0, 53, 0
3, 49560, {, 0, 62, 0
3, 49560, {, 0, 58, 0
3, 49920, {, 0, 65, 127
3, 49920, {, 0, 62, 127
3, 49920, {, 0, 58, 127
3, 50040, {, 0, 58, 0
3, 50040, {, 0, 62, 0
3, 50040, {, 0, 65, 0
3, 50400, &, 0, 10, 64
3, 50880, {, 0, 57, 127
3, 50880, {, 0, 53, 127
3, 50880, {, 0, 50, 127
3, 51000, {, 0, 50, 0
3, 51000, {, 0, 53, 0
3, 51000, {, 0, 57, 0
3, 51360, {, 0, 62, 127
3, 51360, {, 0, 57, 127
3, 51360, {, 0, 53, 127
3, 51480, {, 0, 53, 0
3, 51480, {, 0, 57, 0
3, 51480, {, 0, 62, 0
3, 51840, {, 0, 65, 127
3, 51840, {, 0, 62, 127
3, 51840, {, 0, 57, 127
3, 51960, {, 0, 57, 0
3, 51960, {, 0, 62, 0
3, 51960, {, 0, 65, 0
3, 52800, {, 0, 58, 127
3, 52800, {, 0, 53, 127
3, 52800, {, 0, 50, 127
3, 52920, {, 0, 50, 0
3, 52920, {, 0, 53, 0
3, 52920, {, 0, 58, 0
3, 53280, {, 0, 58, 127
3, 53280, {, 0, 62, 127
3, 53280, {, 0, 53, 127
3, 53400, {, 0, 53, 0
3, 53400, {, 0, 62, 0
3, 53400, {, 0, 58, 0
3, 53760, {, 0, 65, 127
3, 53760, {, 0, 62, 127
3, 53760, {, 0, 58, 127
3, 53880, {, 0, 58, 0
3, 53880, {, 0, 62, 0
3, 53880, {, 0, 65, 0
3, 54240, &, 0, 10, 64
3, 54720, {, 0, 57, 127
3, 54720, {, 0, 53, 127
3, 54720, {, 0, 50, 127
3, 54840, {, 0, 50, 0
3, 54840, {, 0, 53, 0
3, 54840, {, 0, 57, 0
3, 55200, {, 0, 62, 127
3, 55200, {, 0, 57, 127
3, 55200, {, 0, 53, 127
3, 55320, {, 0, 53, 0
3, 55320, {, 0, 57, 0
3, 55320, {, 0, 62, 0
3, 55680, {, 0, 65, 127
3, 55680, {, 0, 62, 127
3, 55680, {, 0, 57, 127
3, 55800, {, 0, 57, 0
3, 55800, {, 0, 62, 0
3, 55800, {, 0, 65, 0
3, 56640, {, 0, 58, 127
3, 56640, {, 0, 53, 127
3, 56640, {, 0, 50, 127
3, 56760, {, 0, 50, 0
3, 56760, {, 0, 53, 0
3, 56760, {, 0, 58, 0
3, 57120, {, 0, 58, 127
3, 57120, {, 0, 62, 127
3, 57120, {, 0, 53, 127
3, 57240, {, 0, 53, 0
3, 57240, {, 0, 62, 0
3, 57240, {, 0, 58, 0
3, 57600, {, 0, 65, 127
3, 57600, {, 0, 62, 127
3, 57600, {, 0, 58, 127
3, 57720, {, 0, 58, 0
3, 57720, {, 0, 62, 0
3, 57720, {, 0, 65, 0
3, 58080, &, 0, 10, 64
3, 58560, {, 0, 57, 127
3, 58560, {, 0, 53, 127
3, 58560, {, 0, 50, 127
3, 58680, {, 0, 50, 0
3, 58680, {, 0, 53, 0
3, 58680, {, 0, 57, 0
3, 59040, {, 0, 62, 127
3, 59040, {, 0, 57, 127
3, 59040, {, 0, 53, 127
3, 59160, {, 0, 53, 0
3, 59160, {, 0, 57, 0
3, 59160, {, 0, 62, 0
3, 59520, {, 0, 65, 127
3, 59520, {, 0, 62, 127
3, 59520, {, 0, 57, 127
3, 59640, {, 0, 57, 0
3, 59640, {, 0, 62, 0
3, 59640, {, 0, 65, 0
3, 60480, {, 0, 58, 127
3, 60480, {, 0, 53, 127
3, 60480, {, 0, 50, 127
3, 60600, {, 0, 50, 0
3, 60600, {, 0, 53, 0
3, 60600, {, 0, 58, 0
3, 60960, {, 0, 58, 127
3, 60960, {, 0, 62, 127
3, 60960, {, 0, 53, 127
3, 61080, {, 0, 53, 0
3, 61080, {, 0, 62, 0
3, 61080, {, 0, 58, 0
3, 61440, {, 0, 65, 127
3, 61440, {, 0, 62, 127
3, 61440, {, 0, 58, 127
3, 61560, {, 0, 58, 0
3, 61560, {, 0, 62, 0
3, 61560, {, 0, 65, 0
3, 61920, &, 0, 10, 64
3, 62400, {, 0, 57, 127
3, 62400, {, 0, 53, 127
3, 62400, {, 0, 50, 127
3, 62520, {, 0, 50, 0
3, 62520, {, 0, 53, 0
3, 62520, {, 0, 57, 0
3, 62880, {, 0, 62, 127
3, 62880, {, 0, 57, 127
3, 62880, {, 0, 53, 127
3, 63000, {, 0, 53, 0
3, 63000, {, 0, 57, 0
3, 63000, {, 0, 62, 0
3, 63360, {, 0, 65, 127
3, 63360, {, 0, 62, 127
3, 63360, {, 0, 57, 127
3, 63480, {, 0, 57, 0
3, 63480, {, 0, 62, 0
3, 63480, {, 0, 65, 0
3, 64320, {, 0, 58, 127
3, 64320, {, 0, 53, 127
3, 64320, {, 0, 50, 127
3, 64440, {, 0, 50, 0
3, 64440, {, 0, 53, 0
3, 64440, {, 0, 58, 0
3, 64800, {, 0, 58, 127
3, 64800, {, 0, 62, 127
3, 64800, {, 0, 53, 127
3, 64920, {, 0, 53, 0
3, 64920, {, 0, 62, 0
3, 64920, {, 0, 58, 0
3, 65280, {, 0, 65, 127
3, 65280, {, 0, 62, 127
3, 65280, {, 0, 58, 127
3, 65400, {, 0, 58, 0
3, 65400, {, 0, 62, 0
3, 65400, {, 0, 65, 0
3, 65760, &, 0, 10, 64
3, 66240, {, 0, 57, 127
3, 66240, {, 0, 53, 127
3, 66240, {, 0, 50, 127
3, 66360, {, 0, 50, 0
3, 66360, {, 0, 53, 0
3, 66360, {, 0, 57, 0
3, 66720, {, 0, 62, 127
3, 66720, {, 0, 57, 127
3, 66720, {, 0, 53, 127
3, 66840, {, 0, 53, 0
3, 66840, {, 0, 57, 0
3, 66840, {, 0, 62, 0
3, 67200, {, 0, 65, 127
3, 67200, {, 0, 62, 127
3, 67200, {, 0, 57, 127
3, 67320, {, 0, 57, 0
3, 67320, {, 0, 62, 0
3, 67320, {, 0, 65, 0
3, 68160, {, 0, 58, 127
3, 68160, {, 0, 53, 127
3, 68160, {, 0, 50, 127
3, 68280, {, 0, 50, 0
3, 68280, {, 0, 53, 0
3, 68280, {, 0, 58, 0
3, 68640, {, 0, 58, 127
3, 68640, {, 0, 62, 127
3, 68640, {, 0, 53, 127
3, 68760, {, 0, 53, 0
3, 68760, {, 0, 62, 0
3, 68760, {, 0, 58, 0
3, 69120, {, 0, 65, 127
3, 69120, {, 0, 62, 127
3, 69120, {, 0, 58, 127
3, 69240, {, 0, 58, 0
3, 69240, {, 0, 62, 0
3, 69240, {, 0, 65, 0
3, 69600, &, 0, 10, 64
3, 70080, {, 0, 57, 127
3, 70080, {, 0, 53, 127
3, 70080, {, 0, 50, 127
3, 70200, {, 0, 50, 0
3, 70200, {, 0, 53, 0
3, 70200, {, 0, 57, 0
3, 70560, {, 0, 62, 127
3, 70560, {, 0, 57, 127
3, 70560, {, 0, 53, 127
3, 70680, {, 0, 53, 0
3, 70680, {, 0, 57, 0
3, 70680, {, 0, 62, 0
3, 71040, {, 0, 65, 127
3, 71040, {, 0, 62, 127
3, 71040, {, 0, 57, 127
3, 71160, {, 0, 57, 0
3, 71160, {, 0, 62, 0
3, 71160, {, 0, 65, 0
3, 72000, {, 0, 58, 127
3, 72000, {, 0, 53, 127
3, 72000, {, 0, 50, 127
3, 72120, {, 0, 50, 0
3, 72120, {, 0, 53, 0
3, 72120, {, 0, 58, 0
3, 72480, {, 0, 58, 127
3, 72480, {, 0, 62, 127
3, 72480, {, 0, 53, 127
3, 72600, {, 0, 53, 0
3, 72600, {, 0, 62, 0
3, 72600, {, 0, 58, 0
3, 72960, {, 0, 65, 127
3, 72960, {, 0, 62, 127
3, 72960, {, 0, 58, 127
3, 73080, {, 0, 58, 0
3, 73080, {, 0, 62, 0
3, 73080, {, 0, 65, 0
3, 73440, &, 0, 10, 64
3, 73920, {, 0, 57, 127
3, 73920, {, 0, 53, 127
3, 73920, {, 0, 50, 127
3, 74040, {, 0, 50, 0
3, 74040, {, 0, 53, 0
3, 74040, {, 0, 57, 0
3, 74400, {, 0, 62, 127
3, 74400, {, 0, 57, 127
3, 74400, {, 0, 53, 127
3, 74520, {, 0, 53, 0
3, 74520, {, 0, 57, 0
3, 74520, {, 0, 62, 0
3, 74880, {, 0, 65, 127
3, 74880, {, 0, 62, 127
3, 74880, {, 0, 57, 127
3, 75000, {, 0, 57, 0
3, 75000, {, 0, 62, 0
3, 75000, {, 0, 65, 0
3, 75840, {, 0, 58, 127
3, 75840, {, 0, 53, 127
3, 75840, {, 0, 50, 127
3, 75960, {, 0, 50, 0
3, 75960, {, 0, 53, 0
3, 75960, {, 0, 58, 0
3, 76320, {, 0, 58, 127
3, 76320, {, 0, 62, 127
3, 76320, {, 0, 53, 127
3, 76440, {, 0, 53, 0
3, 76440, {, 0, 62, 0
3, 76440, {, 0, 58, 0
3, 76800, {, 0, 65, 127
3, 76800, {, 0, 62, 127
3, 76800, {, 0, 58, 127
3, 76920, {, 0, 58, 0
3, 76920, {, 0, 62, 0
3, 76920, {, 0, 65, 0
3, 77280, &, 0, 10, 64
3, 77760, {, 0, 57, 127
3, 77760, {, 0, 53, 127
3, 77760, {, 0, 50, 127
3, 77880, {, 0, 50, 0
3, 77880, {, 0, 53, 0
3, 77880, {, 0, 57, 0
3, 78240, {, 0, 62, 127
3, 78240, {, 0, 57, 127
3, 78240, {, 0, 53, 127
3, 78360, {, 0, 53, 0
3, 78360, {, 0, 57, 0
3, 78360, {, 0, 62, 0
3, 78720, {, 0, 65, 127
3, 78720, {, 0, 62, 127
3, 78720, {, 0, 57, 127
3, 78840, {, 0, 57, 0
3, 78840, {, 0, 62, 0
3, 78840, {, 0, 65, 0
3, 79680, {, 0, 58, 127
3, 79680, {, 0, 53, 127
3, 79680, {, 0, 50, 127
3, 79800, {, 0, 50, 0
3, 79800, {, 0, 53, 0
3, 79800, {, 0, 58, 0
3, 80160, {, 0, 58, 127
3, 80160, {, 0, 62, 127
3, 80160, {, 0, 53, 127
3, 80280, {, 0, 53, 0
3, 80280, {, 0, 62, 0
3, 80280, {, 0, 58, 0
3, 80640, {, 0, 65, 127
3, 80640, {, 0, 62, 127
3, 80640, {, 0, 58, 127
3, 80760, {, 0, 58, 0
3, 80760, {, 0, 62, 0
3, 80760, {, 0, 65, 0
3, 81120, &, 0, 10, 64
3, 81600, {, 0, 57, 127
3, 81600, {, 0, 53, 127
3, 81600, {, 0, 50, 127
3, 81720, {, 0, 50, 0
3, 81720, {, 0, 53, 0
3, 81720, {, 0, 57, 0
3, 82080, {, 0, 62, 127
3, 82080, {, 0, 57, 127
3, 82080, {, 0, 53, 127
3, 82200, {, 0, 53, 0
3, 82200, {, 0, 57, 0
3, 82200, {, 0, 62, 0
3, 82560, {, 0, 65, 127
3, 82560, {, 0, 62, 127
3, 82560, {, 0, 57, 127
3, 82680, {, 0, 57, 0
3, 82680, {, 0, 62, 0
3, 82680, {, 0, 65, 0
3, 83520, {, 0, 58, 127
3, 83520, {, 0, 53, 127
3, 83520, {, 0, 50, 127
3, 83640, {, 0, 50, 0
3, 83640, {, 0, 53, 0
3, 83640, {, 0, 58, 0
3, 84000, {, 0, 58, 127
3, 84000, {, 0, 62, 127
3, 84000, {, 0, 53, 127
3, 84120, {, 0, 53, 0
3, 84120, {, 0, 62, 0
3, 84120, {, 0, 58, 0
3, 84480, {, 0, 65, 127
3, 84480, {, 0, 62, 127
3, 84480, {, 0, 58, 127
3, 84600, {, 0, 58, 0
3, 84600, {, 0, 62, 0
3, 84600, {, 0, 65, 0
3, 84960, &, 0, 10, 64
3, 85440, {, 0, 57, 127
3, 85440, {, 0, 53, 127
3, 85440, {, 0, 50, 127
3, 85560, {, 0, 50, 0
3, 85560, {, 0, 53, 0
3, 85560, {, 0, 57, 0
3, 85920, {, 0, 62, 127
3, 85920, {, 0, 57, 127
3, 85920, {, 0, 53, 127
3, 86040, {, 0, 53, 0
3, 86040, {, 0, 57, 0
3, 86040, {, 0, 62, 0
3, 86400, {, 0, 65, 127
3, 86400, {, 0, 62, 127
3, 86400, {, 0, 57, 127
3, 86520, {, 0, 57, 0
3, 86520, {, 0, 62, 0
3, 86520, {, 0, 65, 0
3, 87360, {, 0, 58, 127
3, 87360, {, 0, 53, 127
3, 87360, {, 0, 50, 127
3, 87480, {, 0, 50, 0
3, 87480, {, 0, 53, 0
3, 87480, {, 0, 58, 0
3, 87840, {, 0, 58, 127
3, 87840, {, 0, 62, 127
3, 87840, {, 0, 53, 127
3, 87960, {, 0, 53, 0
3, 87960, {, 0, 62, 0
3, 87960, {, 0, 58, 0
3, 88320, {, 0, 65, 127
3, 88320, {, 0, 62, 127
3, 88320, {, 0, 58, 127
3, 88440, {, 0, 58, 0
3, 88440, {, 0, 62, 0
3, 88440, {, 0, 65, 0
3, 88800, &, 0, 10, 64
3, 89280, {, 0, 57, 127
3, 89280, {, 0, 53, 127
3, 89280, {, 0, 50, 127
3, 89400, {, 0, 50, 0
3, 89400, {, 0, 53, 0
3, 89400, {, 0, 57, 0
3, 89760, {, 0, 62, 127
3, 89760, {, 0, 57, 127
3, 89760, {, 0, 53, 127
3, 89880, {, 0, 53, 0
3, 89880, {, 0, 57, 0
3, 89880, {, 0, 62, 0
3, 90240, {, 0, 65, 127
3, 90240, {, 0, 62, 127
3, 90240, {, 0, 57, 127
3, 90360, {, 0, 57, 0
3, 90360, {, 0, 62, 0
3, 90360, {, 0, 65, 0
3, 91200, {, 0, 58, 127
3, 91200, {, 0, 53, 127
3, 91200, {, 0, 50, 127
3, 91320, {, 0, 50, 0
3, 91320, {, 0, 53, 0
3, 91320, {, 0, 58, 0
3, 91680, {, 0, 58, 127
3, 91680, {, 0, 62, 127
3, 91680, {, 0, 53, 127
3, 91800, {, 0, 53, 0
3, 91800, {, 0, 62, 0
3, 91800, {, 0, 58, 0
3, 92160, {, 0, 65, 127
3, 92160, {, 0, 62, 127
3, 92160, {, 0, 58, 127
3, 92280, {, 0, 58, 0
3, 92280, {, 0, 62, 0
3, 92280, {, 0, 65, 0
3, 93120, {, 0, 55, 127
3, 93240, {, 0, 55, 0
3, 93600, {, 0, 58, 127
3, 93720, {, 0, 58, 0
3, 94080, {, 0, 62, 127
3, 94200, {, 0, 62, 0
3, 94560, {, 0, 57, 127
3, 94680, {, 0, 57, 0
3, 95040, {, 0, 60, 127
3, 95160, {, 0, 60, 0
3, 95520, {, 0, 64, 127
3, 95640, {, 0, 64, 0
3, 96000, {, 0, 67, 127
3, 96120, {, 0, 67, 0
3, 96960, {, 0, 55, 127
3, 97080, {, 0, 55, 0
3, 97440, {, 0, 60, 127
3, 97560, {, 0, 60, 0
3, 97920, {, 0, 62, 127
3, 98040, {, 0, 62, 0
3, 98400, {, 0, 55, 127
3, 98520, {, 0, 55, 0
3, 98880, {, 0, 62, 127
3, 99000, {, 0, 62, 0
3, 99360, {, 0, 67, 127
3, 99480, {, 0, 67, 0
3, 99840, {, 0, 70, 127
3, 99960, {, 0, 70, 0
3, 100800, {, 0, 57, 127
3, 100920, {, 0, 57, 0
3, 101280, {, 0, 62, 127
3, 101400, {, 0, 62, 0
3, 101760, {, 0, 64, 127
3, 101880, {, 0, 64, 0
3, 102720, {, 0, 62, 127
3, 102840, {, 0, 62, 0
3, 103200, {, 0, 58, 127
3, 103320, {, 0, 58, 0
3, 103680, {, 0, 57, 127
3, 103800, {, 0, 57, 0
3, 104160, {, 0, 58, 127
3, 104280, {, 0, 58, 0
3, 104640, {, 0, 58, 127
3, 104760, {, 0, 58, 0
3, 105120, {, 0, 62, 127
3, 105240, {, 0, 62, 0
3, 105600, {, 0, 64, 127
3, 105720, {, 0, 64, 0
3, 106560, {, 0, 62, 127
3, 106680, {, 0, 62, 0
3, 107040, {, 0, 58, 127
3, 107160, {, 0, 58, 0
3, 107520, {, 0, 57, 127
3, 107640, {, 0, 57, 0
3, 108480, {, 0, 57, 127
3, 108600, {, 0, 57, 0
3, 108960, {, 0, 60, 127
3, 109080, {, 0, 60, 0
3, 109440, {, 0, 62, 127
3, 109560, {, 0, 62, 0
3, 109920, {, 0, 55, 127
3, 110040, {, 0, 55, 0
3, 110400, {, 0, 60, 127
3, 110520, {, 0, 60, 0
3, 110880, {, 0, 65, 127
3, 111000, {, 0, 65, 0
3, 111360, {, 0, 67, 127
3, 111480, {, 0, 67, 0
3, 112320, {, 0, 55, 127
3, 112440, {, 0, 55, 0
3, 112800, {, 0, 62, 127
3, 112920, {, 0, 62, 0
3, 113280, {, 0, 65, 127
3, 113400, {, 0, 65, 0
3, 113760, {, 0, 57, 127
3, 113880, {, 0, 57, 0
3, 114240, {, 0, 64, 127
3, 114360, {, 0, 64, 0
3, 114720, {, 0, 67, 127
3, 114840, {, 0, 67, 0
3, 115200, {, 0, 69, 127
3, 115320, {, 0, 69, 0
3, 116160, {, 0, 62, 127
3, 116280, {, 0, 62, 0
3, 116640, {, 0, 67, 127
3, 116760, {, 0, 67, 0
3, 117120, {, 0, 69, 127
3, 117240, {, 0, 69, 0
3, 118080, {, 0, 67, 127
3, 118200, {, 0, 67, 0
3, 118560, {, 0, 62, 127
3, 118680, {, 0, 62, 0
3, 119040, {, 0, 57, 127
3, 119160, {, 0, 57, 0
3, 120000, {, 0, 55, 127
3, 120120, {, 0, 55, 0
3, 120480, {, 0, 62, 127
3, 120600, {, 0, 62, 0
3, 120960, {, 0, 64, 127
3, 121080, {, 0, 64, 0
3, 121440, {, 0, 65, 127
3, 121560, {, 0, 65, 0
3, 123360, &, 0, 10, 64
3, 123840, {, 0, 57, 127
3, 123840, {, 0, 53, 127
3, 123840, {, 0, 50, 127
3, 123960, {, 0, 50, 0
3, 123960, {, 0, 53, 0
3, 123960, {, 0, 57, 0
3, 124320, {, 0, 62, 127
3, 124320, {, 0, 57, 127
3, 124320, {, 0, 53, 127
3, 124440, {, 0, 53, 0
3, 124440, {, 0, 57, 0
3, 124440, {, 0, 62, 0
3, 124800, {, 0, 65, 127
3, 124800, {, 0, 62, 127
3, 124800, {, 0, 57, 127
3, 124920, {, 0, 57, 0
3, 124920, {, 0, 62, 0
3, 124920, {, 0, 65, 0
3, 125760, {, 0, 58, 127
3, 125760, {, 0, 53, 127
3, 125760, {, 0, 50, 127
3, 125880, {, 0, 50, 0
3, 125880, {, 0, 53, 0
3, 125880, {, 0, 58, 0
3, 126240, {, 0, 58, 127
3, 126240, {, 0, 62, 127
3, 126240, {, 0, 53, 127
3, 126360, {, 0, 53, 0
3, 126360, {, 0, 62, 0
3, 126360, {, 0, 58, 0
3, 126720, {, 0, 65, 127
3, 126720, {, 0, 62, 127
3, 126720, {, 0, 58, 127
3, 126840, {, 0, 58, 0
3, 126840, {, 0, 62, 0
3, 126840, {, 0, 65, 0
3, 127200, &, 0, 10, 64
3, 127680, {, 0, 57, 127
3, 127680, {, 0, 53, 127
3, 127680, {, 0, 50, 127
3, 127800, {, 0, 50, 0
3, 127800, {, 0, 53, 0
3, 127800, {, 0, 57, 0
3, 128160, {, 0, 62, 127
3, 128160, {, 0, 57, 127
3, 128160, {, 0, 53, 127
3, 128280, {, 0, 53, 0
3, 128280, {, 0, 57, 0
3, 128280, {, 0, 62, 0
3, 128640, {, 0, 65, 127
3, 128640, {, 0, 62, 127
3, 128640, {, 0, 57, 127
3, 128760, {, 0, 57, 0
3, 128760, {, 0, 62, 0
3, 128760, {, 0, 65, 0
3, 129360, &, 0, 11, 95
3, 129600, &, 0, 11, 91
3, 129840, &, 0, 11, 89
3, 130080, &, 0, 11, 86
3, 130320, &, 0, 11, 83
3, 130560, &, 0, 11, 80
3, 130800, &, 0, 11, 77
3, 131040, &, 0, 11, 71
3, 131040, &, 0, 10, 64
3, 131280, &, 0, 11, 69
3, 131520, &, 0, 11, 66
3, 131520, {, 0, 57, 127
3, 131520, {, 0, 53, 127
3, 131520, {, 0, 50, 127
3, 131640, {, 0, 50, 0
3, 131640, {, 0, 53, 0
3, 131640, {, 0, 57, 0
3, 131760, &, 0, 11, 63
3, 132000, &, 0, 11, 60
3, 132000, {, 0, 62, 127
3, 132000, {, 0, 57, 127
3, 132000, {, 0, 53, 127
3, 132120, {, 0, 53, 0
3, 132120, {, 0, 57, 0
3, 132120, {, 0, 62, 0
3, 132240, &, 0, 11, 57
3, 132480, &, 0, 11, 52
3, 132480, {, 0, 65, 127
3, 132480, {, 0, 62, 127
3, 132480, {, 0, 57, 127
3, 132600, {, 0, 57, 0
3, 132600, {, 0, 62, 0
3, 132600, {, 0, 65, 0
3, 132720, &, 0, 11, 43
3, 132960, &, 0, 11, 36
3, 133200, &, 0, 11, 31
3, 133440, &, 0, 11, 27
3, 133440, {, 0, 58, 127
3, 133440, {, 0, 53, 127
3, 133440, {, 0, 50, 127
3, 133560, {, 0, 50, 0
3, 133560, {, 0, 53, 0
3, 133560, {, 0, 58, 0
3, 133680, &, 0, 11, 26
3, 133920, &, 0, 11, 23
3, 133920, {, 0, 58, 127
3, 133920, {, 0, 62, 127
3, 133920, {, 0, 53, 127
3, 134040, {, 0, 53, 0
3, 134040, {, 0, 62, 0
3, 134040, {, 0, 58, 0
3, 134160, &, 0, 11, 19
3, 134400, &, 0, 11, 15
3, 134400, {, 0, 65, 127
3, 134400, {, 0, 62, 127
3, 134400, {, 0, 58, 127
3, 134520, {, 0, 58, 0
3, 134520, {, 0, 62, 0
3, 134520, {, 0, 65, 0
3, 134640, &, 0, 11, 10
3, 134880, &, 0, 11, 7
3, 134880, &, 0, 10, 64
3, 135120, &, 0, 11, 4
3, 135360, &, 0, 11, 3
3, 135360, {, 0, 57, 127
3, 135360, {, 0, 53, 127
3, 135360, {, 0, 50, 127
3, 135480, {, 0, 50, 0
3, 135480, {, 0, 53, 0
3, 135480, {, 0, 57, 0
3, 135600, &, 0, 11, 2
3, 135840, {, 0, 62, 127
3, 135840, {, 0, 57, 127
3, 135840, {, 0, 53, 127
3, 135960, {, 0, 53, 0
3, 135960, {, 0, 57, 0
3, 135960, {, 0, 62, 0
3, 136080, &, 0, 11, 1
3, 136320, &, 0, 11, 0
3, 136320, {, 0, 65, 127
3, 136320, {, 0, 62, 127
3, 136320, {, 0, 57, 127
3, 136440, {, 0, 57, 0
3, 136440, {, 0, 62, 0
3, 136440, {, 0, 65, 0
3, 136440, \
4, 0, /
4, 0, ~, "CH #2"
4, 0, =t, "Overdrive Gt."
4, 240, &, 1, 7, 100
4, 300, &, 1, 10, 64
4, 360, &, 1, 11, 100
4, 420, ;, 1, 29
4, 480, |, "Start"
4, 480, &, 1, 11, 100
4, 480, &, 1, 10, 64
4, 480, {, 1, 62, 127
4, 480, {, 1, 50, 127
4, 2400, {, 1, 50, 0
4, 2400, {, 1, 62, 0
4, 2400, {, 1, 58, 127
4, 2400, {, 1, 46, 127
4, 4320, {, 1, 46, 0
4, 4320, {, 1, 58, 0
4, 4320, {, 1, 62, 127
4, 4320, {, 1, 50, 127
4, 6240, {, 1, 50, 0
4, 6240, {, 1, 62, 0
4, 8160, &, 1, 10, 64
4, 8160, {, 1, 62, 127
4, 8160, {, 1, 50, 127
4, 10080, {, 1, 50, 0
4, 10080, {, 1, 62, 0
4, 10080, {, 1, 58, 127
4, 10080, {, 1, 46, 127
4, 12000, {, 1, 46, 0
4, 12000, {, 1, 58, 0
4, 12000, {, 1, 62, 127
4, 12000, {, 1, 50, 127
4, 13920, {, 1, 50, 0
4, 13920, {, 1, 62, 0
4, 15840, &, 1, 10, 64
4, 15840, {, 1, 62, 127
4, 15840, {, 1, 50, 127
4, 17760, {, 1, 50, 0
4, 17760, {, 1, 62, 0
4, 17760, {, 1, 58, 127
4, 17760, {, 1, 46, 127
4, 19680, {, 1, 46, 0
4, 19680, {, 1, 58, 0
4, 19680, {, 1, 62, 127
4, 19680, {, 1, 50, 127
4, 21600, {, 1, 50, 0
4, 21600, {, 1, 62, 0
4, 23520, &, 1, 10, 64
4, 23520, {, 1, 62, 127
4, 23520, {, 1, 50, 127
4, 25440, {, 1, 50, 0
4, 25440, {, 1, 62, 0
4, 25440, {, 1, 58, 127
4, 25440, {, 1, 46, 127
4, 27360, {, 1, 46, 0
4, 27360, {, 1, 58, 0
4, 27360, {, 1, 62, 127
4, 27360, {, 1, 50, 127
4, 29280, {, 1, 50, 0
4, 29280, {, 1, 62, 0
4, 31200, &, 1, 10, 64
4, 31200, {, 1, 62, 127
4, 31200, {, 1, 50, 127
4, 33120, {, 1, 50, 0
4, 33120, {, 1, 62, 0
4, 33120, {, 1, 58, 127
4, 33120, {, 1, 46, 127
4, 35040, {, 1, 46, 0
4, 35040, {, 1, 58, 0
4, 35040, {, 1, 62, 127
4, 35040, {, 1, 50, 127
4, 36960, {, 1, 50, 0
4, 36960, {, 1, 62, 0
4, 38880, &, 1, 10, 64
4, 38880, {, 1, 62, 127
4, 38880, {, 1, 50, 127
4, 40800, {, 1, 50, 0
4, 40800, {, 1, 62, 0
4, 40800, {, 1, 58, 127
4, 40800, {, 1, 46, 127
4, 42720, {, 1, 46, 0
4, 42720, {, 1, 58, 0
4, 42720, {, 1, 62, 127
4, 42720, {, 1, 50, 127
4, 44640, {, 1, 50, 0
4, 44640, {, 1, 62, 0
4, 46560, &, 1, 10, 64
4, 46560, {, 1, 62, 127
4, 46560, {, 1, 50, 127
4, 48480, {, 1, 50, 0
4, 48480, {, 1, 62, 0
4, 48480, {, 1, 58, 127
4, 48480, {, 1, 46, 127
4, 50400, {, 1, 46, 0
4, 50400, {, 1, 58, 0
4, 50400, {, 1, 62, 127
4, 50400, {, 1, 50, 127
4, 52320, {, 1, 50, 0
4, 52320, {, 1, 62, 0
4, 54240, &, 1, 10, 64
4, 54240, {, 1, 62, 127
4, 54240, {, 1, 50, 127
4, 56160, {, 1, 50, 0
4, 56160, {, 1, 62, 0
4, 56160, {, 1, 58, 127
4, 56160, {, 1, 46, 127
4, 58080, {, 1, 46, 0
4, 58080, {, 1, 58, 0
4, 58080, {, 1, 62, 127
4, 58080, {, 1, 50, 127
4, 60000, {, 1, 50, 0
4, 60000, {, 1, 62, 0
4, 61920, &, 1, 10, 64
4, 61920, {, 1, 62, 127
4, 61920, {, 1, 50, 127
4, 63840, {, 1, 50, 0
4, 63840, {, 1, 62, 0
4, 63840, {, 1, 58, 127
4, 63840, {, 1, 46, 127
4, 65760, {, 1, 46, 0
4, 65760, {, 1, 58, 0
4, 65760, {, 1, 62, 127
4, 65760, {, 1, 50, 127
4, 67680, {, 1, 50, 0
4, 67680, {, 1, 62, 0
4, 69600, &, 1, 10, 64
4, 69600, {, 1, 62, 127
4, 69600, {, 1, 50, 127
4, 71520, {, 1, 50, 0
4, 71520, {, 1, 62, 0
4, 71520, {, 1, 58, 127
4, 71520, {, 1, 46, 127
4, 73440, {, 1, 46, 0
4, 73440, {, 1, 58, 0
4, 73440, {, 1, 62, 127
4, 73440, {, 1, 50, 127
4, 75360, {, 1, 50, 0
4, 75360, {, 1, 62, 0
4, 77280, &, 1, 10, 64
4, 77280, {, 1, 62, 127
4, 77280, {, 1, 50, 127
4, 79200, {, 1, 50, 0
4, 79200, {, 1, 62, 0
4, 79200, {, 1, 58, 127
4, 79200, {, 1, 46, 127
4, 81120, {, 1, 46, 0
4, 81120, {, 1, 58, 0
4, 81120, {, 1, 62, 127
4, 81120, {, 1, 50, 127
4, 83040, {, 1, 50, 0
4, 83040, {, 1, 62, 0
4, 84960, &, 1, 10, 64
4, 84960, {, 1, 62, 127
4, 84960, {, 1, 50, 127
4, 86880, {, 1, 50, 0
4, 86880, {, 1, 62, 0
4, 86880, {, 1, 58, 127
4, 86880, {, 1, 46, 127
4, 88800, {, 1, 46, 0
4, 88800, {, 1, 58, 0
4, 88800, {, 1, 62, 127
4, 88800, {, 1, 50, 127
4, 90720, {, 1, 50, 0
4, 90720, {, 1, 62, 0
4, 123360, &, 1, 10, 64
4, 123360, {, 1, 62, 127
4, 123360, {, 1, 50, 127
4, 125280, {, 1, 50, 0
4, 125280, {, 1, 62, 0
4, 125280, {, 1, 58, 127
4, 125280, {, 1, 46, 127
4, 127200, {, 1, 46, 0
4, 127200, {, 1, 58, 0
4, 127200, {, 1, 62, 127
4, 127200, {, 1, 50, 127
4, 129120, {, 1, 50, 0
4, 129120, {, 1, 62, 0
4, 129360, &, 1, 11, 95
4, 129600, &, 1, 11, 91
4, 129840, &, 1, 11, 89
4, 130080, &, 1, 11, 86
4, 130320, &, 1, 11, 83
4, 130560, &, 1, 11, 80
4, 130800, &, 1, 11, 77
4, 131040, &, 1, 11, 71
4, 131040, &, 1, 10, 64
4, 131040, {, 1, 62, 127
4, 131040, {, 1, 50, 127
4, 131280, &, 1, 11, 69
4, 131520, &, 1, 11, 66
4, 131760, &, 1, 11, 63
4, 132000, &, 1, 11, 60
4, 132240, &, 1, 11, 57
4, 132480, &, 1, 11, 52
4, 132720, &, 1, 11, 43
4, 132960, {, 1, 50, 0
4, 132960, {, 1, 62, 0
4, 132960, &, 1, 11, 36
4, 132960, {, 1, 58, 127
4, 132960, {, 1, 46, 127
4, 133200, &, 1, 11, 31
4, 133440, &, 1, 11, 27
4, 133680, &, 1, 11, 26
4, 133920, &, 1, 11, 23
4, 134160, &, 1, 11, 19
4, 134400, &, 1, 11, 15
4, 134640, &, 1, 11, 10
4, 134880, {, 1, 46, 0
4, 134880, {, 1, 58, 0
4, 134880, &, 1, 11, 7
4, 134880, {, 1, 62, 127
4, 134880, {, 1, 50, 127
4, 135120, &, 1, 11, 4
4, 135360, &, 1, 11, 3
4, 135600, &, 1, 11, 2
4, 136080, &, 1, 11, 1
4, 136320, &, 1, 11, 0
4, 136800, {, 1, 50, 0
4, 136800, {, 1, 62, 0
4, 136800, \
5, 0, /
5, 0, ~, "CH #3"
5, 0, =t, "Vibraphone"
5, 240, &, 2, 7, 100
5, 300, &, 2, 10, 64
5, 360, &, 2, 11, 100
5, 420, ;, 2, 11
5, 480, |, "Start"
5, 480, &, 2, 11, 100
5, 480, &, 2, 10, 64
5, 15840, {, 2, 69, 127
5, 15840, {, 2, 57, 127
5, 16800, {, 2, 57, 0
5, 16800, {, 2, 69, 0
5, 16800, {, 2, 74, 127
5, 16800, {, 2, 62, 127
5, 17760, {, 2, 62, 0
5, 17760, {, 2, 74, 0
5, 17760, {, 2, 70, 127
5, 17760, {, 2, 58, 127
5, 19680, {, 2, 58, 0
5, 19680, {, 2, 70, 0
5, 23520, {, 2, 69, 127
5, 23520, {, 2, 57, 127
5, 24480, {, 2, 57, 0
5, 24480, {, 2, 69, 0
5, 24480, {, 2, 74, 127
5, 24480, {, 2, 62, 127
5, 25440, {, 2, 62, 0
5, 25440, {, 2, 74, 0
5, 25440, {, 2, 70, 127
5, 25440, {, 2, 58, 127
5, 27360, {, 2, 58, 0
5, 27360, {, 2, 70, 0
5, 129360, &, 2, 11, 95
5, 129600, &, 2, 11, 91
5, 129840, &, 2, 11, 89
5, 130080, &, 2, 11, 86
5, 130320, &, 2, 11, 83
5, 130560, &, 2, 11, 80
5, 130800, &, 2, 11, 77
5, 131040, &, 2, 11, 71
5, 131280, &, 2, 11, 69
5, 131520, &, 2, 11, 66
5, 131760, &, 2, 11, 63
5, 132000, &, 2, 11, 60
5, 132240, &, 2, 11, 57
5, 132480, &, 2, 11, 52
5, 132720, &, 2, 11, 43
5, 132960, &, 2, 11, 36
5, 133200, &, 2, 11, 31
5, 133440, &, 2, 11, 27
5, 133680, &, 2, 11, 26
5, 133920, &, 2, 11, 23
5, 134160, &, 2, 11, 19
5, 134400, &, 2, 11, 15
5, 134640, &, 2, 11, 10
5, 134880, &, 2, 11, 7
5, 135120, &, 2, 11, 4
5, 135360, &, 2, 11, 3
5, 135600, &, 2, 11, 2
5, 136080, &, 2, 11, 1
5, 136320, &, 2, 11, 0
5, 136320, \
6, 0, /
6, 0, ~, "CH #4"
6, 0, =t, "Harmonica"
6, 240, &, 3, 7, 100
6, 300, &, 3, 10, 64
6, 360, &, 3, 11, 100
6, 420, ;, 3, 22
6, 480, |, "Start"
6, 480, &, 3, 11, 100
6, 480, &, 3, 10, 64
6, 31200, {, 3, 69, 127
6, 32160, {, 3, 69, 0
6, 32160, {, 3, 64, 127
6, 32640, {, 3, 64, 0
6, 32640, {, 3, 65, 127
6, 33120, {, 3, 65, 0
6, 33120, {, 3, 67, 127
6, 34080, {, 3, 67, 0
6, 34080, {, 3, 70, 127
6, 35040, {, 3, 70, 0
6, 35040, {, 3, 69, 127
6, 36000, {, 3, 69, 0
6, 36000, {, 3, 62, 127
6, 36960, {, 3, 62, 0
6, 36960, {, 3, 64, 127
6, 38400, {, 3, 64, 0
6, 38400, {, 3, 65, 127
6, 38880, {, 3, 65, 0
6, 38880, {, 3, 69, 127
6, 39840, {, 3, 69, 0
6, 39840, {, 3, 64, 127
6, 40320, {, 3, 64, 0
6, 40320, {, 3, 65, 127
6, 40800, {, 3, 65, 0
6, 40800, {, 3, 67, 127
6, 41760, {, 3, 67, 0
6, 41760, {, 3, 70, 127
6, 42720, {, 3, 70, 0
6, 42720, {, 3, 69, 127
6, 43680, {, 3, 69, 0
6, 43680, {, 3, 74, 127
6, 44640, {, 3, 74, 0
6, 44640, {, 3, 70, 127
6, 46080, {, 3, 70, 0
6, 46080, {, 3, 67, 127
6, 46560, {, 3, 67, 0
6, 46560, {, 3, 69, 127
6, 48480, {, 3, 69, 0
6, 61920, {, 3, 69, 127
6, 62880, {, 3, 69, 0
6, 62880, {, 3, 64, 127
6, 63360, {, 3, 64, 0
6, 63360, {, 3, 65, 127
6, 63840, {, 3, 65, 0
6, 63840, {, 3, 67, 127
6, 64800, {, 3, 67, 0
6, 64800, {, 3, 70, 127
6, 65760, {, 3, 70, 0
6, 65760, {, 3, 69, 127
6, 66720, {, 3, 69, 0
6, 66720, {, 3, 62, 127
6, 67680, {, 3, 62, 0
6, 67680, {, 3, 64, 127
6, 69120, {, 3, 64, 0
6, 69120, {, 3, 65, 127
6, 69600, {, 3, 65, 0
6, 69600, {, 3, 69, 127
6, 70560, {, 3, 69, 0
6, 70560, {, 3, 64, 127
6, 71040, {, 3, 64, 0
6, 71040, {, 3, 65, 127
6, 71520, {, 3, 65, 0
6, 71520, {, 3, 67, 127
6, 72480, {, 3, 67, 0
6, 72480, {, 3, 70, 127
6, 73440, {, 3, 70, 0
6, 73440, {, 3, 69, 127
6, 74400, {, 3, 69, 0
6, 74400, {, 3, 74, 127
6, 75360, {, 3, 74, 0
6, 75360, {, 3, 70, 127
6, 76800, {, 3, 70, 0
6, 76800, {, 3, 69, 127
6, 77280, {, 3, 69, 0
6, 77280, {, 3, 69, 127
6, 79200, {, 3, 69, 0
6, 129360, &, 3, 11, 95
6, 129600, &, 3, 11, 91
6, 129840, &, 3, 11, 89
6, 130080, &, 3, 11, 86
6, 130320, &, 3, 11, 83
6, 130560, &, 3, 11, 80
6, 130800, &, 3, 11, 77
6, 131040, &, 3, 11, 71
6, 131280, &, 3, 11, 69
6, 131520, &, 3, 11, 66
6, 131760, &, 3, 11, 63
6, 132000, &, 3, 11, 60
6, 132240, &, 3, 11, 57
6, 132480, &, 3, 11, 52
6, 132720, &, 3, 11, 43
6, 132960, &, 3, 11, 36
6, 133200, &, 3, 11, 31
6, 133440, &, 3, 11, 27
6, 133680, &, 3, 11, 26
6, 133920, &, 3, 11, 23
6, 134160, &, 3, 11, 19
6, 134400, &, 3, 11, 15
6, 134640, &, 3, 11, 10
6, 134880, &, 3, 11, 7
6, 135120, &, 3, 11, 4
6, 135360, &, 3, 11, 3
6, 135600, &, 3, 11, 2
6, 136080, &, 3, 11, 1
6, 136320, &, 3, 11, 0
6, 136320, \
7, 0, /
7, 0, ~, "CH #5"
7, 0, =t, "Oboe"
7, 240, &, 4, 7, 100
7, 300, &, 4, 10, 64
7, 360, &, 4, 11, 100
7, 420, ;, 4, 68
7, 480, |, "Start"
7, 480, &, 4, 11, 100
7, 480, &, 4, 10, 64
7, 31200, {, 4, 69, 127
7, 32160, {, 4, 69, 0
7, 32160, {, 4, 64, 127
7, 32640, {, 4, 64, 0
7, 32640, {, 4, 65, 127
7, 33120, {, 4, 65, 0
7, 33120, {, 4, 67, 127
7, 34080, {, 4, 67, 0
7, 34080, {, 4, 70, 127
7, 35040, {, 4, 70, 0
7, 35040, {, 4, 69, 127
7, 36000, {, 4, 69, 0
7, 36000, {, 4, 62, 127
7, 36960, {, 4, 62, 0
7, 36960, {, 4, 64, 127
7, 38400, {, 4, 64, 0
7, 38400, {, 4, 65, 127
7, 38880, {, 4, 65, 0
7, 38880, {, 4, 69, 127
7, 39840, {, 4, 69, 0
7, 39840, {, 4, 64, 127
7, 40320, {, 4, 64, 0
7, 40320, {, 4, 65, 127
7, 40800, {, 4, 65, 0
7, 40800, {, 4, 67, 127
7, 41760, {, 4, 67, 0
7, 41760, {, 4, 70, 127
7, 42720, {, 4, 70, 0
7, 42720, {, 4, 69, 127
7, 43680, {, 4, 69, 0
7, 43680, {, 4, 74, 127
7, 44640, {, 4, 74, 0
7, 44640, {, 4, 70, 127
7, 46080, {, 4, 70, 0
7, 46080, {, 4, 67, 127
7, 46560, {, 4, 67, 0
7, 46560, {, 4, 69, 127
7, 48480, {, 4, 69, 0
7, 61920, {, 4, 69, 127
7, 62880, {, 4, 69, 0
7, 62880, {, 4, 64, 127
7, 63360, {, 4, 64, 0
7, 63360, {, 4, 65, 127
7, 63840, {, 4, 65, 0
7, 63840, {, 4, 67, 127
7, 64800, {, 4, 67, 0
7, 64800, {, 4, 70, 127
7, 65760, {, 4, 70, 0
7, 65760, {, 4, 69, 127
7, 66720, {, 4, 69, 0
7, 66720, {, 4, 62, 127
7, 67680, {, 4, 62, 0
7, 67680, {, 4, 64, 127
7, 69120, {, 4, 64, 0
7, 69120, {, 4, 65, 127
7, 69600, {, 4, 65, 0
7, 69600, {, 4, 69, 127
7, 70560, {, 4, 69, 0
7, 70560, {, 4, 64, 127
7, 71040, {, 4, 64, 0
7, 71040, {, 4, 65, 127
7, 71520, {, 4, 65, 0
7, 71520, {, 4, 67, 127
7, 72480, {, 4, 67, 0
7, 72480, {, 4, 70, 127
7, 73440, {, 4, 70, 0
7, 73440, {, 4, 69, 127
7, 74400, {, 4, 69, 0
7, 74400, {, 4, 74, 127
7, 75360, {, 4, 74, 0
7, 75360, {, 4, 70, 127
7, 76800, {, 4, 70, 0
7, 76800, {, 4, 69, 127
7, 77280, {, 4, 69, 0
7, 77280, {, 4, 69, 127
7, 79200, {, 4, 69, 0
7, 129360, &, 4, 11, 95
7, 129600, &, 4, 11, 91
7, 129840, &, 4, 11, 89
7, 130080, &, 4, 11, 86
7, 130320, &, 4, 11, 83
7, 130560, &, 4, 11, 80
7, 130800, &, 4, 11, 77
7, 131040, &, 4, 11, 71
7, 131280, &, 4, 11, 69
7, 131520, &, 4, 11, 66
7, 131760, &, 4, 11, 63
7, 132000, &, 4, 11, 60
7, 132240, &, 4, 11, 57
7, 132480, &, 4, 11, 52
7, 132720, &, 4, 11, 43
7, 132960, &, 4, 11, 36
7, 133200, &, 4, 11, 31
7, 133440, &, 4, 11, 27
7, 133680, &, 4, 11, 26
7, 133920, &, 4, 11, 23
7, 134160, &, 4, 11, 19
7, 134400, &, 4, 11, 15
7, 134640, &, 4, 11, 10
7, 134880, &, 4, 11, 7
7, 135120, &, 4, 11, 4
7, 135360, &, 4, 11, 3
7, 135600, &, 4, 11, 2
7, 136080, &, 4, 11, 1
7, 136320, &, 4, 11, 0
7, 136320, \
8, 0, /
8, 0, ~, "CH #6"
8, 0, =t, "Slow Str."
8, 240, &, 5, 7, 100
8, 300, &, 5, 10, 64
8, 360, &, 5, 11, 100
8, 420, ;, 5, 49
8, 480, |, "Start"
8, 480, &, 5, 11, 100
8, 480, &, 5, 10, 64
8, 46560, {, 5, 69, 127
8, 46560, {, 5, 57, 127
8, 47520, {, 5, 57, 0
8, 47520, {, 5, 69, 0
8, 47520, {, 5, 77, 127
8, 47520, {, 5, 65, 127
8, 48480, {, 5, 65, 0
8, 48480, {, 5, 77, 0
8, 48480, {, 5, 74, 127
8, 48480, {, 5, 62, 127
8, 52320, {, 5, 62, 0
8, 52320, {, 5, 74, 0
8, 54240, {, 5, 69, 127
8, 54240, {, 5, 57, 127
8, 55200, {, 5, 57, 0
8, 55200, {, 5, 69, 0
8, 55200, {, 5, 77, 127
8, 55200, {, 5, 65, 127
8, 56160, {, 5, 65, 0
8, 56160, {, 5, 77, 0
8, 56160, {, 5, 74, 127
8, 56160, {, 5, 62, 127
8, 61920, {, 5, 62, 0
8, 61920, {, 5, 74, 0
8, 77280, {, 5, 57, 127
8, 77280, {, 5, 45, 127
8, 78240, {, 5, 45, 0
8, 78240, {, 5, 57, 0
8, 78240, {, 5, 65, 127
8, 78240, {, 5, 53, 127
8, 79200, {, 5, 53, 0
8, 79200, {, 5, 65, 0
8, 79200, {, 5, 62, 127
8, 79200, {, 5, 50, 127
8, 83040, {, 5, 50, 0
8, 83040, {, 5, 62, 0
8, 84960, {, 5, 57, 127
8, 84960, {, 5, 45, 127
8, 85920, {, 5, 45, 0
8, 85920, {, 5, 57, 0
8, 85920, {, 5, 65, 127
8, 85920, {, 5, 53, 127
8, 86880, {, 5, 53, 0
8, 86880, {, 5, 65, 0
8, 86880, {, 5, 62, 127
8, 86880, {, 5, 50, 127
8, 92640, {, 5, 50, 0
8, 92640, {, 5, 62, 0
8, 129360, &, 5, 11, 95
8, 129600, &, 5, 11, 91
8, 129840, &, 5, 11, 89
8, 130080, &, 5, 11, 86
8, 130320, &, 5, 11, 83
8, 130560, &, 5, 11, 80
8, 130800, &, 5, 11, 77
8, 131040, &, 5, 11, 71
8, 131280, &, 5, 11, 69
8, 131520, &, 5, 11, 66
8, 131760, &, 5, 11, 63
8, 132000, &, 5, 11, 60
8, 132240, &, 5, 11, 57
8, 132480, &, 5, 11, 52
8, 132720, &, 5, 11, 43
8, 132960, &, 5, 11, 36
8, 133200, &, 5, 11, 31
8, 133440, &, 5, 11, 27
8, 133680, &, 5, 11, 26
8, 133920, &, 5, 11, 23
8, 134160, &, 5, 11, 19
8, 134400, &, 5, 11, 15
8, 134640, &, 5, 11, 10
8, 134880, &, 5, 11, 7
8, 135120, &, 5, 11, 4
8, 135360, &, 5, 11, 3
8, 135600, &, 5, 11, 2
8, 136080, &, 5, 11, 1
8, 136320, &, 5, 11, 0
8, 136320, \
9, 0, /
9, 0, ~, "CH #7"
9, 0, =t, "Reed Organ"
9, 240, &, 6, 7, 100
9, 300, &, 6, 10, 64
9, 360, &, 6, 11, 100
9, 420, ;, 6, 20
9, 480, |, "Start"
9, 480, &, 6, 11, 100
9, 480, &, 6, 10, 64
9, 92640, {, 6, 64, 127
9, 94080, {, 6, 64, 0
9, 94080, {, 6, 65, 127
9, 94560, {, 6, 65, 0
9, 94560, {, 6, 67, 127
9, 96000, {, 6, 67, 0
9, 96000, {, 6, 65, 127
9, 96480, {, 6, 65, 0
9, 96480, {, 6, 64, 127
9, 97440, {, 6, 64, 0
9, 97440, {, 6, 65, 127
9, 98400, {, 6, 65, 0
9, 98400, {, 6, 64, 127
9, 98880, {, 6, 64, 0
9, 98880, {, 6, 62, 127
9, 99360, {, 6, 62, 0
9, 99360, {, 6, 58, 127
9, 100320, {, 6, 58, 0
9, 100320, {, 6, 57, 127
9, 104160, {, 6, 57, 0
9, 104160, {, 6, 58, 127
9, 108000, {, 6, 58, 0
9, 108000, {, 6, 64, 127
9, 109440, {, 6, 64, 0
9, 109440, {, 6, 65, 127
9, 109920, {, 6, 65, 0
9, 109920, {, 6, 67, 127
9, 111360, {, 6, 67, 0
9, 111360, {, 6, 65, 127
9, 111840, {, 6, 65, 0
9, 111840, {, 6, 64, 127
9, 113280, {, 6, 64, 0
9, 113280, {, 6, 62, 127
9, 113760, {, 6, 62, 0
9, 113760, {, 6, 64, 127
9, 114240, {, 6, 64, 0
9, 114240, {, 6, 65, 127
9, 114720, {, 6, 65, 0
9, 114720, {, 6, 67, 127
9, 115200, {, 6, 67, 0
9, 115200, {, 6, 69, 127
9, 115680, {, 6, 69, 0
9, 115680, {, 6, 70, 127
9, 119040, {, 6, 70, 0
9, 129360, &, 6, 11, 95
9, 129600, &, 6, 11, 91
9, 129840, &, 6, 11, 89
9, 130080, &, 6, 11, 86
9, 130320, &, 6, 11, 83
9, 130560, &, 6, 11, 80
9, 130800, &, 6, 11, 77
9, 131040, &, 6, 11, 71
9, 131280, &, 6, 11, 69
9, 131520, &, 6, 11, 66
9, 131760, &, 6, 11, 63
9, 132000, &, 6, 11, 60
9, 132240, &, 6, 11, 57
9, 132480, &, 6, 11, 52
9, 132720, &, 6, 11, 43
9, 132960, &, 6, 11, 36
9, 133200, &, 6, 11, 31
9, 133440, &, 6, 11, 27
9, 133680, &, 6, 11, 26
9, 133920, &, 6, 11, 23
9, 134160, &, 6, 11, 19
9, 134400, &, 6, 11, 15
9, 134640, &, 6, 11, 10
9, 134880, &, 6, 11, 7
9, 135120, &, 6, 11, 4
9, 135360, &, 6, 11, 3
9, 135600, &, 6, 11, 2
9, 136080, &, 6, 11, 1
9, 136320, &, 6, 11, 0
9, 136320, \
10, 0, /
10, 0, ~, "CH #8"
10, 0, =t, "Brass"
10, 240, &, 7, 7, 48
10, 300, &, 7, 10, 64
10, 360, &, 7, 11, 100
10, 420, ;, 7, 61
10, 480, |, "Start"
10, 480, &, 7, 11, 100
10, 480, &, 7, 10, 64
10, 92640, {, 7, 60, 127
10, 92640, {, 7, 48, 127
10, 92640, {, 7, 55, 127
10, 96480, {, 7, 55, 0
10, 96480, {, 7, 48, 0
10, 96480, {, 7, 60, 0
10, 96480, {, 7, 60, 127
10, 96480, {, 7, 55, 127
10, 96480, {, 7, 48, 127
10, 100320, {, 7, 48, 0
10, 100320, {, 7, 55, 0
10, 100320, {, 7, 60, 0
10, 100320, {, 7, 57, 127
10, 100320, {, 7, 45, 127
10, 100320, {, 7, 50, 127
10, 104160, {, 7, 50, 0
10, 104160, {, 7, 45, 0
10, 104160, {, 7, 57, 0
10, 104160, {, 7, 58, 127
10, 104160, {, 7, 46, 127
10, 104160, {, 7, 50, 127
10, 108000, {, 7, 50, 0
10, 108000, {, 7, 46, 0
10, 108000, {, 7, 58, 0
10, 108000, {, 7, 60, 127
10, 108000, {, 7, 55, 127
10, 108000, {, 7, 48, 127
10, 111840, {, 7, 48, 0
10, 111840, {, 7, 55, 0
10, 111840, {, 7, 60, 0
10, 111840, {, 7, 60, 127
10, 111840, {, 7, 55, 127
10, 111840, {, 7, 48, 127
10, 115680, {, 7, 48, 0
10, 115680, {, 7, 55, 0
10, 115680, {, 7, 60, 0
10, 115680, {, 7, 58, 127
10, 115680, {, 7, 46, 127
10, 115680, {, 7, 50, 127
10, 119520, {, 7, 50, 0
10, 119520, {, 7, 46, 0
10, 119520, {, 7, 58, 0
10, 119520, {, 7, 58, 127
10, 119520, {, 7, 46, 127
10, 119520, {, 7, 50, 127
10, 123360, {, 7, 50, 0
10, 123360, {, 7, 46, 0
10, 123360, {, 7, 58, 0
10, 129360, &, 7, 11, 95
10, 129600, &, 7, 11, 91
10, 129840, &, 7, 11, 89
10, 130080, &, 7, 11, 86
10, 130320, &, 7, 11, 83
10, 130560, &, 7, 11, 80
10, 130800, &, 7, 11, 77
10, 131040, &, 7, 11, 71
10, 131280, &, 7, 11, 69
10, 131520, &, 7, 11, 66
10, 131760, &, 7, 11, 63
10, 132000, &, 7, 11, 60
10, 132240, &, 7, 11, 57
10, 132480, &, 7, 11, 52
10, 132720, &, 7, 11, 43
10, 132960, &, 7, 11, 36
10, 133200, &, 7, 11, 31
10, 133440, &, 7, 11, 27
10, 133680, &, 7, 11, 26
10, 133920, &, 7, 11, 23
10, 134160, &, 7, 11, 19
10, 134400, &, 7, 11, 15
10, 134640, &, 7, 11, 10
10, 134880, &, 7, 11, 7
10, 135120, &, 7, 11, 4
10, 135360, &, 7, 11, 3
10, 135600, &, 7, 11, 2
10, 136080, &, 7, 11, 1
10, 136320, &, 7, 11, 0
10, 136320, \
11, 0, /
11, 0, ~, "CH #9"
11, 0, =t, "Timpani"
11, 240, &, 8, 7, 100
11, 300, &, 8, 10, 64
11, 360, &, 8, 11, 100
11, 420, ;, 8, 47
11, 480, |, "Start"
11, 480, &, 8, 11, 100
11, 480, &, 8, 10, 64
11, 95040, {, 8, 52, 127
11, 95160, {, 8, 52, 0
11, 95520, {, 8, 46, 127
11, 95640, {, 8, 46, 0
11, 98880, {, 8, 52, 127
11, 99000, {, 8, 52, 0
11, 99360, {, 8, 46, 127
11, 99480, {, 8, 46, 0
11, 99840, {, 8, 46, 127
11, 99960, {, 8, 46, 0
11, 110400, {, 8, 52, 127
11, 110520, {, 8, 52, 0
11, 110880, {, 8, 46, 127
11, 111000, {, 8, 46, 0
11, 114240, {, 8, 52, 127
11, 114360, {, 8, 52, 0
11, 114720, {, 8, 46, 127
11, 114840, {, 8, 46, 0
11, 115200, {, 8, 46, 127
11, 115320, {, 8, 46, 0
11, 121920, {, 8, 45, 127
11, 122040, {, 8, 45, 0
11, 122400, {, 8, 45, 127
11, 122520, {, 8, 45, 0
11, 129360, &, 8, 11, 95
11, 129600, &, 8, 11, 91
11, 129840, &, 8, 11, 89
11, 130080, &, 8, 11, 86
11, 130320, &, 8, 11, 83
11, 130560, &, 8, 11, 80
11, 130800, &, 8, 11, 77
11, 131040, &, 8, 11, 71
11, 131280, &, 8, 11, 69
11, 131520, &, 8, 11, 66
11, 131760, &, 8, 11, 63
11, 132000, &, 8, 11, 60
11, 132240, &, 8, 11, 57
11, 132480, &, 8, 11, 52
11, 132720, &, 8, 11, 43
11, 132960, &, 8, 11, 36
11, 133200, &, 8, 11, 31
11, 133440, &, 8, 11, 27
11, 133680, &, 8, 11, 26
11, 133920, &, 8, 11, 23
11, 134160, &, 8, 11, 19
11, 134400, &, 8, 11, 15
11, 134640, &, 8, 11, 10
11, 134880, &, 8, 11, 7
11, 135120, &, 8, 11, 4
11, 135360, &, 8, 11, 3
11, 135600, &, 8, 11, 2
11, 136080, &, 8, 11, 1
11, 136320, &, 8, 11, 0
11, 136320, \
12, 0, /
12, 0, ~, "CH #10"
12, 0, =t, "Piano1"
12, 240, &, 9, 7, 100
12, 300, &, 9, 10, 64
12, 360, &, 9, 11, 100
12, 420, ;, 9, 0
12, 480, |, "Start"
12, 480, &, 9, 11, 100
12, 480, &, 9, 10, 64
12, 92640, {, 9, 59, 127
12, 92640, {, 9, 55, 127
12, 92640, {, 9, 52, 127
12, 92760, {, 9, 52, 0
12, 92760, {, 9, 55, 0
12, 92760, {, 9, 59, 0
12, 93120, {, 9, 80, 127
12, 93360, {, 9, 80, 0
12, 93600, {, 9, 80, 127
12, 93660, {, 9, 80, 0
12, 96480, {, 9, 59, 127
12, 96480, {, 9, 55, 127
12, 96480, {, 9, 52, 127
12, 96600, {, 9, 52, 0
12, 96600, {, 9, 55, 0
12, 96600, {, 9, 59, 0
12, 96960, {, 9, 80, 127
12, 97020, {, 9, 80, 0
12, 97200, {, 9, 80, 127
12, 97260, {, 9, 80, 0
12, 97440, {, 9, 80, 127
12, 97500, {, 9, 80, 0
12, 108000, {, 9, 59, 127
12, 108000, {, 9, 55, 127
12, 108000, {, 9, 52, 127
12, 108120, {, 9, 52, 0
12, 108120, {, 9, 55, 0
12, 108120, {, 9, 59, 0
12, 108480, {, 9, 80, 127
12, 108720, {, 9, 80, 0
12, 108960, {, 9, 80, 127
12, 109020, {, 9, 80, 0
12, 111840, {, 9, 59, 127
12, 111840, {, 9, 55, 127
12, 111840, {, 9, 52, 127
12, 111960, {, 9, 52, 0
12, 111960, {, 9, 55, 0
12, 111960, {, 9, 59, 0
12, 112320, {, 9, 80, 127
12, 112380, {, 9, 80, 0
12, 112560, {, 9, 80, 127
12, 112620, {, 9, 80, 0
12, 112800, {, 9, 80, 127
12, 112860, {, 9, 80, 0
12, 129360, &, 9, 11, 95
12, 129600, &, 9, 11, 91
12, 129840, &, 9, 11, 89
12, 130080, &, 9, 11, 86
12, 130320, &, 9, 11, 83
12, 130560, &, 9, 11, 80
12, 130800, &, 9, 11, 77
12, 131040, &, 9, 11, 71
12, 131280, &, 9, 11, 69
12, 131520, &, 9, 11, 66
12, 131760, &, 9, 11, 63
12, 132000, &, 9, 11, 60
12, 132240, &, 9, 11, 57
12, 132480, &, 9, 11, 52
12, 132720, &, 9, 11, 43
12, 132960, &, 9, 11, 36
12, 133200, &, 9, 11, 31
12, 133440, &, 9, 11, 27
12, 133680, &, 9, 11, 26
12, 133920, &, 9, 11, 23
12, 134160, &, 9, 11, 19
12, 134400, &, 9, 11, 15
12, 134640, &, 9, 11, 10
12, 134880, &, 9, 11, 7
12, 135120, &, 9, 11, 4
12, 135360, &, 9, 11, 3
12, 135600, &, 9, 11, 2
12, 136080, &, 9, 11, 1
12, 136320, &, 9, 11, 0
12, 136320, \
13, 0, /
13, 0, ~, "CH #11"
13, 0, =t, "Piano1"
13, 240, &, 10, 7, 100
13, 300, &, 10, 10, 64
13, 360, &, 10, 11, 100
13, 420, ;, 10, 0
13, 480, |, "Start"
13, 480, &, 10, 11, 100
13, 480, &, 10, 10, 64
13, 129360, &, 10, 11, 95
13, 129600, &, 10, 11, 91
13, 129840, &, 10, 11, 89
13, 130080, &, 10, 11, 86
13, 130320, &, 10, 11, 83
13, 130560, &, 10, 11, 80
13, 130800, &, 10, 11, 77
13, 131040, &, 10, 11, 71
13, 131280, &, 10, 11, 69
13, 131520, &, 10, 11, 66
13, 131760, &, 10, 11, 63
13, 132000, &, 10, 11, 60
13, 132240, &, 10, 11, 57
13, 132480, &, 10, 11, 52
13, 132720, &, 10, 11, 43
13, 132960, &, 10, 11, 36
13, 133200, &, 10, 11, 31
13, 133440, &, 10, 11, 27
13, 133680, &, 10, 11, 26
13, 133920, &, 10, 11, 23
13, 134160, &, 10, 11, 19
13, 134400, &, 10, 11, 15
13, 134640, &, 10, 11, 10
13, 134880, &, 10, 11, 7
13, 135120, &, 10, 11, 4
13, 135360, &, 10, 11, 3
13, 135600, &, 10, 11, 2
13, 136080, &, 10, 11, 1
13, 136320, &, 10, 11, 0
13, 136320, \
14, 0, /
14, 0, ~, "CH #12"
14, 0, =t, "Piano1"
14, 240, &, 11, 7, 100
14, 300, &, 11, 10, 64
14, 360, &, 11, 11, 100
14, 420, ;, 11, 0
14, 480, |, "Start"
14, 480, &, 11, 11, 100
14, 480, &, 11, 10, 64
14, 129360, &, 11, 11, 95
14, 129600, &, 11, 11, 91
14, 129840, &, 11, 11, 89
14, 130080, &, 11, 11, 86
14, 130320, &, 11, 11, 83
14, 130560, &, 11, 11, 80
14, 130800, &, 11, 11, 77
14, 131040, &, 11, 11, 71
14, 131280, &, 11, 11, 69
14, 131520, &, 11, 11, 66
14, 131760, &, 11, 11, 63
14, 132000, &, 11, 11, 60
14, 132240, &, 11, 11, 57
14, 132480, &, 11, 11, 52
14, 132720, &, 11, 11, 43
14, 132960, &, 11, 11, 36
14, 133200, &, 11, 11, 31
14, 133440, &, 11, 11, 27
14, 133680, &, 11, 11, 26
14, 133920, &, 11, 11, 23
14, 134160, &, 11, 11, 19
14, 134400, &, 11, 11, 15
14, 134640, &, 11, 11, 10
14, 134880, &, 11, 11, 7
14, 135120, &, 11, 11, 4
14, 135360, &, 11, 11, 3
14, 135600, &, 11, 11, 2
14, 136080, &, 11, 11, 1
14, 136320, &, 11, 11, 0
14, 136320, \
15, 0, /
15, 0, ~, "CH #13"
15, 0, =t, "Piano1"
15, 240, &, 12, 7, 100
15, 300, &, 12, 10, 64
15, 360, &, 12, 11, 100
15, 420, ;, 12, 0
15, 480, |, "Start"
15, 480, &, 12, 11, 100
15, 480, &, 12, 10, 64
15, 129360, &, 12, 11, 95
15, 129600, &, 12, 11, 91
15, 129840, &, 12, 11, 89
15, 130080, &, 12, 11, 86
15, 130320, &, 12, 11, 83
15, 130560, &, 12, 11, 80
15, 130800, &, 12, 11, 77
15, 131040, &, 12, 11, 71
15, 131280, &, 12, 11, 69
15, 131520, &, 12, 11, 66
15, 131760, &, 12, 11, 63
15, 132000, &, 12, 11, 60
15, 132240, &, 12, 11, 57
15, 132480, &, 12, 11, 52
15, 132720, &, 12, 11, 43
15, 132960, &, 12, 11, 36
15, 133200, &, 12, 11, 31
15, 133440, &, 12, 11, 27
15, 133680, &, 12, 11, 26
15, 133920, &, 12, 11, 23
15, 134160, &, 12, 11, 19
15, 134400, &, 12, 11, 15
15, 134640, &, 12, 11, 10
15, 134880, &, 12, 11, 7
15, 135120, &, 12, 11, 4
15, 135360, &, 12, 11, 3
15, 135600, &, 12, 11, 2
15, 136080, &, 12, 11, 1
15, 136320, &, 12, 11, 0
15, 136320, \
16, 0, /
16, 0, ~, "CH #14"
16, 0, =t, "Piano1"
16, 240, &, 13, 7, 100
16, 300, &, 13, 10, 64
16, 360, &, 13, 11, 100
16, 420, ;, 13, 0
16, 480, |, "Start"
16, 480, &, 13, 11, 100
16, 480, &, 13, 10, 64
16, 129360, &, 13, 11, 95
16, 129600, &, 13, 11, 91
16, 129840, &, 13, 11, 89
16, 130080, &, 13, 11, 86
16, 130320, &, 13, 11, 83
16, 130560, &, 13, 11, 80
16, 130800, &, 13, 11, 77
16, 131040, &, 13, 11, 71
16, 131280, &, 13, 11, 69
16, 131520, &, 13, 11, 66
16, 131760, &, 13, 11, 63
16, 132000, &, 13, 11, 60
16, 132240, &, 13, 11, 57
16, 132480, &, 13, 11, 52
16, 132720, &, 13, 11, 43
16, 132960, &, 13, 11, 36
16, 133200, &, 13, 11, 31
16, 133440, &, 13, 11, 27
16, 133680, &, 13, 11, 26
16, 133920, &, 13, 11, 23
16, 134160, &, 13, 11, 19
16, 134400, &, 13, 11, 15
16, 134640, &, 13, 11, 10
16, 134880, &, 13, 11, 7
16, 135120, &, 13, 11, 4
16, 135360, &, 13, 11, 3
16, 135600, &, 13, 11, 2
16, 136080, &, 13, 11, 1
16, 136320, &, 13, 11, 0
16, 136320, \
17, 0, /
17, 0, ~, "CH #15"
17, 0, =t, "Piano1"
17, 240, &, 14, 7, 100
17, 300, &, 14, 10, 64
17, 360, &, 14, 11, 100
17, 420, ;, 14, 0
17, 480, |, "Start"
17, 480, &, 14, 11, 100
17, 480, &, 14, 10, 64
17, 129360, &, 14, 11, 95
17, 129600, &, 14, 11, 91
17, 129840, &, 14, 11, 89
17, 130080, &, 14, 11, 86
17, 130320, &, 14, 11, 83
17, 130560, &, 14, 11, 80
17, 130800, &, 14, 11, 77
17, 131040, &, 14, 11, 71
17, 131280, &, 14, 11, 69
17, 131520, &, 14, 11, 66
17, 131760, &, 14, 11, 63
17, 132000, &, 14, 11, 60
17, 132240, &, 14, 11, 57
17, 132480, &, 14, 11, 52
17, 132720, &, 14, 11, 43
17, 132960, &, 14, 11, 36
17, 133200, &, 14, 11, 31
17, 133440, &, 14, 11, 27
17, 133680, &, 14, 11, 26
17, 133920, &, 14, 11, 23
17, 134160, &, 14, 11, 19
17, 134400, &, 14, 11, 15
17, 134640, &, 14, 11, 10
17, 134880, &, 14, 11, 7
17, 135120, &, 14, 11, 4
17, 135360, &, 14, 11, 3
17, 135600, &, 14, 11, 2
17, 136080, &, 14, 11, 1
17, 136320, &, 14, 11, 0
17, 136320, \
18, 0, /
18, 0, ~, "CH #16"
18, 0, =t, "Piano1"
18, 240, &, 15, 7, 100
18, 300, &, 15, 10, 64
18, 360, &, 15, 11, 100
18, 420, ;, 15, 0
18, 480, |, "Start"
18, 480, &, 15, 11, 100
18, 480, &, 15, 10, 64
18, 129360, &, 15, 11, 95
18, 129600, &, 15, 11, 91
18, 129840, &, 15, 11, 89
18, 130080, &, 15, 11, 86
18, 130320, &, 15, 11, 83
18, 130560, &, 15, 11, 80
18, 130800, &, 15, 11, 77
18, 131040, &, 15, 11, 71
18, 131280, &, 15, 11, 69
18, 131520, &, 15, 11, 66
18, 131760, &, 15, 11, 63
18, 132000, &, 15, 11, 60
18, 132240, &, 15, 11, 57
18, 132480, &, 15, 11, 52
18, 132720, &, 15, 11, 43
18, 132960, &, 15, 11, 36
18, 133200, &, 15, 11, 31
18, 133440, &, 15, 11, 27
18, 133680, &, 15, 11, 26
18, 133920, &, 15, 11, 23
18, 134160, &, 15, 11, 19
18, 134400, &, 15, 11, 15
18, 134640, &, 15, 11, 10
18, 134880, &, 15, 11, 7
18, 135120, &, 15, 11, 4
18, 135360, &, 15, 11, 3
18, 135600, &, 15, 11, 2
18, 136080, &, 15, 11, 1
18, 136320, &, 15, 11, 0
18, 136320, \
0, 0, >

