0, 0, <, 1, 17, 120
1, 0, /
1, 0, ~, "untitled"
1, 0, |, "\012"
1, 0, |, " \012"
1, 0, ?, 10, 65, 16, 66, 18, 0, 0, 127, 0, 1, 247
1, 0, ?, 10, 65, 16, 66, 18, 64, 1, 51, 100, 40, 247
1, 0, ?, 10, 65, 16, 66, 18, 64, 1, 52, 100, 39, 247
1, 0, ?, 10, 65, 16, 66, 18, 64, 1, 56, 4, 3, 247
1, 0, ?, 10, 65, 16, 66, 18, 64, 1, 58, 80, 53, 247
1, 0, ?, 10, 65, 16, 66, 18, 64, 2, 1, 68, 121, 247
1, 0, ?, 10, 65, 16, 66, 18, 64, 2, 2, 1, 59, 247
1, 0, ?, 10, 65, 16, 66, 18, 64, 2, 3, 68, 119, 247
1, 0, ?, 10, 65, 16, 66, 18, 64, 26, 21, 2, 15, 247
1, 0, $, 3, 2, 24, 8
1, 0, #, 0, "major"
1, 0, %, 405405
1, 0, \
2, 0, /
2, 0, ~, "A1-Strings     "
2, 0, &, 0, 0, 0
2, 0, &, 0, 32, 2
2, 0, ;, 0, 48
2, 0, &, 0, 7, 100
2, 0, &, 0, 10, 106
2, 60, |, "Start of Setup by GSAE"
2, 81, &, 0, 91, 40
2, 82, &, 0, 93, 0
2, 85, &, 0, 99, 1
2, 85, &, 0, 98, 102
2, 85, &, 0, 6, 68
2, 85, &, 0, 38, 0
2, 231, |, "End of Setup by GSAE"
2, 686, &, 0, 99, 1
2, 686, &, 0, 98, 102
2, 686, &, 0, 6, 68
2, 686, &, 0, 38, 1
2, 1080, {, 0, 62, 100
2, 1080, {, 0, 55, 100
2, 1107, {, 0, 55, 0
2, 1107, {, 0, 62, 0
2, 1260, {, 0, 62, 100
2, 1260, {, 0, 55, 100
2, 1287, {, 0, 55, 0
2, 1287, {, 0, 62, 0
2, 1440, {, 0, 62, 100
2, 1440, {, 0, 55, 100
2, 1467, {, 0, 55, 0
2, 1467, {, 0, 62, 0
2, 1560, {, 0, 62, 100
2, 1560, {, 0, 55, 100
2, 1587, {, 0, 55, 0
2, 1587, {, 0, 62, 0
2, 1680, {, 0, 62, 100
2, 1680, {, 0, 55, 100
2, 1707, {, 0, 55, 0
2, 1707, {, 0, 62, 0
2, 1800, {, 0, 62, 100
2, 1800, {, 0, 55, 100
2, 1827, {, 0, 55, 0
2, 1827, {, 0, 62, 0
2, 1980, {, 0, 62, 100
2, 1980, {, 0, 55, 100
2, 2007, {, 0, 55, 0
2, 2007, {, 0, 62, 0
2, 2160, {, 0, 62, 100
2, 2160, {, 0, 55, 100
2, 2187, {, 0, 55, 0
2, 2187, {, 0, 62, 0
2, 2280, {, 0, 62, 100
2, 2280, {, 0, 55, 100
2, 2307, {, 0, 55, 0
2, 2307, {, 0, 62, 0
2, 2400, {, 0, 62, 100
2, 2400, {, 0, 55, 100
2, 2427, {, 0, 55, 0
2, 2427, {, 0, 62, 0
2, 2520, {, 0, 62, 100
2, 2520, {, 0, 55, 100
2, 2547, {, 0, 55, 0
2, 2547, {, 0, 62, 0
2, 2700, {, 0, 62, 100
2, 2700, {, 0, 55, 100
2, 2727, {, 0, 55, 0
2, 2727, {, 0, 62, 0
2, 2880, {, 0, 62, 100
2, 2880, {, 0, 55, 100
2, 2907, {, 0, 55, 0
2, 2907, {, 0, 62, 0
2, 3000, {, 0, 62, 100
2, 3000, {, 0, 55, 100
2, 3027, {, 0, 55, 0
2, 3027, {, 0, 62, 0
2, 3120, {, 0, 62, 100
2, 3120, {, 0, 55, 100
2, 3147, {, 0, 55, 0
2, 3147, {, 0, 62, 0
2, 3240, {, 0, 62, 100
2, 3240, {, 0, 55, 100
2, 3267, {, 0, 55, 0
2, 3267, {, 0, 62, 0
2, 3420, {, 0, 62, 100
2, 3420, {, 0, 55, 100
2, 3447, {, 0, 55, 0
2, 3447, {, 0, 62, 0
2, 3600, {, 0, 62, 100
2, 3600, {, 0, 55, 100
2, 3627, {, 0, 55, 0
2, 3627, {, 0, 62, 0
2, 3720, {, 0, 62, 100
2, 3720, {, 0, 55, 100
2, 3747, {, 0, 55, 0
2, 3747, {, 0, 62, 0
2, 3840, {, 0, 62, 100
2, 3840, {, 0, 55, 100
2, 3867, {, 0, 55, 0
2, 3867, {, 0, 62, 0
2, 3960, {, 0, 62, 100
2, 3960, {, 0, 55, 100
2, 3987, {, 0, 55, 0
2, 3987, {, 0, 62, 0
2, 4140, {, 0, 62, 100
2, 4140, {, 0, 55, 100
2, 4167, {, 0, 55, 0
2, 4167, {, 0, 62, 0
2, 4320, {, 0, 62, 100
2, 4320, {, 0, 55, 100
2, 4347, {, 0, 55, 0
2, 4347, {, 0, 62, 0
2, 4440, {, 0, 62, 100
2, 4440, {, 0, 55, 100
2, 4467, {, 0, 55, 0
2, 4467, {, 0, 62, 0
2, 4560, {, 0, 62, 100
2, 4560, {, 0, 55, 100
2, 4587, {, 0, 55, 0
2, 4587, {, 0, 62, 0
2, 4680, {, 0, 62, 100
2, 4680, {, 0, 55, 100
2, 4707, {, 0, 55, 0
2, 4707, {, 0, 62, 0
2, 4860, {, 0, 62, 100
2, 4860, {, 0, 55, 100
2, 4887, {, 0, 55, 0
2, 4887, {, 0, 62, 0
2, 5040, {, 0, 62, 100
2, 5040, {, 0, 55, 100
2, 5067, {, 0, 55, 0
2, 5067, {, 0, 62, 0
2, 5160, {, 0, 62, 100
2, 5160, {, 0, 55, 100
2, 5187, {, 0, 55, 0
2, 5187, {, 0, 62, 0
2, 5280, {, 0, 62, 100
2, 5280, {, 0, 55, 100
2, 5307, {, 0, 55, 0
2, 5307, {, 0, 62, 0
2, 5400, {, 0, 62, 100
2, 5400, {, 0, 55, 100
2, 5427, {, 0, 55, 0
2, 5427, {, 0, 62, 0
2, 5580, {, 0, 62, 100
2, 5580, {, 0, 55, 100
2, 5607, {, 0, 55, 0
2, 5607, {, 0, 62, 0
2, 5760, {, 0, 62, 100
2, 5760, {, 0, 55, 100
2, 5787, {, 0, 55, 0
2, 5787, {, 0, 62, 0
2, 5880, {, 0, 62, 100
2, 5880, {, 0, 55, 100
2, 5907, {, 0, 55, 0
2, 5907, {, 0, 62, 0
2, 6000, {, 0, 62, 100
2, 6000, {, 0, 55, 100
2, 6027, {, 0, 55, 0
2, 6027, {, 0, 62, 0
2, 6120, {, 0, 62, 100
2, 6120, {, 0, 55, 100
2, 6147, {, 0, 55, 0
2, 6147, {, 0, 62, 0
2, 6300, {, 0, 62, 100
2, 6300, {, 0, 55, 100
2, 6327, {, 0, 55, 0
2, 6327, {, 0, 62, 0
2, 6480, {, 0, 62, 100
2, 6480, {, 0, 55, 100
2, 6507, {, 0, 55, 0
2, 6507, {, 0, 62, 0
2, 6600, {, 0, 62, 100
2, 6600, {, 0, 55, 100
2, 6627, {, 0, 55, 0
2, 6627, {, 0, 62, 0
2, 6720, {, 0, 62, 100
2, 6720, {, 0, 55, 100
2, 6747, {, 0, 55, 0
2, 6747, {, 0, 62, 0
2, 6840, {, 0, 62, 100
2, 6840, {, 0, 55, 100
2, 6867, {, 0, 55, 0
2, 6867, {, 0, 62, 0
2, 7020, {, 0, 62, 100
2, 7020, {, 0, 55, 100
2, 7047, {, 0, 55, 0
2, 7047, {, 0, 62, 0
2, 7200, {, 0, 62, 100
2, 7200, {, 0, 55, 100
2, 7227, {, 0, 55, 0
2, 7227, {, 0, 62, 0
2, 7320, {, 0, 62, 100
2, 7320, {, 0, 55, 100
2, 7347, {, 0, 55, 0
2, 7347, {, 0, 62, 0
2, 7440, {, 0, 62, 100
2, 7440, {, 0, 55, 100
2, 7467, {, 0, 55, 0
2, 7467, {, 0, 62, 0
2, 7560, {, 0, 62, 100
2, 7560, {, 0, 55, 100
2, 7587, {, 0, 55, 0
2, 7587, {, 0, 62, 0
2, 7740, {, 0, 62, 100
2, 7740, {, 0, 55, 100
2, 7767, {, 0, 55, 0
2, 7767, {, 0, 62, 0
2, 7920, {, 0, 62, 100
2, 7920, {, 0, 55, 100
2, 7947, {, 0, 55, 0
2, 7947, {, 0, 62, 0
2, 8040, {, 0, 62, 100
2, 8040, {, 0, 55, 100
2, 8067, {, 0, 55, 0
2, 8067, {, 0, 62, 0
2, 8160, {, 0, 62, 100
2, 8160, {, 0, 55, 100
2, 8187, {, 0, 55, 0
2, 8187, {, 0, 62, 0
2, 8280, {, 0, 62, 100
2, 8280, {, 0, 55, 100
2, 8307, {, 0, 55, 0
2, 8307, {, 0, 62, 0
2, 8460, {, 0, 62, 100
2, 8460, {, 0, 55, 100
2, 8487, {, 0, 55, 0
2, 8487, {, 0, 62, 0
2, 8640, {, 0, 62, 100
2, 8640, {, 0, 55, 100
2, 8667, {, 0, 55, 0
2, 8667, {, 0, 62, 0
2, 8760, {, 0, 62, 100
2, 8760, {, 0, 55, 100
2, 8787, {, 0, 55, 0
2, 8787, {, 0, 62, 0
2, 8880, {, 0, 62, 100
2, 8880, {, 0, 55, 100
2, 8907, {, 0, 55, 0
2, 8907, {, 0, 62, 0
2, 9000, {, 0, 62, 100
2, 9000, {, 0, 55, 100
2, 9027, {, 0, 55, 0
2, 9027, {, 0, 62, 0
2, 9180, {, 0, 62, 100
2, 9180, {, 0, 55, 100
2, 9207, {, 0, 55, 0
2, 9207, {, 0, 62, 0
2, 9360, {, 0, 62, 100
2, 9360, {, 0, 55, 100
2, 9387, {, 0, 55, 0
2, 9387, {, 0, 62, 0
2, 9480, {, 0, 62, 100
2, 9480, {, 0, 55, 100
2, 9507, {, 0, 55, 0
2, 9507, {, 0, 62, 0
2, 9600, {, 0, 62, 100
2, 9600, {, 0, 55, 100
2, 9627, {, 0, 55, 0
2, 9627, {, 0, 62, 0
2, 9720, {, 0, 62, 100
2, 9720, {, 0, 55, 100
2, 9747, {, 0, 55, 0
2, 9747, {, 0, 62, 0
2, 9900, {, 0, 62, 100
2, 9900, {, 0, 55, 100
2, 9927, {, 0, 55, 0
2, 9927, {, 0, 62, 0
2, 10080, {, 0, 62, 100
2, 10080, {, 0, 55, 100
2, 10107, {, 0, 55, 0
2, 10107, {, 0, 62, 0
2, 10200, {, 0, 62, 100
2, 10200, {, 0, 55, 100
2, 10227, {, 0, 55, 0
2, 10227, {, 0, 62, 0
2, 10320, {, 0, 62, 100
2, 10320, {, 0, 55, 100
2, 10347, {, 0, 55, 0
2, 10347, {, 0, 62, 0
2, 10440, {, 0, 65, 100
2, 10440, {, 0, 58, 100
2, 10440, {, 0, 70, 100
2, 10467, {, 0, 70, 0
2, 10467, {, 0, 58, 0
2, 10467, {, 0, 65, 0
2, 10740, {, 0, 65, 100
2, 10740, {, 0, 58, 100
2, 10740, {, 0, 70, 100
2, 10767, {, 0, 70, 0
2, 10767, {, 0, 58, 0
2, 10767, {, 0, 65, 0
2, 10860, {, 0, 65, 73
2, 10860, {, 0, 58, 73
2, 10860, {, 0, 70, 73
2, 10887, {, 0, 70, 0
2, 10887, {, 0, 58, 0
2, 10887, {, 0, 65, 0
2, 10920, {, 0, 65, 100
2, 10920, {, 0, 58, 100
2, 10920, {, 0, 70, 100
2, 10947, {, 0, 70, 0
2, 10947, {, 0, 58, 0
2, 10947, {, 0, 65, 0
2, 11040, {, 0, 65, 68
2, 11040, {, 0, 58, 68
2, 11040, {, 0, 70, 68
2, 11067, {, 0, 70, 0
2, 11067, {, 0, 58, 0
2, 11067, {, 0, 65, 0
2, 11100, {, 0, 65, 80
2, 11100, {, 0, 58, 80
2, 11100, {, 0, 70, 80
2, 11127, {, 0, 70, 0
2, 11127, {, 0, 58, 0
2, 11127, {, 0, 65, 0
2, 11160, {, 0, 65, 100
2, 11160, {, 0, 58, 100
2, 11160, {, 0, 70, 100
2, 11187, {, 0, 70, 0
2, 11187, {, 0, 58, 0
2, 11187, {, 0, 65, 0
2, 11580, {, 0, 65, 100
2, 11580, {, 0, 58, 100
2, 11580, {, 0, 70, 100
2, 11607, {, 0, 70, 0
2, 11607, {, 0, 58, 0
2, 11607, {, 0, 65, 0
2, 11640, {, 0, 65, 78
2, 11640, {, 0, 58, 78
2, 11640, {, 0, 70, 78
2, 11667, {, 0, 70, 0
2, 11667, {, 0, 58, 0
2, 11667, {, 0, 65, 0
2, 11760, {, 0, 65, 63
2, 11760, {, 0, 58, 63
2, 11760, {, 0, 70, 63
2, 11787, {, 0, 70, 0
2, 11787, {, 0, 58, 0
2, 11787, {, 0, 65, 0
2, 11820, {, 0, 65, 80
2, 11820, {, 0, 58, 80
2, 11820, {, 0, 70, 80
2, 11847, {, 0, 70, 0
2, 11847, {, 0, 58, 0
2, 11847, {, 0, 65, 0
2, 11880, {, 0, 65, 100
2, 11880, {, 0, 58, 100
2, 11880, {, 0, 70, 100
2, 11907, {, 0, 70, 0
2, 11907, {, 0, 58, 0
2, 11907, {, 0, 65, 0
2, 12300, {, 0, 65, 100
2, 12300, {, 0, 58, 100
2, 12300, {, 0, 70, 100
2, 12327, {, 0, 70, 0
2, 12327, {, 0, 58, 0
2, 12327, {, 0, 65, 0
2, 12360, {, 0, 65, 78
2, 12360, {, 0, 58, 78
2, 12360, {, 0, 70, 78
2, 12387, {, 0, 70, 0
2, 12387, {, 0, 58, 0
2, 12387, {, 0, 65, 0
2, 12480, {, 0, 65, 63
2, 12480, {, 0, 58, 63
2, 12480, {, 0, 70, 63
2, 12507, {, 0, 70, 0
2, 12507, {, 0, 58, 0
2, 12507, {, 0, 65, 0
2, 12540, {, 0, 65, 80
2, 12540, {, 0, 58, 80
2, 12540, {, 0, 70, 80
2, 12567, {, 0, 70, 0
2, 12567, {, 0, 58, 0
2, 12567, {, 0, 65, 0
2, 12600, {, 0, 65, 100
2, 12600, {, 0, 58, 100
2, 12600, {, 0, 70, 100
2, 12627, {, 0, 70, 0
2, 12627, {, 0, 58, 0
2, 12627, {, 0, 65, 0
2, 13020, {, 0, 65, 100
2, 13020, {, 0, 58, 100
2, 13020, {, 0, 70, 100
2, 13047, {, 0, 70, 0
2, 13047, {, 0, 58, 0
2, 13047, {, 0, 65, 0
2, 13080, {, 0, 65, 78
2, 13080, {, 0, 58, 78
2, 13080, {, 0, 70, 78
2, 13107, {, 0, 70, 0
2, 13107, {, 0, 58, 0
2, 13107, {, 0, 65, 0
2, 13200, {, 0, 65, 63
2, 13200, {, 0, 58, 63
2, 13200, {, 0, 70, 63
2, 13227, {, 0, 70, 0
2, 13227, {, 0, 58, 0
2, 13227, {, 0, 65, 0
2, 13260, {, 0, 65, 80
2, 13260, {, 0, 58, 80
2, 13260, {, 0, 70, 80
2, 13287, {, 0, 70, 0
2, 13287, {, 0, 58, 0
2, 13287, {, 0, 65, 0
2, 13320, {, 0, 66, 100
2, 13320, {, 0, 59, 100
2, 13320, {, 0, 71, 100
2, 13347, {, 0, 71, 0
2, 13347, {, 0, 59, 0
2, 13347, {, 0, 66, 0
2, 13740, {, 0, 66, 100
2, 13740, {, 0, 59, 100
2, 13740, {, 0, 71, 100
2, 13767, {, 0, 71, 0
2, 13767, {, 0, 59, 0
2, 13767, {, 0, 66, 0
2, 13800, {, 0, 66, 78
2, 13800, {, 0, 59, 78
2, 13800, {, 0, 71, 78
2, 13827, {, 0, 71, 0
2, 13827, {, 0, 59, 0
2, 13827, {, 0, 66, 0
2, 13920, {, 0, 66, 63
2, 13920, {, 0, 59, 63
2, 13920, {, 0, 71, 63
2, 13947, {, 0, 71, 0
2, 13947, {, 0, 59, 0
2, 13947, {, 0, 66, 0
2, 13980, {, 0, 66, 80
2, 13980, {, 0, 59, 80
2, 13980, {, 0, 71, 80
2, 14007, {, 0, 71, 0
2, 14007, {, 0, 59, 0
2, 14007, {, 0, 66, 0
2, 14040, {, 0, 66, 100
2, 14040, {, 0, 59, 100
2, 14040, {, 0, 71, 100
2, 14067, {, 0, 71, 0
2, 14067, {, 0, 59, 0
2, 14067, {, 0, 66, 0
2, 14460, {, 0, 66, 100
2, 14460, {, 0, 59, 100
2, 14460, {, 0, 71, 100
2, 14487, {, 0, 71, 0
2, 14487, {, 0, 59, 0
2, 14487, {, 0, 66, 0
2, 14520, {, 0, 66, 78
2, 14520, {, 0, 59, 78
2, 14520, {, 0, 71, 78
2, 14547, {, 0, 71, 0
2, 14547, {, 0, 59, 0
2, 14547, {, 0, 66, 0
2, 14640, {, 0, 66, 63
2, 14640, {, 0, 59, 63
2, 14640, {, 0, 71, 63
2, 14667, {, 0, 71, 0
2, 14667, {, 0, 59, 0
2, 14667, {, 0, 66, 0
2, 14700, {, 0, 66, 80
2, 14700, {, 0, 59, 80
2, 14700, {, 0, 71, 80
2, 14727, {, 0, 71, 0
2, 14727, {, 0, 59, 0
2, 14727, {, 0, 66, 0
2, 14760, {, 0, 64, 100
2, 14760, {, 0, 57, 100
2, 14760, {, 0, 69, 100
2, 14787, {, 0, 69, 0
2, 14787, {, 0, 57, 0
2, 14787, {, 0, 64, 0
2, 15180, {, 0, 64, 100
2, 15180, {, 0, 57, 100
2, 15180, {, 0, 69, 100
2, 15207, {, 0, 69, 0
2, 15207, {, 0, 57, 0
2, 15207, {, 0, 64, 0
2, 15240, {, 0, 64, 78
2, 15240, {, 0, 57, 78
2, 15240, {, 0, 69, 78
2, 15267, {, 0, 69, 0
2, 15267, {, 0, 57, 0
2, 15267, {, 0, 64, 0
2, 15360, {, 0, 64, 63
2, 15360, {, 0, 57, 63
2, 15360, {, 0, 69, 63
2, 15387, {, 0, 69, 0
2, 15387, {, 0, 57, 0
2, 15387, {, 0, 64, 0
2, 15420, {, 0, 64, 80
2, 15420, {, 0, 57, 80
2, 15420, {, 0, 69, 80
2, 15447, {, 0, 69, 0
2, 15447, {, 0, 57, 0
2, 15447, {, 0, 64, 0
2, 15480, {, 0, 64, 100
2, 15480, {, 0, 57, 100
2, 15480, {, 0, 69, 100
2, 15507, {, 0, 69, 0
2, 15507, {, 0, 57, 0
2, 15507, {, 0, 64, 0
2, 15900, {, 0, 64, 100
2, 15900, {, 0, 57, 100
2, 15900, {, 0, 69, 100
2, 15927, {, 0, 69, 0
2, 15927, {, 0, 57, 0
2, 15927, {, 0, 64, 0
2, 15960, {, 0, 64, 78
2, 15960, {, 0, 57, 78
2, 15960, {, 0, 69, 78
2, 15987, {, 0, 69, 0
2, 15987, {, 0, 57, 0
2, 15987, {, 0, 64, 0
2, 16080, {, 0, 64, 63
2, 16080, {, 0, 57, 63
2, 16080, {, 0, 69, 63
2, 16107, {, 0, 69, 0
2, 16107, {, 0, 57, 0
2, 16107, {, 0, 64, 0
2, 16140, {, 0, 64, 80
2, 16140, {, 0, 57, 80
2, 16140, {, 0, 69, 80
2, 16167, {, 0, 69, 0
2, 16167, {, 0, 57, 0
2, 16167, {, 0, 64, 0
2, 19800, {, 0, 69, 100
2, 19800, {, 0, 62, 100
2, 19890, {, 0, 62, 0
2, 19890, {, 0, 69, 0
2, 19980, {, 0, 62, 100
2, 19980, {, 0, 69, 100
2, 20070, {, 0, 69, 0
2, 20070, {, 0, 62, 0
2, 20520, {, 0, 62, 100
2, 20520, {, 0, 69, 100
2, 20610, {, 0, 69, 0
2, 20610, {, 0, 62, 0
2, 20700, {, 0, 69, 100
2, 20700, {, 0, 62, 100
2, 20790, {, 0, 62, 0
2, 20790, {, 0, 69, 0
2, 21240, {, 0, 69, 100
2, 21240, {, 0, 62, 100
2, 21330, {, 0, 62, 0
2, 21330, {, 0, 69, 0
2, 21420, {, 0, 62, 100
2, 21420, {, 0, 69, 100
2, 21510, {, 0, 69, 0
2, 21510, {, 0, 62, 0
2, 21960, {, 0, 62, 100
2, 21960, {, 0, 69, 100
2, 22050, {, 0, 69, 0
2, 22050, {, 0, 62, 0
2, 22140, {, 0, 69, 100
2, 22140, {, 0, 62, 100
2, 22230, {, 0, 62, 0
2, 22230, {, 0, 69, 0
2, 22680, {, 0, 62, 100
2, 22680, {, 0, 55, 100
2, 22707, {, 0, 55, 0
2, 22707, {, 0, 62, 0
2, 22860, {, 0, 62, 100
2, 22860, {, 0, 55, 100
2, 22887, {, 0, 55, 0
2, 22887, {, 0, 62, 0
2, 23040, {, 0, 62, 100
2, 23040, {, 0, 55, 100
2, 23067, {, 0, 55, 0
2, 23067, {, 0, 62, 0
2, 23160, {, 0, 62, 100
2, 23160, {, 0, 55, 100
2, 23187, {, 0, 55, 0
2, 23187, {, 0, 62, 0
2, 23280, {, 0, 62, 100
2, 23280, {, 0, 55, 100
2, 23307, {, 0, 55, 0
2, 23307, {, 0, 62, 0
2, 23400, {, 0, 62, 100
2, 23400, {, 0, 55, 100
2, 23427, {, 0, 55, 0
2, 23427, {, 0, 62, 0
2, 23580, {, 0, 62, 100
2, 23580, {, 0, 55, 100
2, 23607, {, 0, 55, 0
2, 23607, {, 0, 62, 0
2, 23760, {, 0, 62, 100
2, 23760, {, 0, 55, 100
2, 23787, {, 0, 55, 0
2, 23787, {, 0, 62, 0
2, 23880, {, 0, 62, 100
2, 23880, {, 0, 55, 100
2, 23907, {, 0, 55, 0
2, 23907, {, 0, 62, 0
2, 24000, {, 0, 62, 100
2, 24000, {, 0, 55, 100
2, 24027, {, 0, 55, 0
2, 24027, {, 0, 62, 0
2, 24120, {, 0, 62, 100
2, 24120, {, 0, 55, 100
2, 24147, {, 0, 55, 0
2, 24147, {, 0, 62, 0
2, 24300, {, 0, 62, 100
2, 24300, {, 0, 55, 100
2, 24327, {, 0, 55, 0
2, 24327, {, 0, 62, 0
2, 24480, {, 0, 62, 100
2, 24480, {, 0, 55, 100
2, 24507, {, 0, 55, 0
2, 24507, {, 0, 62, 0
2, 24600, {, 0, 62, 100
2, 24600, {, 0, 55, 100
2, 24627, {, 0, 55, 0
2, 24627, {, 0, 62, 0
2, 24720, {, 0, 62, 100
2, 24720, {, 0, 55, 100
2, 24747, {, 0, 55, 0
2, 24747, {, 0, 62, 0
2, 24840, {, 0, 62, 100
2, 24840, {, 0, 55, 100
2, 24867, {, 0, 55, 0
2, 24867, {, 0, 62, 0
2, 25020, {, 0, 62, 100
2, 25020, {, 0, 55, 100
2, 25047, {, 0, 55, 0
2, 25047, {, 0, 62, 0
2, 25200, {, 0, 62, 100
2, 25200, {, 0, 55, 100
2, 25227, {, 0, 55, 0
2, 25227, {, 0, 62, 0
2, 25320, {, 0, 62, 100
2, 25320, {, 0, 55, 100
2, 25347, {, 0, 55, 0
2, 25347, {, 0, 62, 0
2, 25440, {, 0, 62, 100
2, 25440, {, 0, 55, 100
2, 25467, {, 0, 55, 0
2, 25467, {, 0, 62, 0
2, 25560, {, 0, 62, 100
2, 25560, {, 0, 55, 100
2, 25587, {, 0, 55, 0
2, 25587, {, 0, 62, 0
2, 25740, {, 0, 62, 100
2, 25740, {, 0, 55, 100
2, 25767, {, 0, 55, 0
2, 25767, {, 0, 62, 0
2, 25920, {, 0, 62, 100
2, 25920, {, 0, 55, 100
2, 25947, {, 0, 55, 0
2, 25947, {, 0, 62, 0
2, 26040, {, 0, 62, 100
2, 26040, {, 0, 55, 100
2, 26067, {, 0, 55, 0
2, 26067, {, 0, 62, 0
2, 26160, {, 0, 62, 100
2, 26160, {, 0, 55, 100
2, 26187, {, 0, 55, 0
2, 26187, {, 0, 62, 0
2, 26280, {, 0, 62, 100
2, 26280, {, 0, 55, 100
2, 26307, {, 0, 55, 0
2, 26307, {, 0, 62, 0
2, 26460, {, 0, 62, 100
2, 26460, {, 0, 55, 100
2, 26487, {, 0, 55, 0
2, 26487, {, 0, 62, 0
2, 26640, {, 0, 62, 100
2, 26640, {, 0, 55, 100
2, 26667, {, 0, 55, 0
2, 26667, {, 0, 62, 0
2, 26760, {, 0, 62, 100
2, 26760, {, 0, 55, 100
2, 26787, {, 0, 55, 0
2, 26787, {, 0, 62, 0
2, 26880, {, 0, 62, 100
2, 26880, {, 0, 55, 100
2, 26907, {, 0, 55, 0
2, 26907, {, 0, 62, 0
2, 27000, {, 0, 62, 100
2, 27000, {, 0, 55, 100
2, 27027, {, 0, 55, 0
2, 27027, {, 0, 62, 0
2, 27180, {, 0, 62, 100
2, 27180, {, 0, 55, 100
2, 27207, {, 0, 55, 0
2, 27207, {, 0, 62, 0
2, 27360, {, 0, 62, 100
2, 27360, {, 0, 55, 100
2, 27387, {, 0, 55, 0
2, 27387, {, 0, 62, 0
2, 27480, {, 0, 62, 100
2, 27480, {, 0, 55, 100
2, 27507, {, 0, 55, 0
2, 27507, {, 0, 62, 0
2, 27600, {, 0, 62, 100
2, 27600, {, 0, 55, 100
2, 27627, {, 0, 55, 0
2, 27627, {, 0, 62, 0
2, 27720, {, 0, 62, 100
2, 27720, {, 0, 55, 100
2, 27747, {, 0, 55, 0
2, 27747, {, 0, 62, 0
2, 27900, {, 0, 62, 100
2, 27900, {, 0, 55, 100
2, 27927, {, 0, 55, 0
2, 27927, {, 0, 62, 0
2, 28080, {, 0, 62, 100
2, 28080, {, 0, 55, 100
2, 28107, {, 0, 55, 0
2, 28107, {, 0, 62, 0
2, 28200, {, 0, 62, 100
2, 28200, {, 0, 55, 100
2, 28227, {, 0, 55, 0
2, 28227, {, 0, 62, 0
2, 28320, {, 0, 62, 100
2, 28320, {, 0, 55, 100
2, 28347, {, 0, 55, 0
2, 28347, {, 0, 62, 0
2, 28440, {, 0, 62, 100
2, 28440, {, 0, 55, 100
2, 28467, {, 0, 55, 0
2, 28467, {, 0, 62, 0
2, 28620, {, 0, 62, 100
2, 28620, {, 0, 55, 100
2, 28647, {, 0, 55, 0
2, 28647, {, 0, 62, 0
2, 28800, {, 0, 62, 100
2, 28800, {, 0, 55, 100
2, 28827, {, 0, 55, 0
2, 28827, {, 0, 62, 0
2, 28920, {, 0, 62, 100
2, 28920, {, 0, 55, 100
2, 28947, {, 0, 55, 0
2, 28947, {, 0, 62, 0
2, 29040, {, 0, 62, 100
2, 29040, {, 0, 55, 100
2, 29067, {, 0, 55, 0
2, 29067, {, 0, 62, 0
2, 29160, {, 0, 62, 100
2, 29160, {, 0, 55, 100
2, 29187, {, 0, 55, 0
2, 29187, {, 0, 62, 0
2, 29340, {, 0, 62, 100
2, 29340, {, 0, 55, 100
2, 29367, {, 0, 55, 0
2, 29367, {, 0, 62, 0
2, 29520, {, 0, 62, 100
2, 29520, {, 0, 55, 100
2, 29547, {, 0, 55, 0
2, 29547, {, 0, 62, 0
2, 29640, {, 0, 62, 100
2, 29640, {, 0, 55, 100
2, 29667, {, 0, 55, 0
2, 29667, {, 0, 62, 0
2, 29760, {, 0, 62, 100
2, 29760, {, 0, 55, 100
2, 29787, {, 0, 55, 0
2, 29787, {, 0, 62, 0
2, 29880, {, 0, 62, 100
2, 29880, {, 0, 55, 100
2, 29907, {, 0, 55, 0
2, 29907, {, 0, 62, 0
2, 30060, {, 0, 62, 100
2, 30060, {, 0, 55, 100
2, 30087, {, 0, 55, 0
2, 30087, {, 0, 62, 0
2, 30240, {, 0, 62, 100
2, 30240, {, 0, 55, 100
2, 30267, {, 0, 55, 0
2, 30267, {, 0, 62, 0
2, 30360, {, 0, 62, 100
2, 30360, {, 0, 55, 100
2, 30387, {, 0, 55, 0
2, 30387, {, 0, 62, 0
2, 30480, {, 0, 62, 100
2, 30480, {, 0, 55, 100
2, 30507, {, 0, 55, 0
2, 30507, {, 0, 62, 0
2, 30600, {, 0, 62, 100
2, 30600, {, 0, 55, 100
2, 30627, {, 0, 55, 0
2, 30627, {, 0, 62, 0
2, 30780, {, 0, 62, 100
2, 30780, {, 0, 55, 100
2, 30807, {, 0, 55, 0
2, 30807, {, 0, 62, 0
2, 30960, {, 0, 62, 100
2, 30960, {, 0, 55, 100
2, 30987, {, 0, 55, 0
2, 30987, {, 0, 62, 0
2, 31080, {, 0, 62, 100
2, 31080, {, 0, 55, 100
2, 31107, {, 0, 55, 0
2, 31107, {, 0, 62, 0
2, 31200, {, 0, 62, 100
2, 31200, {, 0, 55, 100
2, 31227, {, 0, 55, 0
2, 31227, {, 0, 62, 0
2, 31320, {, 0, 62, 100
2, 31320, {, 0, 55, 100
2, 31347, {, 0, 55, 0
2, 31347, {, 0, 62, 0
2, 31500, {, 0, 62, 100
2, 31500, {, 0, 55, 100
2, 31527, {, 0, 55, 0
2, 31527, {, 0, 62, 0
2, 31680, {, 0, 62, 100
2, 31680, {, 0, 55, 100
2, 31707, {, 0, 55, 0
2, 31707, {, 0, 62, 0
2, 31800, {, 0, 62, 100
2, 31800, {, 0, 55, 100
2, 31827, {, 0, 55, 0
2, 31827, {, 0, 62, 0
2, 31920, {, 0, 62, 100
2, 31920, {, 0, 55, 100
2, 31947, {, 0, 55, 0
2, 31947, {, 0, 62, 0
2, 32040, {, 0, 65, 100
2, 32040, {, 0, 58, 100
2, 32040, {, 0, 70, 100
2, 32067, {, 0, 70, 0
2, 32067, {, 0, 58, 0
2, 32067, {, 0, 65, 0
2, 32340, {, 0, 65, 100
2, 32340, {, 0, 58, 100
2, 32340, {, 0, 70, 100
2, 32367, {, 0, 70, 0
2, 32367, {, 0, 58, 0
2, 32367, {, 0, 65, 0
2, 32460, {, 0, 65, 73
2, 32460, {, 0, 58, 73
2, 32460, {, 0, 70, 73
2, 32487, {, 0, 70, 0
2, 32487, {, 0, 58, 0
2, 32487, {, 0, 65, 0
2, 32520, {, 0, 65, 100
2, 32520, {, 0, 58, 100
2, 32520, {, 0, 70, 100
2, 32547, {, 0, 70, 0
2, 32547, {, 0, 58, 0
2, 32547, {, 0, 65, 0
2, 32640, {, 0, 65, 68
2, 32640, {, 0, 58, 68
2, 32640, {, 0, 70, 68
2, 32667, {, 0, 70, 0
2, 32667, {, 0, 58, 0
2, 32667, {, 0, 65, 0
2, 32700, {, 0, 65, 80
2, 32700, {, 0, 58, 80
2, 32700, {, 0, 70, 80
2, 32727, {, 0, 70, 0
2, 32727, {, 0, 58, 0
2, 32727, {, 0, 65, 0
2, 32760, {, 0, 65, 100
2, 32760, {, 0, 58, 100
2, 32760, {, 0, 70, 100
2, 32787, {, 0, 70, 0
2, 32787, {, 0, 58, 0
2, 32787, {, 0, 65, 0
2, 33180, {, 0, 65, 100
2, 33180, {, 0, 58, 100
2, 33180, {, 0, 70, 100
2, 33207, {, 0, 70, 0
2, 33207, {, 0, 58, 0
2, 33207, {, 0, 65, 0
2, 33240, {, 0, 65, 78
2, 33240, {, 0, 58, 78
2, 33240, {, 0, 70, 78
2, 33267, {, 0, 70, 0
2, 33267, {, 0, 58, 0
2, 33267, {, 0, 65, 0
2, 33360, {, 0, 65, 63
2, 33360, {, 0, 58, 63
2, 33360, {, 0, 70, 63
2, 33387, {, 0, 70, 0
2, 33387, {, 0, 58, 0
2, 33387, {, 0, 65, 0
2, 33420, {, 0, 65, 80
2, 33420, {, 0, 58, 80
2, 33420, {, 0, 70, 80
2, 33447, {, 0, 70, 0
2, 33447, {, 0, 58, 0
2, 33447, {, 0, 65, 0
2, 33480, {, 0, 65, 100
2, 33480, {, 0, 58, 100
2, 33480, {, 0, 70, 100
2, 33507, {, 0, 70, 0
2, 33507, {, 0, 58, 0
2, 33507, {, 0, 65, 0
2, 33900, {, 0, 65, 100
2, 33900, {, 0, 58, 100
2, 33900, {, 0, 70, 100
2, 33927, {, 0, 70, 0
2, 33927, {, 0, 58, 0
2, 33927, {, 0, 65, 0
2, 33960, {, 0, 65, 78
2, 33960, {, 0, 58, 78
2, 33960, {, 0, 70, 78
2, 33987, {, 0, 70, 0
2, 33987, {, 0, 58, 0
2, 33987, {, 0, 65, 0
2, 34080, {, 0, 65, 63
2, 34080, {, 0, 58, 63
2, 34080, {, 0, 70, 63
2, 34107, {, 0, 70, 0
2, 34107, {, 0, 58, 0
2, 34107, {, 0, 65, 0
2, 34140, {, 0, 65, 80
2, 34140, {, 0, 58, 80
2, 34140, {, 0, 70, 80
2, 34167, {, 0, 70, 0
2, 34167, {, 0, 58, 0
2, 34167, {, 0, 65, 0
2, 34200, {, 0, 65, 100
2, 34200, {, 0, 58, 100
2, 34200, {, 0, 70, 100
2, 34227, {, 0, 70, 0
2, 34227, {, 0, 58, 0
2, 34227, {, 0, 65, 0
2, 34620, {, 0, 65, 100
2, 34620, {, 0, 58, 100
2, 34620, {, 0, 70, 100
2, 34647, {, 0, 70, 0
2, 34647, {, 0, 58, 0
2, 34647, {, 0, 65, 0
2, 34680, {, 0, 65, 78
2, 34680, {, 0, 58, 78
2, 34680, {, 0, 70, 78
2, 34707, {, 0, 70, 0
2, 34707, {, 0, 58, 0
2, 34707, {, 0, 65, 0
2, 34800, {, 0, 65, 63
2, 34800, {, 0, 58, 63
2, 34800, {, 0, 70, 63
2, 34827, {, 0, 70, 0
2, 34827, {, 0, 58, 0
2, 34827, {, 0, 65, 0
2, 34860, {, 0, 65, 80
2, 34860, {, 0, 58, 80
2, 34860, {, 0, 70, 80
2, 34887, {, 0, 70, 0
2, 34887, {, 0, 58, 0
2, 34887, {, 0, 65, 0
2, 34920, {, 0, 66, 100
2, 34920, {, 0, 59, 100
2, 34920, {, 0, 71, 100
2, 34947, {, 0, 71, 0
2, 34947, {, 0, 59, 0
2, 34947, {, 0, 66, 0
2, 35340, {, 0, 66, 100
2, 35340, {, 0, 59, 100
2, 35340, {, 0, 71, 100
2, 35367, {, 0, 71, 0
2, 35367, {, 0, 59, 0
2, 35367, {, 0, 66, 0
2, 35400, {, 0, 66, 78
2, 35400, {, 0, 59, 78
2, 35400, {, 0, 71, 78
2, 35427, {, 0, 71, 0
2, 35427, {, 0, 59, 0
2, 35427, {, 0, 66, 0
2, 35520, {, 0, 66, 63
2, 35520, {, 0, 59, 63
2, 35520, {, 0, 71, 63
2, 35547, {, 0, 71, 0
2, 35547, {, 0, 59, 0
2, 35547, {, 0, 66, 0
2, 35580, {, 0, 66, 80
2, 35580, {, 0, 59, 80
2, 35580, {, 0, 71, 80
2, 35607, {, 0, 71, 0
2, 35607, {, 0, 59, 0
2, 35607, {, 0, 66, 0
2, 35640, {, 0, 66, 100
2, 35640, {, 0, 59, 100
2, 35640, {, 0, 71, 100
2, 35667, {, 0, 71, 0
2, 35667, {, 0, 59, 0
2, 35667, {, 0, 66, 0
2, 36060, {, 0, 66, 100
2, 36060, {, 0, 59, 100
2, 36060, {, 0, 71, 100
2, 36087, {, 0, 71, 0
2, 36087, {, 0, 59, 0
2, 36087, {, 0, 66, 0
2, 36120, {, 0, 66, 78
2, 36120, {, 0, 59, 78
2, 36120, {, 0, 71, 78
2, 36147, {, 0, 71, 0
2, 36147, {, 0, 59, 0
2, 36147, {, 0, 66, 0
2, 36240, {, 0, 66, 63
2, 36240, {, 0, 59, 63
2, 36240, {, 0, 71, 63
2, 36267, {, 0, 71, 0
2, 36267, {, 0, 59, 0
2, 36267, {, 0, 66, 0
2, 36300, {, 0, 66, 80
2, 36300, {, 0, 59, 80
2, 36300, {, 0, 71, 80
2, 36327, {, 0, 71, 0
2, 36327, {, 0, 59, 0
2, 36327, {, 0, 66, 0
2, 36360, {, 0, 64, 100
2, 36360, {, 0, 57, 100
2, 36360, {, 0, 69, 100
2, 36387, {, 0, 69, 0
2, 36387, {, 0, 57, 0
2, 36387, {, 0, 64, 0
2, 36780, {, 0, 64, 100
2, 36780, {, 0, 57, 100
2, 36780, {, 0, 69, 100
2, 36807, {, 0, 69, 0
2, 36807, {, 0, 57, 0
2, 36807, {, 0, 64, 0
2, 36840, {, 0, 64, 78
2, 36840, {, 0, 57, 78
2, 36840, {, 0, 69, 78
2, 36867, {, 0, 69, 0
2, 36867, {, 0, 57, 0
2, 36867, {, 0, 64, 0
2, 36960, {, 0, 64, 63
2, 36960, {, 0, 57, 63
2, 36960, {, 0, 69, 63
2, 36987, {, 0, 69, 0
2, 36987, {, 0, 57, 0
2, 36987, {, 0, 64, 0
2, 37020, {, 0, 64, 80
2, 37020, {, 0, 57, 80
2, 37020, {, 0, 69, 80
2, 37047, {, 0, 69, 0
2, 37047, {, 0, 57, 0
2, 37047, {, 0, 64, 0
2, 37080, {, 0, 64, 100
2, 37080, {, 0, 57, 100
2, 37080, {, 0, 69, 100
2, 37107, {, 0, 69, 0
2, 37107, {, 0, 57, 0
2, 37107, {, 0, 64, 0
2, 37500, {, 0, 64, 100
2, 37500, {, 0, 57, 100
2, 37500, {, 0, 69, 100
2, 37527, {, 0, 69, 0
2, 37527, {, 0, 57, 0
2, 37527, {, 0, 64, 0
2, 37560, {, 0, 64, 78
2, 37560, {, 0, 57, 78
2, 37560, {, 0, 69, 78
2, 37587, {, 0, 69, 0
2, 37587, {, 0, 57, 0
2, 37587, {, 0, 64, 0
2, 37680, {, 0, 64, 63
2, 37680, {, 0, 57, 63
2, 37680, {, 0, 69, 63
2, 37707, {, 0, 69, 0
2, 37707, {, 0, 57, 0
2, 37707, {, 0, 64, 0
2, 37740, {, 0, 64, 80
2, 37740, {, 0, 57, 80
2, 37740, {, 0, 69, 80
2, 37767, {, 0, 69, 0
2, 37767, {, 0, 57, 0
2, 37767, {, 0, 64, 0
2, 41400, {, 0, 69, 100
2, 41400, {, 0, 62, 100
2, 41490, {, 0, 62, 0
2, 41490, {, 0, 69, 0
2, 41580, {, 0, 62, 100
2, 41580, {, 0, 69, 100
2, 41670, {, 0, 69, 0
2, 41670, {, 0, 62, 0
2, 42120, {, 0, 62, 100
2, 42120, {, 0, 69, 100
2, 42210, {, 0, 69, 0
2, 42210, {, 0, 62, 0
2, 42300, {, 0, 69, 100
2, 42300, {, 0, 62, 100
2, 42390, {, 0, 62, 0
2, 42390, {, 0, 69, 0
2, 42840, {, 0, 69, 100
2, 42840, {, 0, 62, 100
2, 42930, {, 0, 62, 0
2, 42930, {, 0, 69, 0
2, 43020, {, 0, 62, 100
2, 43020, {, 0, 69, 100
2, 43110, {, 0, 69, 0
2, 43110, {, 0, 62, 0
2, 43560, {, 0, 62, 100
2, 43560, {, 0, 69, 100
2, 43650, {, 0, 69, 0
2, 43650, {, 0, 62, 0
2, 43740, {, 0, 69, 100
2, 43740, {, 0, 62, 100
2, 43830, {, 0, 62, 0
2, 43830, {, 0, 69, 0
2, 44280, {, 0, 62, 100
2, 44280, {, 0, 55, 100
2, 44307, {, 0, 55, 0
2, 44307, {, 0, 62, 0
2, 44460, {, 0, 62, 100
2, 44460, {, 0, 55, 100
2, 44487, {, 0, 55, 0
2, 44487, {, 0, 62, 0
2, 44640, {, 0, 62, 100
2, 44640, {, 0, 55, 100
2, 44667, {, 0, 55, 0
2, 44667, {, 0, 62, 0
2, 44760, {, 0, 62, 100
2, 44760, {, 0, 55, 100
2, 44787, {, 0, 55, 0
2, 44787, {, 0, 62, 0
2, 44880, {, 0, 62, 100
2, 44880, {, 0, 55, 100
2, 44907, {, 0, 55, 0
2, 44907, {, 0, 62, 0
2, 45000, {, 0, 62, 100
2, 45000, {, 0, 55, 100
2, 45027, {, 0, 55, 0
2, 45027, {, 0, 62, 0
2, 45180, {, 0, 62, 100
2, 45180, {, 0, 55, 100
2, 45207, {, 0, 55, 0
2, 45207, {, 0, 62, 0
2, 45360, {, 0, 62, 100
2, 45360, {, 0, 55, 100
2, 45387, {, 0, 55, 0
2, 45387, {, 0, 62, 0
2, 45480, {, 0, 62, 100
2, 45480, {, 0, 55, 100
2, 45507, {, 0, 55, 0
2, 45507, {, 0, 62, 0
2, 45600, {, 0, 62, 100
2, 45600, {, 0, 55, 100
2, 45627, {, 0, 55, 0
2, 45627, {, 0, 62, 0
2, 45720, {, 0, 62, 100
2, 45720, {, 0, 55, 100
2, 45747, {, 0, 55, 0
2, 45747, {, 0, 62, 0
2, 45900, {, 0, 62, 100
2, 45900, {, 0, 55, 100
2, 45927, {, 0, 55, 0
2, 45927, {, 0, 62, 0
2, 46080, {, 0, 62, 100
2, 46080, {, 0, 55, 100
2, 46107, {, 0, 55, 0
2, 46107, {, 0, 62, 0
2, 46200, {, 0, 62, 100
2, 46200, {, 0, 55, 100
2, 46227, {, 0, 55, 0
2, 46227, {, 0, 62, 0
2, 46320, {, 0, 62, 100
2, 46320, {, 0, 55, 100
2, 46347, {, 0, 55, 0
2, 46347, {, 0, 62, 0
2, 46440, {, 0, 62, 100
2, 46440, {, 0, 55, 100
2, 46467, {, 0, 55, 0
2, 46467, {, 0, 62, 0
2, 46620, {, 0, 62, 100
2, 46620, {, 0, 55, 100
2, 46647, {, 0, 55, 0
2, 46647, {, 0, 62, 0
2, 46800, {, 0, 62, 100
2, 46800, {, 0, 55, 100
2, 46827, {, 0, 55, 0
2, 46827, {, 0, 62, 0
2, 46920, {, 0, 62, 100
2, 46920, {, 0, 55, 100
2, 46947, {, 0, 55, 0
2, 46947, {, 0, 62, 0
2, 47040, {, 0, 62, 100
2, 47040, {, 0, 55, 100
2, 47067, {, 0, 55, 0
2, 47067, {, 0, 62, 0
2, 47157, &, 0, 11, 127
2, 47160, {, 0, 62, 100
2, 47160, {, 0, 55, 100
2, 47177, &, 0, 11, 126
2, 47187, {, 0, 55, 0
2, 47187, {, 0, 62, 0
2, 47197, &, 0, 11, 125
2, 47217, &, 0, 11, 124
2, 47227, &, 0, 11, 123
2, 47247, &, 0, 11, 122
2, 47267, &, 0, 11, 121
2, 47277, &, 0, 11, 120
2, 47297, &, 0, 11, 119
2, 47317, &, 0, 11, 118
2, 47337, &, 0, 11, 117
2, 47340, {, 0, 62, 100
2, 47340, {, 0, 55, 100
2, 47347, &, 0, 11, 116
2, 47367, {, 0, 55, 0
2, 47367, {, 0, 62, 0
2, 47367, &, 0, 11, 115
2, 47387, &, 0, 11, 114
2, 47397, &, 0, 11, 113
2, 47417, &, 0, 11, 112
2, 47437, &, 0, 11, 111
2, 47447, &, 0, 11, 110
2, 47467, &, 0, 11, 109
2, 47487, &, 0, 11, 108
2, 47507, &, 0, 11, 107
2, 47517, &, 0, 11, 106
2, 47520, {, 0, 62, 100
2, 47520, {, 0, 55, 100
2, 47537, &, 0, 11, 105
2, 47547, {, 0, 55, 0
2, 47547, {, 0, 62, 0
2, 47557, &, 0, 11, 104
2, 47567, &, 0, 11, 103
2, 47587, &, 0, 11, 102
2, 47607, &, 0, 11, 101
2, 47617, &, 0, 11, 100
2, 47637, &, 0, 11, 99
2, 47640, {, 0, 62, 100
2, 47640, {, 0, 55, 100
2, 47657, &, 0, 11, 98
2, 47667, {, 0, 55, 0
2, 47667, {, 0, 62, 0
2, 47677, &, 0, 11, 97
2, 47687, &, 0, 11, 96
2, 47707, &, 0, 11, 95
2, 47727, &, 0, 11, 94
2, 47737, &, 0, 11, 93
2, 47757, &, 0, 11, 92
2, 47760, {, 0, 62, 100
2, 47760, {, 0, 55, 100
2, 47777, &, 0, 11, 91
2, 47787, {, 0, 55, 0
2, 47787, {, 0, 62, 0
2, 47787, &, 0, 11, 90
2, 47807, &, 0, 11, 89
2, 47827, &, 0, 11, 88
2, 47847, &, 0, 11, 87
2, 47857, &, 0, 11, 86
2, 47877, &, 0, 11, 85
2, 47880, {, 0, 62, 100
2, 47880, {, 0, 55, 100
2, 47897, &, 0, 11, 84
2, 47907, {, 0, 55, 0
2, 47907, {, 0, 62, 0
2, 47907, &, 0, 11, 83
2, 47927, &, 0, 11, 82
2, 47947, &, 0, 11, 81
2, 47957, &, 0, 11, 80
2, 47977, &, 0, 11, 79
2, 47997, &, 0, 11, 78
2, 48017, &, 0, 11, 77
2, 48027, &, 0, 11, 76
2, 48047, &, 0, 11, 75
2, 48060, {, 0, 62, 100
2, 48060, {, 0, 55, 100
2, 48067, &, 0, 11, 74
2, 48077, &, 0, 11, 73
2, 48087, {, 0, 55, 0
2, 48087, {, 0, 62, 0
2, 48097, &, 0, 11, 72
2, 48117, &, 0, 11, 71
2, 48127, &, 0, 11, 70
2, 48147, &, 0, 11, 69
2, 48167, &, 0, 11, 68
2, 48187, &, 0, 11, 67
2, 48197, &, 0, 11, 66
2, 48217, &, 0, 11, 65
2, 48237, &, 0, 11, 64
2, 48240, {, 0, 62, 100
2, 48240, {, 0, 55, 100
2, 48247, &, 0, 11, 63
2, 48267, {, 0, 55, 0
2, 48267, {, 0, 62, 0
2, 48267, &, 0, 11, 62
2, 48287, &, 0, 11, 61
2, 48297, &, 0, 11, 60
2, 48317, &, 0, 11, 59
2, 48337, &, 0, 11, 58
2, 48357, &, 0, 11, 57
2, 48360, {, 0, 62, 100
2, 48360, {, 0, 55, 100
2, 48367, &, 0, 11, 56
2, 48387, {, 0, 55, 0
2, 48387, {, 0, 62, 0
2, 48387, &, 0, 11, 55
2, 48407, &, 0, 11, 54
2, 48417, &, 0, 11, 53
2, 48437, &, 0, 11, 52
2, 48457, &, 0, 11, 51
2, 48467, &, 0, 11, 50
2, 48480, {, 0, 62, 100
2, 48480, {, 0, 55, 100
2, 48487, &, 0, 11, 49
2, 48507, {, 0, 55, 0
2, 48507, {, 0, 62, 0
2, 48507, &, 0, 11, 48
2, 48527, &, 0, 11, 47
2, 48537, &, 0, 11, 46
2, 48557, &, 0, 11, 45
2, 48577, &, 0, 11, 44
2, 48587, &, 0, 11, 43
2, 48600, {, 0, 62, 100
2, 48600, {, 0, 55, 100
2, 48607, &, 0, 11, 42
2, 48627, {, 0, 55, 0
2, 48627, {, 0, 62, 0
2, 48627, &, 0, 11, 41
2, 48637, &, 0, 11, 40
2, 48657, &, 0, 11, 39
2, 48677, &, 0, 11, 38
2, 48697, &, 0, 11, 37
2, 48707, &, 0, 11, 36
2, 48727, &, 0, 11, 35
2, 48747, &, 0, 11, 34
2, 48757, &, 0, 11, 33
2, 48777, &, 0, 11, 32
2, 48780, {, 0, 62, 100
2, 48780, {, 0, 55, 100
2, 48797, &, 0, 11, 31
2, 48807, {, 0, 55, 0
2, 48807, {, 0, 62, 0
2, 48807, &, 0, 11, 30
2, 48827, &, 0, 11, 29
2, 48847, &, 0, 11, 28
2, 48867, &, 0, 11, 27
2, 48877, &, 0, 11, 26
2, 48897, &, 0, 11, 25
2, 48917, &, 0, 11, 24
2, 48927, &, 0, 11, 23
2, 48947, &, 0, 11, 22
2, 48960, {, 0, 62, 100
2, 48960, {, 0, 55, 100
2, 48967, &, 0, 11, 21
2, 48977, &, 0, 11, 20
2, 48987, {, 0, 55, 0
2, 48987, {, 0, 62, 0
2, 48997, &, 0, 11, 19
2, 49017, &, 0, 11, 18
2, 49037, &, 0, 11, 17
2, 49047, &, 0, 11, 16
2, 49067, &, 0, 11, 15
2, 49080, {, 0, 62, 100
2, 49080, {, 0, 55, 100
2, 49087, &, 0, 11, 14
2, 49097, &, 0, 11, 10
2, 51200, &, 0, 0, 0
2, 51262, &, 0, 0, 10
2, 57417, &, 0, 12, 20
2, 57428, &, 0, 11, 10
2, 57439, &, 0, 10, 20
2, 57450, &, 0, 9, 20
2, 57461, &, 0, 8, 13
2, 59571, &, 0, 100, 0
2, 59626, &, 0, 100, 7
2, 65781, &, 0, 7, 10
2, 65792, &, 0, 6, 10
2, 67895, &, 0, 0, 0
2, 67957, &, 0, 0, 10
2, 74112, &, 0, 5, 20
2, 74123, &, 0, 4, 10
2, 74134, &, 0, 3, 20
2, 74145, &, 0, 2, 20
2, 74156, &, 0, 1, 10
2, 74167, &, 0, 0, 0
2, 90470, &, 0, 0, 77
2, 90470, &, 0, 0, 0
2, 90470, &, 0, 0, 0
2, 90470, &, 13, 133, 25
2, 90564, &, 13, 26, 63
2, 90564, &, 13, 0, 192
2, 90564, }, 5, 2, 144
2, 90569, }, 5, 2, 0
2, 90569, }, 5, 0, 0
2, 90569, }, 5, 0, 0
2, 90569, }, 5, 0, 0
2, 90569, }, 5, 0, 0
2, 90569, }, 5, 0, 0
2, 90569, }, 5, 0, 0
2, 90569, }, 5, 0, 0
2, 90569, }, 5, 0, 0
2, 90569, }, 5, 0, 0
2, 90569, }, 5, 0, 0
2, 90569, }, 5, 0, 0
2, 90569, }, 5, 0, 0
2, 90569, }, 5, 0, 0
2, 90569, }, 5, 0, 0
2, 90569, }, 5, 0, 0
2, 90569, }, 5, 0, 0
2, 90569, }, 5, 0, 0
2, 90569, }, 5, 0, 0
2, 90569, }, 5, 0, 0
2, 90569, }, 5, 0, 0
2, 90569, }, 5, 0, 0
2, 90569, }, 5, 0, 0
2, 90569, }, 5, 0, 0
2, 90569, }, 5, 0, 0
2, 90569, }, 5, 0, 0
2, 90569, }, 5, 0, 0
2, 90569, }, 5, 0, 0
2, 90569, }, 5, 0, 0
2, 90569, }, 5, 0, 0
2, 90569, }, 5, 0, 0
2, 90569, }, 5, 0, 0
2, 90569, }, 5, 0, 0
2, 90569, }, 5, 0, 0
2, 90569, }, 5, 0, 0
2, 90569, }, 5, 0, 0
2, 90569, }, 5, 0, 0
2, 90569, }, 5, 0, 0
2, 90569, }, 5, 0, 0
2, 90569, }, 5, 0, 0
2, 90569, }, 5, 0, 0
2, 90569, }, 5, 0, 0
2, 90569, }, 5, 0, 0
2, 90569, }, 5, 0, 0
2, 90569, }, 5, 0, 0
2, 90569, }, 5, 0, 0
2, 90569, }, 5, 0, 0
2, 90569, }, 5, 0, 0
2, 90569, }, 5, 0, 0
2, 90569, }, 5, 0, 0
2, 90569, }, 5, 0, 0
2, 90569, }, 5, 0, 0
2, 90569, }, 5, 0, 0
2, 90569, }, 5, 0, 0
2, 90569, }, 5, 0, 0
2, 90569, }, 5, 0, 0
2, 90569, }, 5, 0, 0
2, 90569, }, 5, 0, 0
2, 90569, }, 5, 0, 0
2, 90569, }, 5, 0, 0
2, 90569, }, 5, 0, 0
2, 90569, }, 5, 0, 0
2, 90569, }, 5, 0, 0
2, 90569, }, 5, 0, 0
2, 90569, }, 5, 0, 0
2, 90569, }, 5, 0, 0
2, 90569, }, 5, 0, 0
2, 90569, }, 5, 0, 0
2, 90569, }, 5, 0, 0
2, 90569, }, 5, 0, 0
2, 90569, }, 5, 0, 0
2, 90569, }, 5, 0, 0
2, 90569, }, 5, 0, 0
2, 90569, }, 5, 0, 0
2, 90569, }, 5, 0, 0
2, 90569, }, 5, 0, 0
2, 90569, }, 5, 0, 0
2, 90569, }, 5, 0, 0
2, 90569, }, 5, 0, 0
2, 90569, }, 5, 0, 0
2, 90569, }, 5, 0, 0
2, 90569, }, 5, 0, 0
2, 90569, }, 5, 0, 0
2, 90569, }, 5, 0, 0
2, 90569, }, 5, 0, 0
2, 90569, }, 5, 0, 0
2, 90569, }, 5, 0, 0
2, 90569, }, 5, 0, 0
2, 90569, }, 5, 0, 0
2, 90569, }, 5, 0, 0
2, 90569, }, 5, 0, 0
2, 90569, }, 5, 0, 0
2, 90569, }, 5, 0, 0
2, 90569, }, 5, 0, 0
2, 90569, }, 5, 0, 0
2, 90569, }, 5, 0, 0
2, 90569, }, 5, 0, 0
2, 90569, }, 5, 0, 0
2, 90569, }, 5, 0, 0
2, 90569, }, 5, 0, 0
2, 90569, }, 5, 0, 0
2, 90569, }, 5, 0, 0
2, 90569, }, 5, 0, 0
2, 90569, }, 5, 0, 0
2, 90569, }, 5, 0, 0
2, 90569, }, 5, 0, 0
2, 90569, }, 5, 0, 0
2, 90569, }, 5, 0, 0
2, 90569, }, 5, 0, 0
2, 90569, }, 5, 0, 0
2, 90569, }, 5, 0, 0
2, 90569, }, 5, 0, 0
2, 90569, }, 5, 0, 0
2, 90569, }, 5, 0, 0
2, 90569, }, 5, 0, 0
2, 90569, }, 5, 0, 0
2, 90569, }, 5, 0, 0
2, 90569, }, 5, 0, 0
2, 90569, }, 5, 0, 0
2, 90569, }, 5, 0, 0
2, 90569, }, 5, 0, 0
2, 90569, }, 5, 0, 0
2, 90569, }, 5, 0, 0
2, 90569, }, 5, 0, 0
2, 90569, }, 5, 0, 0
2, 90569, }, 5, 0, 0
2, 90569, }, 5, 0, 0
2, 90569, }, 5, 0, 0
2, 90569, }, 5, 0, 0
2, 90569, }, 5, 0, 0
2, 90569, }, 5, 0, 0
2, 90569, }, 5, 0, 0
2, 90569, }, 5, 0, 0
2, 90569, }, 5, 0, 0
2, 90569, }, 5, 0, 0
2, 90569, }, 5, 0, 0
2, 90569, }, 5, 0, 0
2, 90569, }, 5, 0, 0
2, 90569, }, 5, 0, 0
2, 90569, }, 5, 0, 0
2, 90569, }, 5, 0, 0
2, 90569, }, 5, 0, 0
2, 90569, }, 5, 0, 0
2, 90569, }, 5, 0, 0
2, 90569, }, 5, 0, 0
2, 90569, }, 5, 0, 0
2, 90569, }, 5, 0, 0
2, 90569, }, 5, 0, 0
2, 90569, }, 5, 0, 0
2, 90569, }, 5, 0, 0
2, 90569, }, 5, 0, 0
2, 90569, }, 5, 0, 0
2, 90569, }, 5, 0, 0
2, 90569, }, 5, 0, 0
2, 90569, }, 5, 0, 0
2, 90569, }, 5, 0, 0
2, 90569, }, 5, 0, 0
2, 90569, }, 5, 0, 0
2, 90569, }, 5, 0, 0
2, 90569, }, 5, 0, 0
2, 90569, }, 5, 0, 0
2, 90569, }, 5, 0, 0
2, 90569, }, 5, 0, 0
2, 90569, }, 5, 0, 0
2, 90569, }, 5, 0, 0
2, 90569, }, 5, 0, 0
2, 90569, }, 5, 0, 0
2, 90569, }, 5, 0, 0
2, 90569, }, 5, 0, 0
2, 90569, }, 5, 0, 0
2, 90569, }, 5, 0, 0
2, 90569, }, 5, 0, 0
2, 90569, }, 5, 0, 0
2, 90569, }, 5, 0, 0
2, 90569, }, 5, 0, 0
2, 90569, }, 5, 0, 0
2, 90569, }, 5, 0, 0
2, 90569, }, 5, 0, 0
2, 90569, }, 5, 0, 0
2, 90569, }, 5, 0, 0
2, 90569, }, 5, 0, 0
2, 90569, }, 5, 0, 0
2, 90569, }, 5, 0, 0
2, 90569, }, 5, 0, 0
2, 90569, }, 5, 0, 0
2, 90569, }, 5, 0, 0
2, 90569, }, 5, 0, 0
2, 90569, }, 5, 0, 0
2, 90569, }, 5, 0, 0
2, 90569, }, 5, 0, 0
2, 90569, }, 5, 0, 0
2, 90569, }, 5, 0, 0
2, 90569, }, 5, 0, 0
2, 90569, }, 5, 0, 0
2, 90569, }, 5, 0, 0
2, 90569, }, 5, 0, 0
2, 90569, }, 5, 0, 0
2, 90569, }, 5, 0, 0
2, 90569, }, 5, 0, 0
2, 90569, }, 5, 0, 0
2, 90569, }, 5, 0, 0
2, 90569, }, 5, 0, 0
2, 90569, }, 5, 0, 0
2, 90569, }, 5, 0, 0
2, 90569, }, 5, 0, 0
2, 90569, }, 5, 0, 0
2, 90569, }, 5, 0, 0
2, 90569, }, 5, 0, 0
2, 90569, }, 5, 0, 0
2, 90569, }, 5, 0, 0
2, 90569, }, 5, 0, 0
2, 90569, }, 5, 0, 0
2, 90569, }, 5, 0, 0
2, 90569, }, 5, 0, 0
2, 90569, }, 5, 0, 0
2, 90569, }, 5, 0, 0
2, 90569, }, 5, 0, 0
2, 90569, }, 5, 0, 0
2, 90569, }, 5, 0, 0
2, 90569, }, 5, 0, 0
2, 90569, }, 5, 0, 0
2, 90569, }, 5, 0, 0
2, 90569, }, 5, 0, 0
2, 90569, }, 5, 0, 0
2, 90569, }, 5, 0, 0
2, 90569, }, 5, 0, 0
2, 90569, }, 5, 0, 0
2, 90569, }, 5, 0, 0
2, 90569, }, 5, 0, 0
2, 90569, }, 5, 0, 0
2, 90569, }, 5, 0, 0
2, 90569, }, 5, 0, 0
2, 90569, }, 5, 0, 0
2, 90569, }, 5, 0, 0
2, 90569, }, 5, 0, 0
2, 90569, }, 5, 0, 0
2, 90569, }, 5, 0, 0
2, 90569, }, 5, 0, 0
2, 90569, }, 5, 0, 0
2, 90569, }, 5, 0, 0
2, 90569, }, 5, 0, 0
2, 90569, }, 5, 0, 0
2, 90569, }, 5, 0, 0
2, 90569, }, 5, 0, 0
2, 90569, }, 5, 0, 0
2, 90569, }, 5, 0, 0
2, 90569, }, 5, 0, 0
2, 90569, }, 5, 0, 0
2, 90569, }, 5, 0, 0
2, 90569, }, 5, 0, 0
2, 90569, }, 5, 0, 0
2, 90569, }, 5, 0, 0
2, 90569, }, 5, 0, 0
2, 90569, }, 5, 0, 0
2, 90569, }, 5, 0, 0
2, 90569, }, 5, 0, 0
2, 90569, }, 5, 0, 0
2, 90569, }, 5, 0, 0
2, 90569, }, 5, 0, 0
2, 90569, }, 5, 0, 0
2, 90569, }, 5, 0, 0
2, 90569, }, 5, 0, 0
2, 90569, }, 5, 0, 0
2, 90569, }, 5, 0, 0
2, 90569, }, 5, 0, 0
2, 90569, }, 5, 0, 0
2, 90569, }, 5, 0, 0
2, 90569, }, 5, 0, 0
2, 90569, }, 5, 0, 0
2, 90569, }, 5, 0, 0
2, 90569, }, 5, 0, 0
2, 90569, }, 5, 0, 0
2, 90569, }, 5, 0, 0
2, 90569, }, 5, 0, 0
2, 90569, }, 5, 0, 0
2, 90569, }, 5, 0, 0
2, 90569, }, 5, 0, 0
2, 90569, }, 5, 0, 0
2, 90569, }, 5, 0, 0
2, 90569, }, 5, 0, 0
2, 90569, }, 5, 0, 0
2, 90569, }, 5, 0, 0
2, 90569, }, 5, 0, 0
2, 90569, }, 5, 0, 0
2, 90569, }, 5, 0, 0
2, 90569, }, 5, 0, 0
2, 90569, }, 5, 0, 0
2, 90569, }, 5, 0, 0
2, 90569, }, 5, 0, 0
2, 90569, }, 5, 0, 0
2, 90569, }, 5, 0, 0
2, 90569, }, 5, 0, 0
2, 90569, }, 5, 0, 0
2, 90569, }, 5, 0, 0
2, 90569, }, 5, 0, 0
2, 90569, }, 5, 0, 0
2, 90569, }, 5, 0, 0
2, 90569, }, 5, 0, 0
2, 90569, }, 5, 0, 0
2, 90569, }, 5, 0, 0
2, 90569, }, 5, 0, 0
2, 90569, }, 5, 0, 0
2, 90569, }, 5, 0, 0
2, 90569, }, 5, 0, 0
2, 90569, }, 5, 0, 0
2, 90569, }, 5, 0, 0
2, 90569, }, 5, 0, 0
2, 90569, }, 5, 0, 0
2, 90569, }, 5, 0, 0
2, 90569, }, 5, 0, 0
2, 90569, }, 5, 0, 0
2, 90569, }, 5, 0, 0
2, 90569, }, 5, 0, 0
2, 90569, }, 5, 0, 0
2, 90569, }, 5, 0, 0
2, 90569, }, 5, 0, 0
2, 90569, }, 5, 0, 0
2, 90569, }, 5, 0, 0
2, 90569, }, 5, 0, 0
2, 90569, }, 5, 0, 0
2, 90569, }, 5, 0, 0
2, 90569, }, 5, 0, 0
2, 90569, }, 5, 0, 0
2, 90569, }, 5, 0, 0
2, 90569, }, 5, 0, 0
2, 90569, }, 5, 0, 0
2, 90569, }, 5, 0, 0
2, 90569, }, 5, 0, 0
2, 90569, }, 5, 0, 0
2, 90569, }, 5, 0, 0
2, 90569, }, 5, 0, 0
2, 90569, }, 5, 0, 0
2, 90569, }, 5, 0, 0
2, 90569, }, 5, 0, 0
2, 90569, }, 5, 0, 0
2, 90569, }, 5, 0, 0
2, 90569, }, 5, 0, 0
2, 90569, }, 5, 0, 0
2, 90569, }, 5, 0, 0
2, 90569, }, 5, 0, 0
2, 90569, }, 5, 0, 0
2, 90569, }, 5, 0, 0
2, 90569, }, 5, 0, 0
2, 90569, }, 5, 0, 0
2, 90569, }, 5, 0, 0
2, 90569, }, 5, 0, 0
2, 90569, }, 5, 0, 0
2, 90569, }, 5, 0, 0
2, 90569, }, 5, 0, 0
2, 90569, }, 5, 0, 0
2, 90569, }, 5, 0, 0
2, 90569, }, 5, 0, 0
2, 90569, }, 5, 0, 0
2, 90569, }, 5, 0, 0
2, 90569, }, 5, 0, 0
2, 90569, }, 5, 0, 0
2, 90569, }, 5, 0, 0
2, 90569, }, 5, 0, 0
2, 90569, }, 5, 0, 0
2, 90569, }, 5, 0, 0
2, 90569, }, 5, 0, 0
2, 90569, }, 5, 0, 0
2, 90569, }, 5, 0, 0
2, 90569, }, 5, 0, 0
2, 90569, }, 5, 0, 0
2, 90569, }, 5, 0, 0
2, 90569, }, 5, 0, 0
2, 90569, }, 5, 0, 0
2, 90569, }, 5, 0, 0
2, 90569, }, 5, 0, 0
2, 90569, }, 5, 0, 0
2, 90569, }, 5, 0, 0
2, 90569, }, 5, 0, 0
2, 90569, }, 5, 0, 0
2, 90569, }, 5, 0, 0
2, 90569, }, 5, 0, 0
2, 90569, }, 5, 0, 0
2, 90569, }, 5, 0, 0
2, 90569, }, 5, 0, 0
2, 90569, }, 5, 0, 0
2, 90569, }, 5, 0, 0
2, 90569, }, 5, 0, 0
2, 90569, }, 5, 0, 0
2, 90569, }, 5, 0, 0
2, 90569, }, 5, 0, 0
2, 90569, }, 5, 0, 0
2, 90569, }, 5, 0, 0
2, 90569, }, 5, 0, 0
2, 90569, }, 5, 0, 0
2, 90569, }, 5, 0, 0
2, 90569, }, 5, 0, 0
2, 90569, }, 5, 0, 0
2, 90569, }, 5, 0, 0
2, 90569, }, 5, 0, 0
2, 90569, }, 5, 0, 0
2, 90569, }, 5, 0, 0
2, 90569, }, 5, 0, 0
2, 90569, }, 5, 0, 0
2, 90569, }, 5, 0, 0
2, 90569, }, 5, 0, 0
2, 90569, }, 5, 0, 0
2, 90569, }, 5, 0, 0
2, 90569, }, 5, 0, 0
2, 90569, }, 5, 0, 0
2, 90569, }, 5, 0, 0
2, 90569, }, 5, 0, 0
2, 90569, }, 5, 0, 0
2, 90569, }, 5, 0, 0
2, 90569, }, 5, 0, 0
2, 90569, }, 5, 0, 0
2, 90569, }, 5, 0, 0
2, 90569, }, 5, 0, 0
2, 90569, }, 5, 0, 0
2, 90569, }, 5, 0, 0
2, 90569, }, 5, 0, 0
2, 90569, }, 5, 0, 0
2, 90569, }, 5, 0, 0
2, 90569, }, 5, 0, 0
2, 90569, }, 5, 0, 0
2, 90569, }, 5, 0, 0
2, 90569, }, 5, 0, 0
2, 90569, }, 5, 0, 0
2, 90569, }, 5, 0, 0
2, 90569, }, 5, 0, 0
2, 90569, }, 5, 0, 0
2, 90569, }, 5, 0, 0
2, 90569, }, 5, 0, 0
2, 90569, }, 5, 0, 0
2, 90569, }, 5, 0, 0
2, 90569, }, 5, 0, 0
2, 90569, }, 5, 0, 0
2, 90569, }, 5, 0, 0
2, 90569, }, 5, 0, 0
2, 90569, }, 5, 0, 0
2, 90569, }, 5, 0, 0
2, 90569, }, 5, 0, 0
2, 90569, }, 5, 0, 0
2, 90569, }, 5, 0, 0
2, 90569, }, 5, 0, 0
2, 90569, }, 5, 0, 0
2, 90569, }, 5, 0, 0
2, 90569, }, 5, 0, 0
2, 90569, }, 5, 0, 0
2, 90569, }, 5, 0, 0
2, 90569, }, 5, 0, 0
2, 90569, }, 5, 0, 0
2, 90569, }, 5, 0, 0
2, 90569, }, 5, 0, 0
2, 90569, }, 5, 0, 0
2, 90569, }, 5, 0, 0
2, 90569, }, 5, 0, 0
2, 90569, }, 5, 0, 0
2, 90569, }, 5, 0, 0
2, 90569, }, 5, 0, 0
2, 90569, }, 5, 0, 0
2, 90569, }, 5, 0, 0
2, 90569, }, 5, 0, 0
2, 90569, }, 5, 0, 0
2, 90569, }, 5, 0, 0
2, 90569, }, 5, 0, 0
2, 90569, }, 5, 0, 0
2, 90569, }, 5, 0, 0
2, 90569, }, 5, 0, 0
2, 90569, }, 5, 0, 0
2, 90569, }, 5, 0, 0
2, 90569, }, 5, 0, 0
2, 90569, }, 5, 0, 0
2, 90569, }, 5, 0, 0
2, 90569, }, 5, 0, 0
2, 90569, }, 5, 0, 0
2, 90569, }, 5, 0, 0
2, 90569, }, 5, 0, 0
2, 90569, }, 5, 0, 0
2, 90569, }, 5, 0, 0
2, 90569, }, 5, 0, 0
2, 90569, }, 5, 0, 0
2, 90569, }, 5, 0, 0
2, 90569, }, 5, 0, 0
2, 90569, }, 5, 0, 0
2, 90569, }, 5, 0, 0
2, 90569, }, 5, 0, 0
2, 90569, }, 5, 0, 0
2, 90569, }, 5, 0, 0
2, 90569, }, 5, 0, 0
2, 90569, }, 5, 0, 0
2, 90569, }, 5, 0, 0
2, 90569, }, 5, 0, 0
2, 90569, }, 5, 0, 0
2, 90569, }, 5, 0, 0
2, 90569, }, 5, 0, 0
2, 90569, }, 5, 0, 0
2, 90569, }, 5, 0, 0
2, 90569, }, 5, 0, 0
2, 90569, }, 5, 0, 0
2, 90569, }, 5, 0, 0
2, 90569, }, 5, 0, 0
2, 90569, }, 5, 0, 0
2, 90569, }, 5, 0, 0
2, 90569, }, 5, 0, 0
2, 90569, }, 5, 0, 0
2, 90569, }, 5, 0, 0
2, 90569, }, 5, 0, 0
2, 90569, }, 5, 0, 0
2, 90569, }, 5, 0, 0
2, 90569, }, 5, 0, 0
2, 90569, }, 5, 0, 0
2, 90569, }, 5, 0, 0
2, 90569, }, 5, 0, 0
2, 90569, }, 5, 0, 0
2, 90569, }, 5, 0, 0
2, 90569, }, 5, 0, 0
2, 90569, }, 5, 0, 0
2, 90569, }, 5, 0, 0
2, 90569, }, 5, 0, 0
2, 90569, }, 5, 0, 0
2, 90569, }, 5, 0, 0
2, 90569, }, 5, 0, 0
2, 90569, }, 5, 0, 0
2, 90569, }, 5, 0, 0
2, 90569, }, 5, 0, 0
2, 90569, }, 5, 0, 0
2, 90569, }, 5, 0, 0
2, 90569, }, 5, 0, 0
2, 90569, }, 5, 0, 0
2, 90569, }, 5, 0, 0
2, 90569, }, 5, 0, 0
2, 90569, }, 5, 0, 0
2, 90569, }, 5, 0, 0
2, 90569, }, 5, 0, 0
2, 90569, }, 5, 0, 0
2, 90569, }, 5, 0, 0
2, 90569, }, 5, 0, 0
2, 90569, }, 5, 0, 0
2, 90569, }, 5, 0, 0
2, 90569, }, 5, 0, 0
2, 90569, }, 5, 0, 0
2, 90569, }, 5, 0, 0
2, 90569, }, 5, 0, 0
2, 90569, }, 5, 0, 0
2, 90569, }, 5, 0, 0
2, 90569, }, 5, 0, 0
2, 90569, }, 5, 0, 0
2, 90569, }, 5, 0, 0
2, 90569, }, 5, 0, 0
2, 90569, }, 5, 0, 0
2, 90569, }, 5, 0, 0
2, 90569, }, 5, 0, 0
2, 90569, }, 5, 0, 0
2, 90569, }, 5, 0, 0
2, 90569, }, 5, 0, 0
2, 90569, }, 5, 0, 0
2, 90569, }, 5, 0, 0
2, 90569, }, 5, 0, 0
2, 90569, }, 5, 0, 0
2, 90569, }, 5, 0, 0
2, 90569, }, 5, 0, 0
2, 90569, }, 5, 0, 0
2, 90569, }, 5, 0, 0
2, 90569, }, 5, 0, 0
2, 90569, }, 5, 0, 0
2, 90569, }, 5, 0, 0
2, 90569, }, 5, 0, 0
2, 90569, }, 5, 0, 0
2, 90569, }, 5, 0, 0
2, 90569, }, 5, 0, 0
2, 90569, }, 5, 0, 0
2, 90569, }, 5, 0, 0
2, 90569, }, 5, 0, 0
2, 90569, }, 5, 0, 0
2, 90569, }, 5, 0, 0
2, 90569, }, 5, 0, 0
2, 90569, }, 5, 0, 0
2, 90569, }, 5, 0, 0
2, 90569, }, 5, 0, 0
2, 90569, }, 5, 0, 0
2, 90569, }, 5, 0, 0
2, 90569, }, 5, 0, 0
2, 90569, }, 5, 0, 0
2, 90569, }, 5, 0, 0
2, 90569, }, 5, 0, 0
2, 90569, }, 5, 0, 0
2, 90569, }, 5, 0, 0
2, 90569, }, 5, 0, 0
2, 90569, }, 5, 0, 0
2, 90569, }, 5, 0, 0
2, 90569, }, 5, 0, 0
2, 90569, }, 5, 0, 0
2, 90569, }, 5, 0, 0
2, 90569, }, 5, 0, 0
2, 90569, }, 5, 0, 0
2, 90569, }, 5, 0, 0
2, 90569, }, 5, 0, 0
2, 90569, }, 5, 0, 0
2, 90569, }, 5, 0, 0
2, 90569, }, 5, 0, 0
2, 90569, }, 5, 0, 0
2, 90569, }, 5, 0, 0
2, 90569, }, 5, 0, 0
2, 90569, }, 5, 0, 0
2, 90569, }, 5, 0, 0
2, 90569, }, 5, 0, 0
2, 90569, }, 5, 0, 0
2, 90569, }, 5, 0, 0
2, 90569, }, 5, 0, 0
2, 90569, }, 5, 0, 0
2, 90569, }, 5, 0, 0
2, 90569, }, 5, 0, 0
2, 90569, }, 5, 0, 0
2, 90569, }, 5, 0, 0
2, 90569, }, 5, 0, 0
2, 90569, }, 5, 0, 0
2, 90569, }, 5, 0, 0
2, 90569, }, 5, 0, 0
2, 90569, }, 5, 0, 0
2, 90569, }, 5, 0, 0
2, 90569, }, 5, 0, 0
2, 90569, }, 5, 0, 0
2, 90569, }, 5, 0, 0
2, 90569, }, 5, 0, 0
2, 90569, }, 5, 0, 0
2, 90569, }, 5, 0, 0
2, 90569, }, 5, 0, 0
2, 90569, }, 5, 0, 0
2, 90569, }, 5, 0, 0
2, 90569, }, 5, 0, 0
2, 90569, }, 5, 0, 0
2, 90569, }, 5, 0, 0
2, 90569, }, 5, 0, 0
2, 90569, }, 5, 0, 0
2, 90569, }, 5, 0, 0
2, 90569, }, 5, 0, 0
2, 90569, }, 5, 0, 0
2, 90569, }, 5, 0, 0
2, 90569, }, 5, 0, 0
2, 90569, }, 5, 0, 0
2, 90569, }, 5, 0, 0
2, 90569, }, 5, 0, 0
2, 90569, }, 5, 0, 0
2, 90569, }, 5, 0, 0
2, 90569, }, 5, 0, 0
2, 90569, }, 5, 0, 0
2, 90569, }, 5, 0, 0
2, 90569, }, 5, 0, 0
2, 90569, }, 5, 0, 0
2, 90569, }, 5, 0, 0
2, 90569, }, 5, 0, 0
2, 90569, }, 5, 0, 0
2, 90569, }, 5, 0, 0
2, 90569, }, 5, 0, 0
2, 90569, }, 5, 0, 0
2, 90569, }, 5, 0, 0
2, 90569, }, 5, 0, 0
2, 90569, }, 5, 0, 0
2, 90569, }, 5, 0, 0
2, 90569, }, 5, 0, 0
2, 90569, }, 5, 0, 0
2, 90569, }, 5, 0, 0
2, 90569, }, 5, 0, 0
2, 90569, }, 5, 0, 0
2, 90569, }, 5, 0, 0
2, 90569, }, 5, 0, 0
2, 90569, }, 5, 0, 0
2, 90569, }, 5, 0, 0
2, 90569, }, 5, 0, 0
2, 90569, }, 5, 0, 0
2, 90569, }, 5, 0, 0
2, 90569, }, 5, 0, 0
2, 90569, }, 5, 0, 0
2, 90569, }, 5, 0, 0
2, 90569, }, 5, 0, 0
2, 90569, }, 5, 0, 0
2, 90569, }, 5, 0, 0
2, 90569, }, 5, 0, 0
2, 90569, }, 5, 0, 0
2, 90569, }, 5, 0, 0
2, 90569, }, 5, 0, 0
2, 90569, }, 5, 0, 0
2, 90569, }, 5, 0, 0
2, 90569, }, 5, 0, 0
2, 90569, }, 5, 0, 0
2, 90569, }, 5, 0, 0
2, 90569, }, 5, 0, 0
2, 90569, }, 5, 0, 0
2, 90569, }, 5, 0, 0
2, 90569, }, 5, 0, 0
2, 90569, }, 5, 0, 0
2, 90569, }, 5, 0, 0
2, 90569, }, 5, 0, 0
2, 90569, }, 5, 0, 0
2, 90569, }, 5, 0, 0
2, 90569, }, 5, 0, 0
2, 90569, }, 5, 0, 0
2, 90569, }, 5, 0, 0
2, 90569, }, 5, 0, 0
2, 90569, }, 5, 0, 0
2, 90569, }, 5, 0, 0
2, 90569, }, 5, 0, 0
2, 90569, }, 5, 0, 0
2, 90569, }, 5, 0, 0
2, 90569, }, 5, 0, 0
2, 90569, }, 5, 0, 0
2, 90569, }, 5, 0, 0
2, 90569, }, 5, 0, 0
2, 90569, }, 5, 0, 0
2, 90569, }, 5, 0, 0
2, 90569, }, 5, 0, 0
2, 90569, }, 5, 0, 0
2, 90569, }, 5, 0, 0
2, 90569, }, 5, 0, 0
2, 90569, }, 5, 0, 0
2, 90569, }, 5, 0, 0
2, 90569, }, 5, 0, 0
2, 90569, }, 5, 0, 0
2, 90569, }, 5, 0, 0
2, 90569, }, 5, 0, 0
2, 90569, }, 5, 0, 0
2, 90569, }, 5, 0, 0
2, 90569, }, 5, 0, 0
2, 90569, }, 5, 0, 0
2, 90569, }, 5, 0, 0
2, 90569, }, 5, 0, 0
2, 90569, }, 5, 0, 0
0, 0, >
