0, 0, <, 1, 6, 480
1, 0, /
1, 0, ~, ""
1, 0, $, 4, 2, 24, 8
1, 0, %, 681818
1, 0, %, 681818
1, 0, %, 681818
1, 0, %, 681818
1, 0, %, 681818
1, 840, %, 3000000
1, 840, %, 769230
1, 3360, %, 845070
1, 3840, %, 769230
1, 18240, %, 1000000
1, 18240, \
2, 0, /
2, 0, ~, ""
2, 0, ?, 8, 67, 16, 76, 0, 0, 126, 0, 247
2, 0, ?, 9, 67, 16, 76, 2, 1, 0, 1, 7, 247
2, 0, ?, 8, 67, 16, 76, 0, 0, 4, 127, 247
2, 0, ?, 8, 67, 16, 76, 8, 1, 8, 52, 247
2, 0, \
3, 0, /
3, 0, ~, ""
3, 0, \
4, 0, /
4, 0, ~, ""
4, 0, &, 2, 0, 0
4, 0, &, 2, 32, 0
4, 0, ;, 2, 6
4, 0, +, 2, 8192
4, 0, &, 2, 1, 0
4, 0, &, 2, 7, 127
4, 0, &, 2, 10, 30
4, 0, &, 2, 11, 118
4, 0, &, 2, 91, 90
4, 0, &, 2, 93, 10
4, 0, &, 2, 99, 1
4, 0, &, 2, 98, 32
4, 0, &, 2, 6, 66
4, 2400, {, 2, 79, 112
4, 2635, {, 2, 79, 0
4, 2640, {, 2, 76, 95
4, 2875, {, 2, 76, 0
4, 3360, {, 2, 67, 112
4, 3595, {, 2, 67, 0
4, 3600, {, 2, 64, 105
4, 3835, {, 2, 64, 0
4, 3840, {, 2, 62, 106
4, 4310, {, 2, 62, 0
4, 4320, {, 2, 64, 108
4, 4555, {, 2, 64, 0
4, 4560, {, 2, 65, 111
4, 4795, {, 2, 65, 0
4, 4800, {, 2, 64, 106
4, 5270, {, 2, 64, 0
4, 5280, {, 2, 65, 107
4, 5515, {, 2, 65, 0
4, 5520, {, 2, 67, 110
4, 5755, {, 2, 67, 0
4, 5760, {, 2, 69, 106
4, 5760, {, 2, 72, 106
4, 6230, {, 2, 69, 0
4, 6230, {, 2, 72, 0
4, 6240, {, 2, 70, 110
4, 6240, {, 2, 74, 110
4, 6475, {, 2, 70, 0
4, 6475, {, 2, 74, 0
4, 6480, {, 2, 69, 100
4, 6480, {, 2, 72, 100
4, 6715, {, 2, 69, 0
4, 6715, {, 2, 72, 0
4, 6720, {, 2, 67, 106
4, 6720, {, 2, 72, 106
4, 7661, {, 2, 67, 0
4, 7661, {, 2, 72, 0
4, 7680, {, 2, 74, 109
4, 7680, {, 2, 69, 109
4, 8150, {, 2, 74, 0
4, 8150, {, 2, 69, 0
4, 8160, {, 2, 70, 108
4, 8160, {, 2, 67, 108
4, 8395, {, 2, 67, 0
4, 8400, {, 2, 65, 104
4, 8630, {, 2, 70, 0
4, 8635, {, 2, 65, 0
4, 8640, {, 2, 76, 108
4, 8640, {, 2, 64, 108
4, 9110, {, 2, 76, 0
4, 9110, {, 2, 64, 0
4, 9120, {, 2, 60, 101
4, 9120, {, 2, 72, 101
4, 9590, {, 2, 60, 0
4, 9590, {, 2, 72, 0
4, 9600, {, 2, 72, 88
4, 9600, {, 2, 60, 88
4, 9835, {, 2, 72, 0
4, 9835, {, 2, 60, 0
4, 9840, {, 2, 74, 96
4, 9840, {, 2, 62, 96
4, 10075, {, 2, 74, 0
4, 10075, {, 2, 62, 0
4, 10080, {, 2, 74, 92
4, 10080, {, 2, 62, 92
4, 10786, {, 2, 74, 0
4, 10795, {, 2, 62, 0
4, 10800, {, 2, 79, 92
4, 10800, {, 2, 67, 92
4, 11035, {, 2, 79, 0
4, 11035, {, 2, 67, 0
4, 11040, {, 2, 83, 100
4, 11040, {, 2, 71, 100
4, 11275, {, 2, 83, 0
4, 11275, {, 2, 71, 0
4, 11280, {, 2, 84, 105
4, 11280, {, 2, 72, 105
4, 11515, {, 2, 84, 0
4, 11515, {, 2, 72, 0
4, 11520, {, 2, 70, 107
4, 11520, {, 2, 65, 107
4, 11520, {, 2, 84, 118
4, 11520, {, 2, 72, 124
4, 11520, {, 2, 77, 107
4, 11990, {, 2, 70, 0
4, 11990, {, 2, 84, 0
4, 11990, {, 2, 72, 0
4, 11990, {, 2, 77, 0
4, 12000, {, 2, 70, 106
4, 12000, {, 2, 82, 106
4, 12461, {, 2, 65, 0
4, 12470, {, 2, 70, 0
4, 12470, {, 2, 82, 0
4, 12480, {, 2, 79, 96
4, 12480, {, 2, 64, 96
4, 12480, {, 2, 72, 96
4, 12480, {, 2, 67, 96
4, 12950, {, 2, 79, 0
4, 12950, {, 2, 64, 0
4, 12950, {, 2, 72, 0
4, 12960, {, 2, 60, 103
4, 13421, {, 2, 67, 0
4, 13430, {, 2, 60, 0
4, 13440, {, 2, 68, 98
4, 13440, {, 2, 61, 98
4, 13675, {, 2, 68, 0
4, 13680, {, 2, 68, 103
4, 13915, {, 2, 68, 0
4, 13920, {, 2, 73, 95
4, 14381, {, 2, 61, 0
4, 14390, {, 2, 73, 0
4, 14400, {, 2, 67, 102
4, 14400, {, 2, 63, 102
4, 14640, {, 2, 70, 107
4, 14875, {, 2, 70, 0
4, 14880, {, 2, 75, 96
4, 15341, {, 2, 67, 0
4, 15341, {, 2, 63, 0
4, 15350, {, 2, 75, 0
4, 15360, {, 2, 64, 99
4, 15360, {, 2, 71, 99
4, 15830, {, 2, 64, 0
4, 15830, {, 2, 71, 0
4, 15840, {, 2, 61, 102
4, 15840, {, 2, 71, 102
4, 16310, {, 2, 61, 0
4, 16310, {, 2, 71, 0
4, 16320, {, 2, 66, 100
4, 16320, {, 2, 71, 100
4, 16790, {, 2, 66, 0
4, 16790, {, 2, 71, 0
4, 16800, {, 2, 63, 101
4, 16800, {, 2, 69, 101
4, 17270, {, 2, 63, 0
4, 17270, {, 2, 69, 0
4, 17270, \
5, 0, /
5, 0, ~, ""
5, 0, &, 3, 0, 0
5, 0, &, 3, 32, 0
5, 0, ;, 3, 6
5, 0, +, 3, 8192
5, 0, &, 3, 1, 0
5, 0, &, 3, 7, 127
5, 0, &, 3, 10, 64
5, 0, &, 3, 11, 125
5, 0, &, 3, 91, 90
5, 0, &, 3, 93, 10
5, 0, &, 3, 99, 1
5, 0, &, 3, 98, 32
5, 0, &, 3, 6, 66
5, 1920, {, 3, 86, 115
5, 2155, {, 3, 86, 0
5, 2160, {, 3, 84, 109
5, 2395, {, 3, 84, 0
5, 2400, {, 3, 84, 100
5, 2870, {, 3, 84, 0
5, 2880, {, 3, 74, 111
5, 3115, {, 3, 74, 0
5, 3120, {, 3, 72, 110
5, 3355, {, 3, 72, 0
5, 3360, {, 3, 72, 100
5, 3830, {, 3, 72, 0
5, 3840, {, 3, 74, 94
5, 3840, {, 3, 69, 94
5, 4781, {, 3, 74, 0
5, 4781, {, 3, 69, 0
5, 4800, {, 3, 67, 94
5, 4800, {, 3, 72, 94
5, 5741, {, 3, 67, 0
5, 5741, {, 3, 72, 0
5, 5760, {, 3, 60, 108
5, 6230, {, 3, 60, 0
5, 6240, {, 3, 62, 103
5, 6475, {, 3, 62, 0
5, 6480, {, 3, 60, 93
5, 6715, {, 3, 60, 0
5, 6720, {, 3, 60, 105
5, 7661, {, 3, 60, 0
5, 7680, {, 3, 62, 103
5, 8150, {, 3, 62, 0
5, 8160, {, 3, 58, 96
5, 8630, {, 3, 58, 0
5, 8640, {, 3, 64, 101
5, 9110, {, 3, 64, 0
5, 9120, {, 3, 60, 95
5, 9590, {, 3, 60, 0
5, 11520, {, 3, 74, 119
5, 11990, {, 3, 74, 0
5, 12000, {, 3, 76, 122
5, 12235, {, 3, 76, 0
5, 12240, {, 3, 77, 127
5, 12475, {, 3, 77, 0
5, 12480, {, 3, 76, 124
5, 12950, {, 3, 76, 0
5, 12960, {, 3, 72, 122
5, 13430, {, 3, 72, 0
5, 13440, {, 3, 77, 126
5, 13910, {, 3, 77, 0
5, 13920, {, 3, 79, 122
5, 14155, {, 3, 79, 0
5, 14160, {, 3, 80, 126
5, 14395, {, 3, 80, 0
5, 14400, {, 3, 79, 123
5, 14870, {, 3, 79, 0
5, 14880, {, 3, 75, 119
5, 15350, {, 3, 75, 0
5, 15360, {, 3, 80, 124
5, 15830, {, 3, 80, 0
5, 15840, {, 3, 78, 121
5, 16075, {, 3, 78, 0
5, 16080, {, 3, 76, 115
5, 16315, {, 3, 76, 0
5, 16320, {, 3, 75, 121
5, 16790, {, 3, 75, 0
5, 16800, {, 3, 71, 112
5, 17270, {, 3, 71, 0
5, 17280, {, 3, 71, 119
5, 17515, {, 3, 71, 0
5, 17520, {, 3, 73, 120
5, 17755, {, 3, 73, 0
5, 17760, {, 3, 73, 120
5, 19171, {, 3, 73, 0
5, 19171, \
6, 0, /
6, 0, ~, ""
6, 0, &, 4, 0, 0
6, 0, &, 4, 32, 0
6, 0, ;, 4, 6
6, 0, +, 4, 8192
6, 0, &, 4, 1, 0
6, 0, &, 4, 7, 127
6, 0, &, 4, 10, 100
6, 0, &, 4, 11, 110
6, 0, &, 4, 91, 90
6, 0, &, 4, 93, 10
6, 0, &, 4, 99, 1
6, 0, &, 4, 98, 32
6, 0, &, 4, 6, 66
6, 1920, {, 4, 86, 110
6, 1920, {, 4, 88, 105
6, 1920, {, 4, 79, 95
6, 2390, {, 4, 86, 0
6, 2390, {, 4, 88, 0
6, 2390, {, 4, 79, 0
6, 2400, {, 4, 76, 105
6, 2400, {, 4, 79, 100
6, 2870, {, 4, 76, 0
6, 2870, {, 4, 79, 0
6, 2880, {, 4, 79, 105
6, 2880, {, 4, 76, 100
6, 3350, {, 4, 79, 0
6, 3350, {, 4, 76, 0
6, 3360, {, 4, 72, 105
6, 3830, {, 4, 72, 0
6, 3840, {, 4, 65, 105
6, 3840, {, 4, 62, 95
6, 3840, {, 4, 57, 85
6, 4781, {, 4, 65, 0
6, 4781, {, 4, 62, 0
6, 4781, {, 4, 57, 0
6, 4800, {, 4, 64, 105
6, 4800, {, 4, 52, 85
6, 4800, {, 4, 67, 105
6, 4800, {, 4, 60, 95
6, 5270, {, 4, 52, 0
6, 5280, {, 4, 48, 85
6, 5741, {, 4, 64, 0
6, 5741, {, 4, 67, 0
6, 5741, {, 4, 60, 0
6, 5750, {, 4, 48, 0
6, 5760, {, 4, 53, 85
6, 5760, {, 4, 60, 95
6, 5760, {, 4, 65, 105
6, 6701, {, 4, 53, 0
6, 6701, {, 4, 60, 0
6, 6701, {, 4, 65, 0
6, 6720, {, 4, 52, 85
6, 6720, {, 4, 60, 95
6, 6720, {, 4, 64, 105
6, 7661, {, 4, 52, 0
6, 7661, {, 4, 60, 0
6, 7661, {, 4, 64, 0
6, 7680, {, 4, 53, 95
6, 7680, {, 4, 65, 115
6, 7680, {, 4, 50, 105
6, 7680, {, 4, 46, 85
6, 8621, {, 4, 53, 0
6, 8621, {, 4, 65, 0
6, 8621, {, 4, 50, 0
6, 8621, {, 4, 46, 0
6, 8640, {, 4, 67, 115
6, 8640, {, 4, 55, 95
6, 8640, {, 4, 48, 85
6, 8640, {, 4, 52, 95
6, 9360, {, 4, 58, 105
6, 9581, {, 4, 67, 0
6, 9581, {, 4, 55, 0
6, 9581, {, 4, 48, 0
6, 9581, {, 4, 52, 0
6, 9595, {, 4, 58, 0
6, 9600, {, 4, 55, 85
6, 9840, {, 4, 62, 95
6, 10080, {, 4, 67, 100
6, 11491, {, 4, 67, 0
6, 11501, {, 4, 55, 0
6, 11501, {, 4, 62, 0
6, 11520, {, 4, 53, 95
6, 11760, {, 4, 46, 85
6, 11820, {, 4, 53, 0
6, 12000, {, 4, 53, 95
6, 12470, {, 4, 46, 0
6, 12470, {, 4, 53, 0
6, 12480, {, 4, 48, 85
6, 12720, {, 4, 55, 95
6, 12955, {, 4, 55, 0
6, 12960, {, 4, 60, 100
6, 13186, {, 4, 48, 0
6, 13200, {, 4, 48, 85
6, 13435, {, 4, 60, 0
6, 13435, {, 4, 48, 0
6, 13440, {, 4, 49, 85
6, 13680, {, 4, 56, 95
6, 13915, {, 4, 56, 0
6, 13920, {, 4, 61, 100
6, 14381, {, 4, 49, 0
6, 14390, {, 4, 61, 0
6, 14400, {, 4, 51, 85
6, 14640, {, 4, 58, 95
6, 14875, {, 4, 58, 0
6, 14880, {, 4, 63, 100
6, 15106, {, 4, 51, 0
6, 15115, {, 4, 63, 0
6, 15120, {, 4, 51, 95
6, 15355, {, 4, 51, 0
6, 15360, {, 4, 59, 95
6, 15360, {, 4, 52, 85
6, 15360, {, 4, 64, 105
6, 15830, {, 4, 59, 0
6, 15830, {, 4, 52, 0
6, 15830, {, 4, 64, 0
6, 15840, {, 4, 59, 95
6, 15840, {, 4, 52, 85
6, 15840, {, 4, 56, 105
6, 16310, {, 4, 59, 0
6, 16310, {, 4, 52, 0
6, 16310, {, 4, 56, 0
6, 16320, {, 4, 66, 105
6, 16320, {, 4, 63, 100
6, 16320, {, 4, 56, 85
6, 16790, {, 4, 66, 0
6, 16790, {, 4, 63, 0
6, 16790, {, 4, 56, 0
6, 16800, {, 4, 54, 85
6, 16800, {, 4, 59, 95
6, 16800, {, 4, 63, 105
6, 17270, {, 4, 54, 0
6, 17270, {, 4, 59, 0
6, 17270, {, 4, 63, 0
6, 17280, {, 4, 49, 85
6, 17520, {, 4, 56, 95
6, 17755, {, 4, 56, 0
6, 17760, {, 4, 61, 100
6, 18221, {, 4, 49, 0
6, 18230, {, 4, 61, 0
6, 18240, {, 4, 37, 85
6, 19181, {, 4, 37, 0
6, 19181, \
0, 0, >

