0, 0, <, 1, 5, 192
1, 0, /
1, 0, ~, "Hymn of the Fayth"
1, 0, |, "By Nobuo Uematsu/ Arr. Simmen Stenil"
1, 0, (, "Copyright © 2002 by Simmen Stenil"
1, 0, (, "All Rights Reserved"
1, 0, |, "Generated by NoteWorthy Composer"
1, 0, %, 705882
1, 0, $, 4, 2, 24, 8
1, 0, \
2, 0, /
2, 0, `, 0
2, 0, ~, "Staff"
2, 0, &, 0, 7, 127
2, 0, &, 0, 10, 64
2, 0, &, 0, 7, 127
2, 0, &, 0, 10, 64
2, 0, ;, 0, 53
2, 192, {, 0, 74, 108
2, 352, {, 0, 74, 0
2, 384, {, 0, 77, 108
2, 544, {, 0, 77, 0
2, 576, {, 0, 76, 108
2, 736, {, 0, 76, 0
2, 768, {, 0, 72, 108
2, 768, {, 0, 79, 108
2, 1488, {, 0, 72, 0
2, 1488, {, 0, 79, 0
2, 1728, {, 0, 79, 108
2, 1888, {, 0, 79, 0
2, 1920, {, 0, 77, 108
2, 2080, {, 0, 77, 0
2, 2112, {, 0, 79, 108
2, 2206, {, 0, 79, 0
2, 2208, {, 0, 81, 108
2, 2302, {, 0, 81, 0
2, 2304, {, 0, 74, 108
2, 3024, {, 0, 74, 0
2, 3648, {, 0, 76, 108
2, 3808, {, 0, 76, 0
2, 3840, {, 0, 76, 108
2, 4560, {, 0, 76, 0
2, 4800, {, 0, 77, 108
2, 4960, {, 0, 77, 0
2, 4992, {, 0, 76, 108
2, 5152, {, 0, 76, 0
2, 5184, {, 0, 79, 108
2, 5278, {, 0, 79, 0
2, 5280, {, 0, 81, 108
2, 5374, {, 0, 81, 0
2, 5376, {, 0, 74, 108
2, 6096, {, 0, 74, 0
2, 6912, {, 0, 74, 108
2, 7072, {, 0, 74, 0
2, 7104, {, 0, 74, 108
2, 7264, {, 0, 74, 0
2, 7296, {, 0, 76, 108
2, 7456, {, 0, 76, 0
2, 7488, {, 0, 76, 108
2, 7648, {, 0, 76, 0
2, 7680, {, 0, 77, 108
2, 8016, {, 0, 77, 0
2, 8064, {, 0, 77, 108
2, 8608, {, 0, 77, 0
2, 8832, {, 0, 76, 108
2, 8992, {, 0, 76, 0
2, 9024, {, 0, 72, 108
2, 9184, {, 0, 72, 0
2, 9216, {, 0, 72, 108
2, 9376, {, 0, 72, 0
2, 9408, {, 0, 74, 108
2, 9568, {, 0, 74, 0
2, 9600, {, 0, 74, 108
2, 10512, {, 0, 74, 0
2, 10512, \
3, 0, /
3, 0, `, 0
3, 0, ~, "Staff-1"
3, 0, &, 1, 7, 127
3, 0, &, 1, 10, 64
3, 0, &, 1, 7, 127
3, 0, &, 1, 10, 64
3, 0, ;, 1, 53
3, 192, {, 1, 65, 92
3, 352, {, 1, 65, 0
3, 384, {, 1, 69, 92
3, 544, {, 1, 69, 0
3, 576, {, 1, 67, 92
3, 736, {, 1, 67, 0
3, 768, {, 1, 67, 92
3, 1488, {, 1, 67, 0
3, 1728, {, 1, 72, 92
3, 1888, {, 1, 72, 0
3, 1920, {, 1, 69, 92
3, 2080, {, 1, 69, 0
3, 2112, {, 1, 74, 92
3, 2206, {, 1, 74, 0
3, 2208, {, 1, 74, 92
3, 2302, {, 1, 74, 0
3, 2304, {, 1, 67, 92
3, 3024, {, 1, 67, 0
3, 3264, {, 1, 69, 92
3, 3424, {, 1, 69, 0
3, 3456, {, 1, 71, 92
3, 3616, {, 1, 71, 0
3, 3648, {, 1, 67, 92
3, 3808, {, 1, 67, 0
3, 3840, {, 1, 69, 92
3, 4560, {, 1, 69, 0
3, 4800, {, 1, 64, 92
3, 4960, {, 1, 64, 0
3, 4992, {, 1, 69, 92
3, 5152, {, 1, 69, 0
3, 5184, {, 1, 69, 92
3, 5278, {, 1, 69, 0
3, 5280, {, 1, 69, 92
3, 5374, {, 1, 69, 0
3, 5376, {, 1, 64, 92
3, 5376, {, 1, 67, 92
3, 6096, {, 1, 64, 0
3, 6096, {, 1, 67, 0
3, 6912, {, 1, 65, 92
3, 7072, {, 1, 65, 0
3, 7104, {, 1, 65, 92
3, 7264, {, 1, 65, 0
3, 7296, {, 1, 67, 92
3, 7456, {, 1, 67, 0
3, 7488, {, 1, 67, 92
3, 7648, {, 1, 67, 0
3, 7680, {, 1, 69, 92
3, 8016, {, 1, 69, 0
3, 8064, {, 1, 69, 92
3, 8608, {, 1, 69, 0
3, 8832, {, 1, 67, 92
3, 8992, {, 1, 67, 0
3, 9024, {, 1, 64, 92
3, 9184, {, 1, 64, 0
3, 9216, {, 1, 64, 92
3, 9376, {, 1, 64, 0
3, 9408, {, 1, 67, 92
3, 9568, {, 1, 67, 0
3, 9600, {, 1, 67, 92
3, 10512, {, 1, 67, 0
3, 10512, \
4, 0, /
4, 0, `, 0
4, 0, ~, "Staff-2"
4, 0, &, 2, 7, 127
4, 0, &, 2, 10, 64
4, 0, &, 2, 7, 127
4, 0, &, 2, 10, 64
4, 0, ;, 2, 53
4, 192, {, 2, 69, 75
4, 352, {, 2, 69, 0
4, 384, {, 2, 72, 75
4, 544, {, 2, 72, 0
4, 576, {, 2, 71, 75
4, 736, {, 2, 71, 0
4, 768, {, 2, 76, 75
4, 1488, {, 2, 76, 0
4, 1728, {, 2, 76, 75
4, 1888, {, 2, 76, 0
4, 1920, {, 2, 72, 75
4, 2080, {, 2, 72, 0
4, 2112, {, 2, 76, 75
4, 2206, {, 2, 76, 0
4, 2208, {, 2, 76, 75
4, 2302, {, 2, 76, 0
4, 2304, {, 2, 76, 75
4, 3024, {, 2, 76, 0
4, 3264, {, 2, 72, 75
4, 3264, {, 2, 77, 75
4, 3424, {, 2, 72, 0
4, 3424, {, 2, 77, 0
4, 3456, {, 2, 74, 75
4, 3456, {, 2, 79, 75
4, 3616, {, 2, 74, 0
4, 3616, {, 2, 79, 0
4, 3648, {, 2, 71, 75
4, 3648, {, 2, 74, 75
4, 3808, {, 2, 71, 0
4, 3808, {, 2, 74, 0
4, 3840, {, 2, 69, 75
4, 3840, {, 2, 76, 75
4, 4560, {, 2, 69, 0
4, 4560, {, 2, 76, 0
4, 4800, {, 2, 69, 75
4, 4960, {, 2, 69, 0
4, 4992, {, 2, 67, 75
4, 4992, {, 2, 76, 75
4, 5152, {, 2, 67, 0
4, 5152, {, 2, 76, 0
4, 5184, {, 2, 67, 75
4, 5184, {, 2, 76, 75
4, 5278, {, 2, 67, 0
4, 5278, {, 2, 76, 0
4, 5280, {, 2, 67, 75
4, 5280, {, 2, 72, 75
4, 5374, {, 2, 67, 0
4, 5374, {, 2, 72, 0
4, 5376, {, 2, 74, 75
4, 6096, {, 2, 74, 0
4, 6912, {, 2, 69, 75
4, 7072, {, 2, 69, 0
4, 7104, {, 2, 69, 75
4, 7264, {, 2, 69, 0
4, 7296, {, 2, 71, 75
4, 7456, {, 2, 71, 0
4, 7488, {, 2, 71, 75
4, 7648, {, 2, 71, 0
4, 7680, {, 2, 72, 75
4, 8016, {, 2, 72, 0
4, 8064, {, 2, 72, 75
4, 8608, {, 2, 72, 0
4, 8832, {, 2, 71, 75
4, 8992, {, 2, 71, 0
4, 9024, {, 2, 67, 75
4, 9184, {, 2, 67, 0
4, 9216, {, 2, 67, 75
4, 9376, {, 2, 67, 0
4, 9408, {, 2, 69, 75
4, 9568, {, 2, 69, 0
4, 9600, {, 2, 69, 75
4, 10512, {, 2, 69, 0
4, 10512, \
5, 0, /
5, 0, `, 0
5, 0, ~, "Staff-3"
5, 0, &, 3, 7, 127
5, 0, &, 3, 10, 64
5, 0, &, 3, 7, 127
5, 0, &, 3, 10, 64
5, 0, ;, 3, 53
5, 192, {, 3, 50, 60
5, 352, {, 3, 50, 0
5, 384, {, 3, 50, 60
5, 544, {, 3, 50, 0
5, 576, {, 3, 50, 60
5, 736, {, 3, 50, 0
5, 768, {, 3, 50, 60
5, 1488, {, 3, 50, 0
5, 1728, {, 3, 50, 60
5, 1888, {, 3, 50, 0
5, 1920, {, 3, 50, 60
5, 2080, {, 3, 50, 0
5, 2112, {, 3, 50, 60
5, 2206, {, 3, 50, 0
5, 2208, {, 3, 50, 60
5, 2302, {, 3, 50, 0
5, 2304, {, 3, 50, 60
5, 3024, {, 3, 50, 0
5, 3264, {, 3, 50, 60
5, 3424, {, 3, 50, 0
5, 3456, {, 3, 53, 60
5, 3616, {, 3, 53, 0
5, 3648, {, 3, 50, 60
5, 3808, {, 3, 50, 0
5, 3840, {, 3, 48, 60
5, 4560, {, 3, 48, 0
5, 4800, {, 3, 48, 60
5, 4960, {, 3, 48, 0
5, 4992, {, 3, 45, 60
5, 5152, {, 3, 45, 0
5, 5184, {, 3, 45, 60
5, 5278, {, 3, 45, 0
5, 5280, {, 3, 45, 60
5, 5374, {, 3, 45, 0
5, 5376, {, 3, 50, 60
5, 6096, {, 3, 50, 0
5, 6912, {, 3, 50, 60
5, 7072, {, 3, 50, 0
5, 7104, {, 3, 50, 60
5, 7264, {, 3, 50, 0
5, 7296, {, 3, 50, 60
5, 7456, {, 3, 50, 0
5, 7488, {, 3, 50, 60
5, 7648, {, 3, 50, 0
5, 7680, {, 3, 50, 60
5, 8016, {, 3, 50, 0
5, 8064, {, 3, 50, 60
5, 8608, {, 3, 50, 0
5, 8832, {, 3, 50, 60
5, 8992, {, 3, 50, 0
5, 9024, {, 3, 50, 60
5, 9184, {, 3, 50, 0
5, 9216, {, 3, 50, 60
5, 9376, {, 3, 50, 0
5, 9408, {, 3, 50, 60
5, 9568, {, 3, 50, 0
5, 9600, {, 3, 50, 60
5, 10512, {, 3, 50, 0
5, 10512, \
0, 0, >

