0, 0, <, 1, 9, 120
1, 0, /
1, 0, ~, "I can fly"
1, 0, (, "Org composer: Masashi Hamauzu  GM sequencer: Thomash Lee"
1, 0, |, "Org composer: Masashi Hamauzu  GM sequencer: Thomash Lee"
1, 0, $, 4, 2, 24, 8
1, 0, #, 0, "major"
1, 0, %, 600000
1, 1279, %, 594059
1, 2559, %, 588235
1, 3839, %, 582524
1, 5119, %, 576923
1, 6399, %, 571429
1, 7679, %, 566038
1, 7680, %, 833333
1, 10080, %, 937500
1, 10560, %, 833333
1, 10560, \
2, 0, /
2, 0, ~, "Slow String 1"
2, 0, ;, 0, 49
2, 0, &, 0, 7, 100
2, 0, &, 0, 93, 40
2, 0, &, 0, 11, 64
2, 0, &, 0, 91, 40
2, 0, {, 0, 32, 127
2, 30, &, 0, 11, 65
2, 60, &, 0, 11, 66
2, 91, &, 0, 11, 67
2, 121, &, 0, 11, 68
2, 152, &, 0, 11, 69
2, 182, &, 0, 11, 70
2, 213, &, 0, 11, 71
2, 243, &, 0, 11, 72
2, 274, &, 0, 11, 73
2, 304, &, 0, 11, 74
2, 335, &, 0, 11, 75
2, 365, &, 0, 11, 76
2, 395, &, 0, 11, 77
2, 426, &, 0, 11, 78
2, 456, &, 0, 11, 79
2, 487, &, 0, 11, 80
2, 517, &, 0, 11, 81
2, 548, &, 0, 11, 82
2, 578, &, 0, 11, 83
2, 609, &, 0, 11, 84
2, 639, &, 0, 11, 85
2, 670, &, 0, 11, 86
2, 700, &, 0, 11, 87
2, 731, &, 0, 11, 88
2, 761, &, 0, 11, 89
2, 791, &, 0, 11, 90
2, 822, &, 0, 11, 91
2, 852, &, 0, 11, 92
2, 883, &, 0, 11, 93
2, 913, &, 0, 11, 94
2, 944, &, 0, 11, 95
2, 974, &, 0, 11, 96
2, 1005, &, 0, 11, 97
2, 1035, &, 0, 11, 98
2, 1066, &, 0, 11, 99
2, 1096, &, 0, 11, 100
2, 1127, &, 0, 11, 101
2, 1157, &, 0, 11, 102
2, 1187, &, 0, 11, 103
2, 1218, &, 0, 11, 104
2, 1248, &, 0, 11, 105
2, 1279, &, 0, 11, 106
2, 1309, &, 0, 11, 107
2, 1340, &, 0, 11, 108
2, 1370, &, 0, 11, 109
2, 1401, &, 0, 11, 110
2, 1431, &, 0, 11, 111
2, 1462, &, 0, 11, 112
2, 1492, &, 0, 11, 113
2, 1523, &, 0, 11, 114
2, 1553, &, 0, 11, 115
2, 1583, &, 0, 11, 116
2, 1614, &, 0, 11, 117
2, 1644, &, 0, 11, 118
2, 1675, &, 0, 11, 119
2, 1705, &, 0, 11, 120
2, 1736, &, 0, 11, 121
2, 1766, &, 0, 11, 122
2, 1797, &, 0, 11, 123
2, 1827, &, 0, 11, 124
2, 1858, &, 0, 11, 125
2, 1888, &, 0, 11, 126
2, 1919, &, 0, 11, 127
2, 3360, {, 0, 32, 0
2, 3360, {, 0, 31, 127
2, 4800, {, 0, 31, 0
2, 4800, {, 0, 32, 127
2, 6240, {, 0, 32, 0
2, 6240, {, 0, 31, 127
2, 7680, {, 0, 31, 0
2, 7680, {, 0, 32, 127
2, 8160, {, 0, 32, 0
2, 8160, {, 0, 31, 127
2, 8640, {, 0, 31, 0
2, 8640, {, 0, 32, 127
2, 9120, {, 0, 32, 0
2, 9120, {, 0, 31, 127
2, 9600, {, 0, 31, 0
2, 9600, {, 0, 32, 127
2, 10080, {, 0, 32, 0
2, 10080, {, 0, 31, 127
2, 10560, {, 0, 31, 0
2, 10560, {, 0, 36, 127
2, 10560, {, 0, 24, 127
2, 11520, {, 0, 24, 0
2, 11520, {, 0, 36, 0
2, 11520, {, 0, 32, 127
2, 12480, {, 0, 32, 0
2, 12480, {, 0, 24, 127
2, 12480, {, 0, 36, 127
2, 12780, {, 0, 37, 127
2, 12780, {, 0, 25, 127
2, 12960, {, 0, 25, 0
2, 12960, {, 0, 24, 0
2, 12960, {, 0, 36, 0
2, 12960, {, 0, 37, 0
2, 12960, \
3, 0, /
3, 0, ~, "Slow String 2"
3, 0, ;, 2, 49
3, 0, &, 2, 7, 100
3, 0, &, 2, 91, 40
3, 1920, &, 2, 11, 127
3, 1920, {, 2, 55, 96
3, 1920, {, 2, 56, 96
3, 1920, {, 2, 60, 96
3, 2640, {, 2, 65, 121
3, 3360, {, 2, 65, 0
3, 3360, {, 2, 55, 0
3, 3360, {, 2, 56, 0
3, 3360, {, 2, 60, 0
3, 3360, {, 2, 55, 96
3, 3360, {, 2, 53, 96
3, 3360, {, 2, 60, 96
3, 4080, {, 2, 65, 121
3, 4800, {, 2, 65, 0
3, 4800, {, 2, 55, 0
3, 4800, {, 2, 53, 0
3, 4800, {, 2, 60, 0
3, 4800, {, 2, 55, 96
3, 4800, {, 2, 56, 96
3, 4800, {, 2, 60, 96
3, 5520, {, 2, 65, 121
3, 6240, {, 2, 65, 0
3, 6240, {, 2, 55, 0
3, 6240, {, 2, 56, 0
3, 6240, {, 2, 60, 0
3, 6240, {, 2, 55, 96
3, 6240, {, 2, 53, 96
3, 6240, {, 2, 60, 96
3, 6960, {, 2, 65, 121
3, 7680, {, 2, 65, 0
3, 7680, {, 2, 55, 0
3, 7680, {, 2, 53, 0
3, 7680, {, 2, 60, 0
3, 7680, {, 2, 56, 105
3, 7680, {, 2, 55, 105
3, 7680, {, 2, 60, 105
3, 8160, {, 2, 60, 0
3, 8160, {, 2, 55, 0
3, 8160, {, 2, 56, 0
3, 8160, {, 2, 53, 96
3, 8160, {, 2, 55, 96
3, 8160, {, 2, 58, 105
3, 8640, {, 2, 58, 0
3, 8640, {, 2, 55, 0
3, 8640, {, 2, 53, 0
3, 8640, {, 2, 55, 104
3, 8640, {, 2, 56, 104
3, 8640, {, 2, 60, 104
3, 9120, {, 2, 60, 0
3, 9120, {, 2, 56, 0
3, 9120, {, 2, 55, 0
3, 9120, {, 2, 53, 106
3, 9120, {, 2, 55, 106
3, 9120, {, 2, 58, 106
3, 9600, {, 2, 58, 0
3, 9600, {, 2, 55, 0
3, 9600, {, 2, 53, 0
3, 9600, {, 2, 72, 107
3, 9600, {, 2, 56, 107
3, 9600, {, 2, 55, 107
3, 9600, {, 2, 60, 107
3, 10080, {, 2, 60, 0
3, 10080, {, 2, 72, 0
3, 10080, {, 2, 56, 0
3, 10080, {, 2, 55, 0
3, 10080, {, 2, 74, 106
3, 10080, {, 2, 53, 106
3, 10080, {, 2, 55, 106
3, 10080, {, 2, 58, 106
3, 10320, {, 2, 82, 127
3, 10440, {, 2, 86, 127
3, 10560, {, 2, 86, 0
3, 10560, {, 2, 53, 0
3, 10560, {, 2, 55, 0
3, 10560, {, 2, 74, 0
3, 10560, {, 2, 82, 0
3, 10560, {, 2, 58, 0
3, 10560, {, 2, 84, 124
3, 10560, {, 2, 53, 100
3, 10560, {, 2, 48, 100
3, 10560, {, 2, 55, 100
3, 10560, {, 2, 60, 100
3, 10560, {, 2, 96, 124
3, 11520, {, 2, 96, 0
3, 11520, {, 2, 53, 0
3, 11520, {, 2, 48, 0
3, 11520, {, 2, 84, 0
3, 11520, {, 2, 60, 0
3, 11520, {, 2, 55, 0
3, 11520, {, 2, 44, 127
3, 11520, {, 2, 48, 127
3, 11520, {, 2, 60, 127
3, 11520, {, 2, 56, 127
3, 11520, {, 2, 55, 127
3, 11640, {, 2, 89, 127
3, 12000, {, 2, 89, 0
3, 12480, {, 2, 48, 0
3, 12480, {, 2, 60, 0
3, 12480, {, 2, 44, 0
3, 12480, {, 2, 55, 0
3, 12480, {, 2, 56, 0
3, 12480, {, 2, 53, 127
3, 12480, {, 2, 48, 127
3, 12600, {, 2, 60, 127
3, 12600, {, 2, 55, 127
3, 12960, {, 2, 55, 0
3, 12960, {, 2, 53, 0
3, 12960, {, 2, 48, 0
3, 12960, {, 2, 60, 0
3, 12960, {, 2, 41, 108
3, 12960, {, 2, 55, 108
3, 12960, {, 2, 60, 108
3, 12960, {, 2, 37, 108
3, 12960, {, 2, 53, 108
3, 12960, {, 2, 61, 108
3, 12960, {, 2, 75, 108
3, 13920, {, 2, 75, 0
3, 13920, {, 2, 53, 0
3, 13920, {, 2, 55, 0
3, 13920, {, 2, 60, 0
3, 13920, {, 2, 41, 0
3, 13920, {, 2, 61, 0
3, 13920, {, 2, 37, 0
3, 13920, \
4, 0, /
4, 0, ~, "Flute"
4, 0, ;, 1, 73
4, 0, &, 1, 7, 100
4, 0, &, 1, 91, 40
4, 7680, &, 1, 11, 127
4, 7680, {, 1, 72, 123
4, 7920, {, 1, 72, 0
4, 7920, {, 1, 74, 123
4, 8040, {, 1, 74, 0
4, 8040, {, 1, 75, 123
4, 8160, {, 1, 75, 0
4, 8160, {, 1, 77, 124
4, 8400, {, 1, 77, 0
4, 8400, {, 1, 75, 124
4, 8520, {, 1, 75, 0
4, 8520, {, 1, 77, 124
4, 8640, {, 1, 77, 0
4, 8640, {, 1, 79, 125
4, 8880, {, 1, 79, 0
4, 8880, {, 1, 77, 125
4, 9120, {, 1, 77, 0
4, 9120, {, 1, 75, 125
4, 9360, {, 1, 75, 0
4, 9360, {, 1, 82, 125
4, 9600, {, 1, 82, 0
4, 9600, {, 1, 84, 100
4, 9600, {, 1, 72, 125
4, 9840, {, 1, 72, 0
4, 9840, {, 1, 74, 124
4, 9960, {, 1, 74, 0
4, 9960, {, 1, 75, 124
4, 10080, {, 1, 75, 0
4, 10080, {, 1, 84, 0
4, 10080, {, 1, 77, 125
4, 10560, {, 1, 77, 0
4, 10560, {, 1, 79, 125
4, 11520, {, 1, 79, 0
4, 11580, {, 1, 72, 127
4, 11640, {, 1, 72, 0
4, 11640, {, 1, 77, 127
4, 11910, {, 1, 77, 0
4, 11940, {, 1, 79, 127
4, 11970, {, 1, 79, 0
4, 11970, {, 1, 80, 127
4, 12000, {, 1, 80, 0
4, 12000, {, 1, 82, 126
4, 12030, {, 1, 82, 0
4, 12030, {, 1, 80, 127
4, 12060, {, 1, 80, 0
4, 12060, {, 1, 79, 127
4, 12090, {, 1, 79, 0
4, 12090, {, 1, 77, 127
4, 12120, {, 1, 77, 0
4, 12120, {, 1, 79, 127
4, 12150, {, 1, 79, 0
4, 12150, {, 1, 80, 127
4, 12180, {, 1, 80, 0
4, 12180, {, 1, 82, 127
4, 12210, {, 1, 82, 0
4, 12210, {, 1, 80, 127
4, 12240, {, 1, 80, 0
4, 12240, {, 1, 79, 127
4, 12270, {, 1, 79, 0
4, 12270, {, 1, 77, 127
4, 12300, {, 1, 77, 0
4, 12300, {, 1, 79, 127
4, 12330, {, 1, 79, 0
4, 12330, {, 1, 80, 127
4, 12360, {, 1, 80, 0
4, 12360, {, 1, 82, 127
4, 12400, {, 1, 82, 0
4, 12400, {, 1, 80, 127
4, 12440, {, 1, 80, 0
4, 12440, {, 1, 79, 127
4, 12480, {, 1, 79, 0
4, 12480, \
5, 0, /
5, 0, ~, "French Horn"
5, 0, ;, 3, 60
5, 0, &, 3, 7, 100
5, 0, &, 3, 93, 40
5, 0, &, 3, 91, 40
5, 7680, &, 3, 11, 127
5, 7680, {, 3, 60, 127
5, 7920, {, 3, 60, 0
5, 7920, {, 3, 62, 127
5, 8040, {, 3, 62, 0
5, 8040, {, 3, 63, 127
5, 8160, {, 3, 63, 0
5, 8160, {, 3, 65, 127
5, 8400, {, 3, 65, 0
5, 8400, {, 3, 63, 127
5, 8520, {, 3, 63, 0
5, 8520, {, 3, 65, 127
5, 8640, {, 3, 65, 0
5, 8640, {, 3, 67, 127
5, 8880, {, 3, 67, 0
5, 8880, {, 3, 65, 127
5, 9000, {, 3, 65, 0
5, 9000, {, 3, 70, 111
5, 9120, {, 3, 70, 0
5, 9120, {, 3, 70, 127
5, 9600, {, 3, 70, 0
5, 9600, {, 3, 72, 127
5, 10080, {, 3, 72, 0
5, 10080, {, 3, 70, 127
5, 10560, {, 3, 70, 0
5, 10560, {, 3, 67, 126
5, 10800, {, 3, 67, 0
5, 10800, {, 3, 78, 126
5, 10860, {, 3, 78, 0
5, 10860, {, 3, 74, 126
5, 10920, {, 3, 74, 0
5, 10920, {, 3, 76, 126
5, 10980, {, 3, 76, 0
5, 10980, {, 3, 79, 126
5, 11040, {, 3, 79, 0
5, 11040, {, 3, 78, 126
5, 11070, {, 3, 78, 0
5, 11070, {, 3, 74, 126
5, 11100, {, 3, 74, 0
5, 11100, {, 3, 76, 126
5, 11220, {, 3, 76, 0
5, 11220, {, 3, 72, 126
5, 11280, {, 3, 72, 0
5, 11280, {, 3, 74, 126
5, 11340, {, 3, 74, 0
5, 11340, {, 3, 70, 126
5, 11460, {, 3, 66, 102
5, 11520, {, 3, 66, 0
5, 11520, {, 3, 70, 0
5, 11580, {, 3, 72, 126
5, 11640, {, 3, 72, 0
5, 11640, {, 3, 77, 126
5, 11910, {, 3, 77, 0
5, 11940, {, 3, 79, 126
5, 11970, {, 3, 79, 0
5, 11970, {, 3, 80, 126
5, 12000, {, 3, 80, 0
5, 12000, {, 3, 82, 126
5, 12030, {, 3, 82, 0
5, 12030, {, 3, 80, 126
5, 12060, {, 3, 80, 0
5, 12060, {, 3, 79, 126
5, 12090, {, 3, 79, 0
5, 12090, {, 3, 77, 126
5, 12120, {, 3, 77, 0
5, 12120, {, 3, 79, 126
5, 12150, {, 3, 79, 0
5, 12150, {, 3, 80, 126
5, 12180, {, 3, 80, 0
5, 12180, {, 3, 82, 126
5, 12210, {, 3, 82, 0
5, 12210, {, 3, 80, 126
5, 12240, {, 3, 80, 0
5, 12240, {, 3, 79, 126
5, 12270, {, 3, 79, 0
5, 12270, {, 3, 77, 126
5, 12300, {, 3, 77, 0
5, 12300, {, 3, 79, 126
5, 12330, {, 3, 79, 0
5, 12330, {, 3, 80, 126
5, 12360, {, 3, 80, 0
5, 12360, {, 3, 82, 126
5, 12400, {, 3, 82, 0
5, 12400, {, 3, 80, 126
5, 12440, {, 3, 80, 0
5, 12440, {, 3, 77, 126
5, 12440, {, 3, 79, 126
5, 12480, {, 3, 79, 0
5, 12480, {, 3, 77, 0
5, 12540, {, 3, 67, 110
5, 12660, {, 3, 68, 109
5, 12780, {, 3, 65, 108
5, 12960, {, 3, 65, 0
5, 12960, {, 3, 68, 0
5, 12960, {, 3, 67, 0
5, 13020, {, 3, 67, 98
5, 13920, {, 3, 67, 0
5, 13920, \
6, 0, /
6, 0, ~, "Trombone"
6, 0, ;, 4, 57
6, 0, &, 4, 7, 100
6, 0, &, 4, 91, 40
6, 7680, &, 4, 11, 127
6, 7680, {, 4, 60, 124
6, 7920, {, 4, 60, 0
6, 7920, {, 4, 62, 124
6, 8040, {, 4, 62, 0
6, 8040, {, 4, 63, 124
6, 8160, {, 4, 63, 0
6, 8160, {, 4, 65, 124
6, 8400, {, 4, 65, 0
6, 8400, {, 4, 63, 124
6, 8520, {, 4, 63, 0
6, 8520, {, 4, 65, 124
6, 8640, {, 4, 65, 0
6, 8640, {, 4, 67, 123
6, 8880, {, 4, 67, 0
6, 8880, {, 4, 65, 123
6, 9120, {, 4, 65, 0
6, 9120, {, 4, 63, 123
6, 9360, {, 4, 63, 0
6, 9360, {, 4, 70, 123
6, 9600, {, 4, 70, 0
6, 9600, {, 4, 60, 123
6, 9840, {, 4, 60, 0
6, 9840, {, 4, 62, 123
6, 9960, {, 4, 62, 0
6, 9960, {, 4, 63, 123
6, 10080, {, 4, 63, 0
6, 10080, {, 4, 65, 123
6, 10320, {, 4, 65, 0
6, 10320, {, 4, 70, 123
6, 10440, {, 4, 70, 0
6, 10440, {, 4, 74, 123
6, 10560, {, 4, 74, 0
6, 10560, {, 4, 65, 123
6, 10800, {, 4, 65, 0
6, 10800, {, 4, 66, 123
6, 10860, {, 4, 66, 0
6, 10860, {, 4, 62, 123
6, 10920, {, 4, 62, 0
6, 10920, {, 4, 64, 123
6, 10980, {, 4, 64, 0
6, 10980, {, 4, 67, 123
6, 11040, {, 4, 67, 0
6, 11040, {, 4, 66, 123
6, 11280, {, 4, 66, 0
6, 11280, {, 4, 62, 123
6, 11520, {, 4, 62, 0
6, 11580, {, 4, 60, 125
6, 11640, {, 4, 60, 0
6, 11640, {, 4, 65, 126
6, 11940, {, 4, 65, 0
6, 11940, {, 4, 67, 126
6, 11970, {, 4, 67, 0
6, 11970, {, 4, 68, 126
6, 12000, {, 4, 68, 0
6, 12000, {, 4, 70, 126
6, 12030, {, 4, 70, 0
6, 12030, {, 4, 68, 126
6, 12060, {, 4, 68, 0
6, 12060, {, 4, 67, 126
6, 12090, {, 4, 67, 0
6, 12090, {, 4, 65, 126
6, 12120, {, 4, 65, 0
6, 12120, {, 4, 67, 126
6, 12150, {, 4, 67, 0
6, 12150, {, 4, 68, 126
6, 12180, {, 4, 68, 0
6, 12180, {, 4, 70, 126
6, 12210, {, 4, 70, 0
6, 12210, {, 4, 68, 126
6, 12240, {, 4, 68, 0
6, 12240, {, 4, 67, 126
6, 12270, {, 4, 67, 0
6, 12270, {, 4, 65, 126
6, 12300, {, 4, 65, 0
6, 12300, {, 4, 67, 126
6, 12330, {, 4, 67, 0
6, 12330, {, 4, 68, 126
6, 12360, {, 4, 68, 0
6, 12360, {, 4, 70, 126
6, 12400, {, 4, 70, 0
6, 12400, {, 4, 68, 126
6, 12440, {, 4, 68, 0
6, 12440, {, 4, 65, 126
6, 12480, {, 4, 65, 0
6, 12540, {, 4, 72, 127
6, 12540, {, 4, 67, 110
6, 12560, {, 4, 72, 0
6, 12560, {, 4, 72, 127
6, 12580, {, 4, 72, 0
6, 12580, {, 4, 72, 127
6, 12600, {, 4, 72, 0
6, 12600, {, 4, 72, 127
6, 12620, {, 4, 72, 0
6, 12620, {, 4, 67, 127
6, 12640, {, 4, 67, 0
6, 12640, {, 4, 67, 127
6, 12660, {, 4, 67, 0
6, 12660, {, 4, 67, 127
6, 12660, {, 4, 68, 109
6, 12680, {, 4, 67, 0
6, 12680, {, 4, 72, 127
6, 12700, {, 4, 72, 0
6, 12700, {, 4, 72, 127
6, 12720, {, 4, 72, 0
6, 12720, {, 4, 72, 127
6, 12740, {, 4, 72, 0
6, 12740, {, 4, 67, 127
6, 12760, {, 4, 67, 0
6, 12760, {, 4, 67, 127
6, 12780, {, 4, 67, 0
6, 12780, {, 4, 65, 108
6, 12780, {, 4, 60, 127
6, 12960, {, 4, 60, 0
6, 12960, {, 4, 67, 0
6, 12960, {, 4, 68, 0
6, 12960, {, 4, 65, 0
6, 12960, {, 4, 37, 126
6, 13920, {, 4, 37, 0
6, 13920, \
7, 0, /
7, 0, ~, "Trumpet"
7, 0, ;, 5, 56
7, 0, &, 5, 7, 100
7, 0, &, 5, 91, 40
7, 7680, &, 5, 11, 127
7, 8160, {, 5, 65, 100
7, 8400, {, 5, 65, 0
7, 8400, {, 5, 63, 100
7, 8520, {, 5, 63, 0
7, 8520, {, 5, 65, 100
7, 8640, {, 5, 65, 0
7, 8640, {, 5, 60, 100
7, 8880, {, 5, 60, 0
7, 8880, {, 5, 62, 100
7, 9120, {, 5, 62, 0
7, 9120, {, 5, 63, 100
7, 9600, {, 5, 63, 0
7, 9600, {, 5, 60, 97
7, 9840, {, 5, 60, 0
7, 9840, {, 5, 62, 104
7, 9960, {, 5, 62, 0
7, 9960, {, 5, 63, 108
7, 10080, {, 5, 63, 0
7, 10080, {, 5, 65, 111
7, 10320, {, 5, 65, 0
7, 10320, {, 5, 70, 119
7, 10560, {, 5, 70, 0
7, 10560, {, 5, 72, 126
7, 11460, {, 5, 72, 0
7, 11460, {, 5, 66, 103
7, 11520, {, 5, 66, 0
7, 11580, {, 5, 60, 100
7, 11640, {, 5, 60, 0
7, 11640, {, 5, 65, 100
7, 11880, {, 5, 65, 0
7, 11880, {, 5, 68, 99
7, 11880, {, 5, 65, 99
7, 11940, {, 5, 65, 0
7, 11940, {, 5, 68, 0
7, 11940, {, 5, 68, 102
7, 11940, {, 5, 65, 102
7, 12000, {, 5, 65, 0
7, 12000, {, 5, 68, 0
7, 12000, {, 5, 70, 105
7, 12000, {, 5, 65, 105
7, 12060, {, 5, 65, 0
7, 12060, {, 5, 70, 0
7, 12060, {, 5, 70, 108
7, 12060, {, 5, 65, 108
7, 12120, {, 5, 65, 0
7, 12120, {, 5, 70, 0
7, 12120, {, 5, 70, 111
7, 12120, {, 5, 65, 111
7, 12180, {, 5, 65, 0
7, 12180, {, 5, 70, 0
7, 12180, {, 5, 70, 114
7, 12180, {, 5, 65, 114
7, 12240, {, 5, 65, 0
7, 12240, {, 5, 70, 0
7, 12240, {, 5, 68, 117
7, 12240, {, 5, 65, 117
7, 12300, {, 5, 65, 0
7, 12300, {, 5, 68, 0
7, 12300, {, 5, 70, 120
7, 12300, {, 5, 65, 120
7, 12360, {, 5, 65, 0
7, 12360, {, 5, 70, 0
7, 12360, {, 5, 65, 122
7, 12360, {, 5, 68, 122
7, 12360, {, 5, 70, 122
7, 12400, {, 5, 70, 0
7, 12400, {, 5, 68, 0
7, 12400, {, 5, 65, 0
7, 12400, {, 5, 65, 123
7, 12400, {, 5, 68, 123
7, 12400, {, 5, 70, 123
7, 12440, {, 5, 70, 0
7, 12440, {, 5, 68, 0
7, 12440, {, 5, 65, 0
7, 12440, {, 5, 65, 124
7, 12440, {, 5, 68, 124
7, 12440, {, 5, 70, 124
7, 12480, {, 5, 70, 0
7, 12480, {, 5, 68, 0
7, 12480, {, 5, 65, 0
7, 12540, {, 5, 84, 127
7, 12560, {, 5, 84, 0
7, 12560, {, 5, 84, 127
7, 12580, {, 5, 84, 0
7, 12580, {, 5, 84, 127
7, 12600, {, 5, 84, 0
7, 12600, {, 5, 84, 127
7, 12620, {, 5, 84, 0
7, 12620, {, 5, 79, 127
7, 12640, {, 5, 79, 0
7, 12640, {, 5, 79, 127
7, 12660, {, 5, 79, 0
7, 12660, {, 5, 79, 127
7, 12680, {, 5, 79, 0
7, 12680, {, 5, 84, 127
7, 12700, {, 5, 84, 0
7, 12700, {, 5, 84, 127
7, 12720, {, 5, 84, 0
7, 12720, {, 5, 84, 127
7, 12740, {, 5, 84, 0
7, 12740, {, 5, 79, 127
7, 12760, {, 5, 79, 0
7, 12760, {, 5, 79, 127
7, 12780, {, 5, 79, 0
7, 12780, {, 5, 72, 127
7, 12960, {, 5, 72, 0
7, 12960, \
8, 0, /
8, 0, ~, "Timpani"
8, 0, ;, 6, 47
8, 0, &, 6, 7, 127
8, 0, &, 6, 91, 40
8, 7680, &, 6, 11, 127
8, 9600, {, 6, 44, 127
8, 9720, {, 6, 44, 0
8, 9840, {, 6, 44, 127
8, 9960, {, 6, 44, 0
8, 9960, {, 6, 44, 127
8, 10080, {, 6, 44, 0
8, 10080, {, 6, 43, 127
8, 10200, {, 6, 43, 0
8, 10320, {, 6, 43, 127
8, 10440, {, 6, 43, 0
8, 10440, {, 6, 43, 127
8, 10500, {, 6, 43, 0
8, 10500, {, 6, 43, 127
8, 10520, {, 6, 43, 0
8, 10520, {, 6, 43, 127
8, 10540, {, 6, 43, 0
8, 10540, {, 6, 43, 127
8, 10560, {, 6, 43, 0
8, 10560, {, 6, 48, 126
8, 10680, {, 6, 48, 0
8, 10740, {, 6, 48, 127
8, 10760, {, 6, 48, 0
8, 10760, {, 6, 48, 127
8, 10780, {, 6, 48, 0
8, 10780, {, 6, 48, 127
8, 10800, {, 6, 48, 0
8, 10800, {, 6, 48, 127
8, 10820, {, 6, 48, 0
8, 10860, {, 6, 48, 127
8, 10880, {, 6, 48, 0
8, 10980, {, 6, 48, 127
8, 11000, {, 6, 48, 0
8, 11040, {, 6, 48, 127
8, 11060, {, 6, 48, 0
8, 11100, {, 6, 48, 127
8, 11120, {, 6, 48, 0
8, 11220, {, 6, 48, 127
8, 11240, {, 6, 48, 0
8, 11280, {, 6, 48, 127
8, 11300, {, 6, 48, 0
8, 11340, {, 6, 48, 127
8, 11360, {, 6, 48, 0
8, 11360, {, 6, 48, 127
8, 11380, {, 6, 48, 0
8, 11380, {, 6, 48, 127
8, 11400, {, 6, 48, 0
8, 11400, {, 6, 48, 127
8, 11420, {, 6, 48, 0
8, 11460, {, 6, 48, 127
8, 11480, {, 6, 48, 0
8, 11580, {, 6, 44, 127
8, 11600, {, 6, 44, 0
8, 11640, {, 6, 44, 127
8, 11660, {, 6, 44, 0
8, 11940, {, 6, 44, 127
8, 11960, {, 6, 44, 0
8, 12000, {, 6, 44, 127
8, 12020, {, 6, 44, 0
8, 12180, {, 6, 44, 127
8, 12240, {, 6, 44, 0
8, 12240, {, 6, 44, 127
8, 12300, {, 6, 44, 0
8, 12300, {, 6, 44, 127
8, 12360, {, 6, 44, 0
8, 12360, {, 6, 44, 127
8, 12400, {, 6, 44, 0
8, 12400, {, 6, 44, 127
8, 12440, {, 6, 44, 0
8, 12440, {, 6, 44, 127
8, 12480, {, 6, 44, 0
8, 12480, {, 6, 43, 100
8, 12480, {, 6, 44, 126
8, 12600, {, 6, 44, 0
8, 12600, {, 6, 43, 0
8, 12660, {, 6, 43, 127
8, 12660, {, 6, 44, 127
8, 12720, {, 6, 44, 0
8, 12720, {, 6, 43, 0
8, 12720, {, 6, 43, 127
8, 12720, {, 6, 44, 127
8, 12780, {, 6, 44, 0
8, 12780, {, 6, 43, 0
8, 12780, {, 6, 43, 127
8, 12780, {, 6, 44, 127
8, 12840, {, 6, 44, 0
8, 12840, {, 6, 43, 0
8, 12900, {, 6, 43, 127
8, 12900, {, 6, 44, 127
8, 12960, {, 6, 44, 0
8, 12960, {, 6, 43, 0
8, 12960, {, 6, 43, 127
8, 13020, {, 6, 43, 0
8, 13020, \
9, 0, /
9, 0, ~, "Cymbal"
9, 0, ;, 9, 0
9, 0, &, 9, 7, 127
9, 0, &, 9, 91, 40
9, 10080, &, 9, 11, 127
9, 10560, {, 9, 57, 127
9, 10560, {, 9, 49, 127
9, 10680, {, 9, 49, 0
9, 10680, {, 9, 57, 0
9, 11520, {, 9, 57, 127
9, 11520, {, 9, 49, 127
9, 11640, {, 9, 49, 0
9, 11640, {, 9, 57, 0
9, 12540, {, 9, 57, 127
9, 12540, {, 9, 49, 127
9, 12660, {, 9, 49, 0
9, 12660, {, 9, 57, 0
9, 12780, {, 9, 49, 127
9, 12780, {, 9, 57, 127
9, 12900, {, 9, 57, 0
9, 12900, {, 9, 49, 0
9, 12900, \
0, 0, >

