0, 0, <, 1, 13, 120
1, 0, /
1, 0, ~, "Final Fantasy X \201y\203\213\203J\201z for SC-8820 by spikee"
1, 0, (, "\222\207\226ì\217\207\226ç"
1, 0, |, "(C)2001 SQUARE\012"
1, 0, ?, 10, 65, 16, 66, 18, 64, 0, 127, 0, 65, 247
1, 0, ?, 10, 65, 16, 66, 18, 0, 0, 127, 0, 1, 247
1, 0, ?, 10, 65, 16, 66, 18, 64, 26, 21, 2, 15, 247
1, 0, $, 4, 2, 24, 8
1, 0, #, 0, "major"
1, 0, %, 405405
1, 0, ^, "presented by spikee"
1, 0, \
2, 0, /
2, 0, ~, "Steel Gt.(L)"
2, 0, &, 0, 0, 0
2, 0, &, 0, 32, 3
2, 0, ;, 0, 25
2, 0, &, 0, 7, 115
2, 0, &, 0, 10, 24
2, 60, |, "Start of Setup by GSAE"
2, 64, &, 0, 91, 80
2, 64, &, 0, 93, 0
2, 149, |, "End of Setup by GSAE"
2, 480, {, 0, 44, 100
2, 540, {, 0, 65, 100
2, 600, {, 0, 58, 100
2, 660, {, 0, 63, 100
2, 720, {, 0, 65, 0
2, 720, {, 0, 51, 100
2, 780, {, 0, 58, 0
2, 780, {, 0, 53, 100
2, 840, {, 0, 63, 0
2, 900, {, 0, 51, 0
2, 900, {, 0, 58, 100
2, 960, {, 0, 44, 0
2, 960, {, 0, 53, 0
2, 960, {, 0, 44, 100
2, 1020, {, 0, 51, 100
2, 1080, {, 0, 58, 0
2, 1080, {, 0, 58, 100
2, 1140, {, 0, 65, 100
2, 1200, {, 0, 51, 0
2, 1260, {, 0, 58, 0
2, 1260, {, 0, 63, 100
2, 1320, {, 0, 65, 0
2, 1380, {, 0, 53, 100
2, 1440, {, 0, 63, 0
2, 1440, {, 0, 44, 0
2, 1440, {, 0, 44, 100
2, 1500, {, 0, 65, 100
2, 1560, {, 0, 53, 0
2, 1560, {, 0, 58, 100
2, 1620, {, 0, 63, 100
2, 1680, {, 0, 65, 0
2, 1680, {, 0, 51, 100
2, 1740, {, 0, 58, 0
2, 1740, {, 0, 53, 100
2, 1800, {, 0, 63, 0
2, 1860, {, 0, 51, 0
2, 1860, {, 0, 58, 100
2, 1920, {, 0, 44, 0
2, 1920, {, 0, 53, 0
2, 1920, {, 0, 44, 100
2, 1980, {, 0, 51, 100
2, 2040, {, 0, 58, 0
2, 2040, {, 0, 58, 100
2, 2100, {, 0, 65, 100
2, 2160, {, 0, 51, 0
2, 2220, {, 0, 58, 0
2, 2220, {, 0, 63, 100
2, 2280, {, 0, 65, 0
2, 2340, {, 0, 53, 100
2, 2400, {, 0, 63, 0
2, 2400, {, 0, 44, 0
2, 2400, {, 0, 44, 100
2, 2460, {, 0, 65, 100
2, 2520, {, 0, 53, 0
2, 2520, {, 0, 58, 100
2, 2580, {, 0, 63, 100
2, 2640, {, 0, 65, 0
2, 2640, {, 0, 51, 100
2, 2700, {, 0, 58, 0
2, 2700, {, 0, 53, 100
2, 2760, {, 0, 63, 0
2, 2820, {, 0, 51, 0
2, 2820, {, 0, 58, 100
2, 2880, {, 0, 44, 0
2, 2880, {, 0, 53, 0
2, 2880, {, 0, 44, 100
2, 2940, {, 0, 51, 100
2, 3000, {, 0, 58, 0
2, 3000, {, 0, 58, 100
2, 3060, {, 0, 65, 100
2, 3120, {, 0, 51, 0
2, 3180, {, 0, 58, 0
2, 3180, {, 0, 63, 100
2, 3240, {, 0, 65, 0
2, 3300, {, 0, 53, 100
2, 3360, {, 0, 63, 0
2, 3360, {, 0, 44, 0
2, 3360, {, 0, 44, 100
2, 3420, {, 0, 65, 100
2, 3480, {, 0, 53, 0
2, 3480, {, 0, 58, 100
2, 3540, {, 0, 63, 100
2, 3600, {, 0, 65, 0
2, 3600, {, 0, 51, 100
2, 3660, {, 0, 58, 0
2, 3660, {, 0, 53, 100
2, 3720, {, 0, 63, 0
2, 3780, {, 0, 51, 0
2, 3780, {, 0, 58, 100
2, 3840, {, 0, 44, 0
2, 3840, {, 0, 53, 0
2, 3840, {, 0, 44, 100
2, 3900, {, 0, 51, 100
2, 3960, {, 0, 58, 0
2, 3960, {, 0, 58, 100
2, 4020, {, 0, 65, 100
2, 4080, {, 0, 51, 0
2, 4140, {, 0, 58, 0
2, 4140, {, 0, 63, 100
2, 4200, {, 0, 65, 0
2, 4260, {, 0, 53, 100
2, 4320, {, 0, 63, 0
2, 4320, {, 0, 44, 0
2, 4320, {, 0, 44, 100
2, 4380, {, 0, 65, 100
2, 4440, {, 0, 53, 0
2, 4440, {, 0, 58, 100
2, 4500, {, 0, 63, 100
2, 4560, {, 0, 65, 0
2, 4560, {, 0, 51, 100
2, 4620, {, 0, 58, 0
2, 4620, {, 0, 53, 100
2, 4680, {, 0, 63, 0
2, 4740, {, 0, 51, 0
2, 4740, {, 0, 58, 100
2, 4800, {, 0, 44, 0
2, 4800, {, 0, 53, 0
2, 4800, {, 0, 44, 100
2, 4860, {, 0, 51, 100
2, 4920, {, 0, 58, 0
2, 4920, {, 0, 58, 100
2, 4980, {, 0, 65, 100
2, 5040, {, 0, 51, 0
2, 5100, {, 0, 58, 0
2, 5100, {, 0, 63, 100
2, 5160, {, 0, 65, 0
2, 5220, {, 0, 53, 100
2, 5280, {, 0, 63, 0
2, 5280, {, 0, 44, 0
2, 5280, {, 0, 44, 100
2, 5340, {, 0, 65, 100
2, 5400, {, 0, 53, 0
2, 5400, {, 0, 58, 100
2, 5460, {, 0, 63, 100
2, 5520, {, 0, 65, 0
2, 5520, {, 0, 51, 100
2, 5580, {, 0, 58, 0
2, 5580, {, 0, 53, 100
2, 5640, {, 0, 63, 0
2, 5700, {, 0, 51, 0
2, 5700, {, 0, 58, 100
2, 5760, {, 0, 44, 0
2, 5760, {, 0, 53, 0
2, 5760, {, 0, 44, 100
2, 5820, {, 0, 51, 100
2, 5880, {, 0, 58, 0
2, 5880, {, 0, 58, 100
2, 5940, {, 0, 65, 100
2, 6000, {, 0, 51, 0
2, 6060, {, 0, 58, 0
2, 6060, {, 0, 63, 100
2, 6120, {, 0, 65, 0
2, 6180, {, 0, 53, 100
2, 6240, {, 0, 63, 0
2, 6240, {, 0, 44, 0
2, 6240, {, 0, 44, 100
2, 6300, {, 0, 65, 100
2, 6360, {, 0, 53, 0
2, 6360, {, 0, 58, 100
2, 6420, {, 0, 63, 100
2, 6480, {, 0, 65, 0
2, 6480, {, 0, 51, 100
2, 6540, {, 0, 58, 0
2, 6540, {, 0, 53, 100
2, 6600, {, 0, 63, 0
2, 6660, {, 0, 51, 0
2, 6660, {, 0, 58, 100
2, 6720, {, 0, 44, 0
2, 6720, {, 0, 53, 0
2, 6720, {, 0, 44, 100
2, 6780, {, 0, 51, 100
2, 6840, {, 0, 58, 0
2, 6840, {, 0, 58, 100
2, 6900, {, 0, 65, 100
2, 6960, {, 0, 51, 0
2, 7020, {, 0, 58, 0
2, 7020, {, 0, 63, 100
2, 7080, {, 0, 65, 0
2, 7140, {, 0, 53, 100
2, 7200, {, 0, 63, 0
2, 7200, {, 0, 44, 0
2, 7200, {, 0, 44, 100
2, 7260, {, 0, 65, 100
2, 7320, {, 0, 53, 0
2, 7320, {, 0, 58, 100
2, 7380, {, 0, 63, 100
2, 7440, {, 0, 65, 0
2, 7440, {, 0, 51, 100
2, 7500, {, 0, 58, 0
2, 7500, {, 0, 53, 100
2, 7560, {, 0, 63, 0
2, 7620, {, 0, 51, 0
2, 7620, {, 0, 58, 100
2, 7680, {, 0, 44, 0
2, 7680, {, 0, 53, 0
2, 7680, {, 0, 44, 100
2, 7740, {, 0, 51, 100
2, 7800, {, 0, 58, 0
2, 7800, {, 0, 58, 100
2, 7860, {, 0, 65, 100
2, 7920, {, 0, 51, 0
2, 7980, {, 0, 58, 0
2, 7980, {, 0, 63, 100
2, 8040, {, 0, 65, 0
2, 8100, {, 0, 53, 100
2, 8160, {, 0, 63, 0
2, 8160, {, 0, 44, 0
2, 8160, {, 0, 44, 100
2, 8220, {, 0, 65, 100
2, 8280, {, 0, 53, 0
2, 8280, {, 0, 58, 100
2, 8340, {, 0, 63, 100
2, 8400, {, 0, 65, 0
2, 8400, {, 0, 51, 100
2, 8460, {, 0, 58, 0
2, 8460, {, 0, 53, 100
2, 8520, {, 0, 63, 0
2, 8580, {, 0, 51, 0
2, 8580, {, 0, 58, 100
2, 8640, {, 0, 44, 0
2, 8640, {, 0, 53, 0
2, 8640, {, 0, 44, 100
2, 8700, {, 0, 51, 100
2, 8760, {, 0, 58, 0
2, 8760, {, 0, 58, 100
2, 8820, {, 0, 65, 100
2, 8880, {, 0, 51, 0
2, 8940, {, 0, 58, 0
2, 8940, {, 0, 63, 100
2, 9000, {, 0, 65, 0
2, 9060, {, 0, 53, 100
2, 9120, {, 0, 63, 0
2, 9120, {, 0, 44, 0
2, 9120, {, 0, 44, 100
2, 9180, {, 0, 65, 100
2, 9240, {, 0, 53, 0
2, 9240, {, 0, 58, 100
2, 9300, {, 0, 63, 100
2, 9360, {, 0, 65, 0
2, 9360, {, 0, 51, 100
2, 9420, {, 0, 58, 0
2, 9420, {, 0, 53, 100
2, 9480, {, 0, 63, 0
2, 9540, {, 0, 51, 0
2, 9540, {, 0, 58, 100
2, 9600, {, 0, 44, 0
2, 9600, {, 0, 53, 0
2, 9600, {, 0, 44, 100
2, 9660, {, 0, 51, 100
2, 9720, {, 0, 58, 0
2, 9720, {, 0, 58, 100
2, 9780, {, 0, 65, 100
2, 9840, {, 0, 51, 0
2, 9900, {, 0, 58, 0
2, 9900, {, 0, 63, 100
2, 9960, {, 0, 65, 0
2, 10020, {, 0, 53, 100
2, 10080, {, 0, 63, 0
2, 10080, {, 0, 44, 0
2, 10080, {, 0, 44, 100
2, 10140, {, 0, 65, 100
2, 10200, {, 0, 53, 0
2, 10200, {, 0, 58, 100
2, 10260, {, 0, 63, 100
2, 10320, {, 0, 65, 0
2, 10320, {, 0, 51, 100
2, 10380, {, 0, 58, 0
2, 10380, {, 0, 53, 100
2, 10440, {, 0, 63, 0
2, 10500, {, 0, 51, 0
2, 10500, {, 0, 58, 100
2, 10560, {, 0, 44, 0
2, 10560, {, 0, 53, 0
2, 10560, {, 0, 44, 100
2, 10620, {, 0, 51, 100
2, 10680, {, 0, 58, 0
2, 10680, {, 0, 58, 100
2, 10740, {, 0, 65, 100
2, 10800, {, 0, 51, 0
2, 10860, {, 0, 58, 0
2, 10860, {, 0, 63, 100
2, 10920, {, 0, 65, 0
2, 10980, {, 0, 53, 100
2, 11040, {, 0, 63, 0
2, 11040, {, 0, 44, 0
2, 11040, {, 0, 44, 100
2, 11100, {, 0, 65, 100
2, 11160, {, 0, 53, 0
2, 11160, {, 0, 58, 100
2, 11220, {, 0, 63, 100
2, 11280, {, 0, 65, 0
2, 11280, {, 0, 51, 100
2, 11340, {, 0, 58, 0
2, 11340, {, 0, 53, 100
2, 11400, {, 0, 63, 0
2, 11460, {, 0, 51, 0
2, 11460, {, 0, 58, 100
2, 11520, {, 0, 44, 0
2, 11520, {, 0, 53, 0
2, 11520, {, 0, 44, 100
2, 11580, {, 0, 51, 100
2, 11640, {, 0, 58, 0
2, 11640, {, 0, 58, 100
2, 11700, {, 0, 65, 100
2, 11760, {, 0, 51, 0
2, 11820, {, 0, 58, 0
2, 11820, {, 0, 63, 100
2, 11880, {, 0, 65, 0
2, 11940, {, 0, 53, 100
2, 12000, {, 0, 63, 0
2, 12000, {, 0, 44, 0
2, 12000, {, 0, 44, 100
2, 12060, {, 0, 65, 100
2, 12120, {, 0, 53, 0
2, 12120, {, 0, 58, 100
2, 12180, {, 0, 63, 100
2, 12240, {, 0, 65, 0
2, 12240, {, 0, 51, 100
2, 12300, {, 0, 58, 0
2, 12300, {, 0, 53, 100
2, 12360, {, 0, 63, 0
2, 12420, {, 0, 51, 0
2, 12420, {, 0, 58, 100
2, 12480, {, 0, 44, 0
2, 12480, {, 0, 53, 0
2, 12480, {, 0, 44, 100
2, 12540, {, 0, 51, 100
2, 12600, {, 0, 58, 0
2, 12600, {, 0, 58, 100
2, 12660, {, 0, 65, 100
2, 12720, {, 0, 51, 0
2, 12780, {, 0, 58, 0
2, 12780, {, 0, 63, 100
2, 12840, {, 0, 65, 0
2, 12900, {, 0, 53, 100
2, 12960, {, 0, 63, 0
2, 12960, {, 0, 44, 0
2, 12960, {, 0, 44, 100
2, 13020, {, 0, 65, 100
2, 13080, {, 0, 53, 0
2, 13080, {, 0, 58, 100
2, 13140, {, 0, 63, 100
2, 13200, {, 0, 65, 0
2, 13200, {, 0, 51, 100
2, 13260, {, 0, 58, 0
2, 13260, {, 0, 53, 100
2, 13320, {, 0, 63, 0
2, 13380, {, 0, 51, 0
2, 13380, {, 0, 58, 100
2, 13440, {, 0, 44, 0
2, 13440, {, 0, 53, 0
2, 13440, {, 0, 44, 100
2, 13500, {, 0, 51, 100
2, 13560, {, 0, 58, 0
2, 13560, {, 0, 58, 100
2, 13620, {, 0, 65, 100
2, 13680, {, 0, 51, 0
2, 13740, {, 0, 58, 0
2, 13740, {, 0, 63, 100
2, 13800, {, 0, 65, 0
2, 13860, {, 0, 53, 100
2, 13920, {, 0, 63, 0
2, 13920, {, 0, 44, 0
2, 13920, {, 0, 44, 100
2, 13980, {, 0, 65, 100
2, 14040, {, 0, 53, 0
2, 14040, {, 0, 58, 100
2, 14100, {, 0, 63, 100
2, 14160, {, 0, 65, 0
2, 14160, {, 0, 51, 100
2, 14220, {, 0, 58, 0
2, 14220, {, 0, 53, 100
2, 14280, {, 0, 63, 0
2, 14340, {, 0, 51, 0
2, 14340, {, 0, 58, 100
2, 14400, {, 0, 44, 0
2, 14400, {, 0, 53, 0
2, 14400, {, 0, 44, 100
2, 14460, {, 0, 51, 100
2, 14520, {, 0, 58, 0
2, 14520, {, 0, 58, 100
2, 14580, {, 0, 65, 100
2, 14640, {, 0, 51, 0
2, 14700, {, 0, 58, 0
2, 14700, {, 0, 63, 100
2, 14760, {, 0, 65, 0
2, 14820, {, 0, 53, 100
2, 14880, {, 0, 63, 0
2, 14880, {, 0, 44, 0
2, 14880, {, 0, 44, 100
2, 14940, {, 0, 65, 100
2, 15000, {, 0, 53, 0
2, 15000, {, 0, 58, 100
2, 15060, {, 0, 63, 100
2, 15120, {, 0, 65, 0
2, 15120, {, 0, 51, 100
2, 15180, {, 0, 58, 0
2, 15180, {, 0, 53, 100
2, 15240, {, 0, 63, 0
2, 15300, {, 0, 51, 0
2, 15300, {, 0, 58, 100
2, 15360, {, 0, 44, 0
2, 15360, {, 0, 53, 0
2, 15360, {, 0, 44, 100
2, 15420, {, 0, 51, 100
2, 15480, {, 0, 58, 0
2, 15480, {, 0, 58, 100
2, 15540, {, 0, 65, 100
2, 15600, {, 0, 51, 0
2, 15660, {, 0, 58, 0
2, 15660, {, 0, 63, 100
2, 15720, {, 0, 65, 0
2, 15780, {, 0, 53, 100
2, 15840, {, 0, 63, 0
2, 15840, {, 0, 44, 0
2, 15840, {, 0, 44, 100
2, 15900, {, 0, 65, 100
2, 15960, {, 0, 53, 0
2, 15960, {, 0, 58, 100
2, 16020, {, 0, 63, 100
2, 16080, {, 0, 65, 0
2, 16080, {, 0, 51, 100
2, 16140, {, 0, 58, 0
2, 16140, {, 0, 53, 100
2, 16200, {, 0, 63, 0
2, 16260, {, 0, 51, 0
2, 16260, {, 0, 58, 100
2, 16320, {, 0, 44, 0
2, 16320, {, 0, 53, 0
2, 16320, {, 0, 44, 100
2, 16380, {, 0, 51, 100
2, 16440, {, 0, 58, 0
2, 16440, {, 0, 58, 100
2, 16500, {, 0, 65, 100
2, 16560, {, 0, 51, 0
2, 16620, {, 0, 58, 0
2, 16620, {, 0, 63, 100
2, 16680, {, 0, 65, 0
2, 16740, {, 0, 53, 100
2, 16800, {, 0, 63, 0
2, 16800, {, 0, 44, 0
2, 16800, {, 0, 44, 100
2, 16860, {, 0, 65, 100
2, 16920, {, 0, 53, 0
2, 16920, {, 0, 58, 100
2, 16980, {, 0, 63, 100
2, 17040, {, 0, 65, 0
2, 17040, {, 0, 51, 100
2, 17100, {, 0, 58, 0
2, 17100, {, 0, 53, 100
2, 17160, {, 0, 63, 0
2, 17220, {, 0, 51, 0
2, 17220, {, 0, 58, 100
2, 17280, {, 0, 44, 0
2, 17280, {, 0, 53, 0
2, 17280, {, 0, 44, 100
2, 17340, {, 0, 51, 100
2, 17400, {, 0, 58, 0
2, 17400, {, 0, 58, 100
2, 17460, {, 0, 65, 100
2, 17520, {, 0, 51, 0
2, 17580, {, 0, 58, 0
2, 17580, {, 0, 63, 100
2, 17640, {, 0, 65, 0
2, 17700, {, 0, 53, 100
2, 17760, {, 0, 63, 0
2, 17760, {, 0, 44, 0
2, 17760, {, 0, 44, 100
2, 17820, {, 0, 65, 100
2, 17880, {, 0, 53, 0
2, 17880, {, 0, 58, 100
2, 17940, {, 0, 63, 100
2, 18000, {, 0, 65, 0
2, 18000, {, 0, 51, 100
2, 18060, {, 0, 58, 0
2, 18060, {, 0, 53, 100
2, 18120, {, 0, 63, 0
2, 18180, {, 0, 51, 0
2, 18180, {, 0, 58, 100
2, 18240, {, 0, 44, 0
2, 18240, {, 0, 53, 0
2, 18240, {, 0, 44, 100
2, 18300, {, 0, 51, 100
2, 18360, {, 0, 58, 0
2, 18360, {, 0, 58, 100
2, 18420, {, 0, 65, 100
2, 18480, {, 0, 51, 0
2, 18540, {, 0, 58, 0
2, 18540, {, 0, 63, 100
2, 18600, {, 0, 65, 0
2, 18660, {, 0, 53, 100
2, 18720, {, 0, 63, 0
2, 18720, {, 0, 44, 0
2, 18720, {, 0, 44, 100
2, 18780, {, 0, 65, 100
2, 18840, {, 0, 53, 0
2, 18840, {, 0, 58, 100
2, 18900, {, 0, 63, 100
2, 18960, {, 0, 65, 0
2, 18960, {, 0, 51, 100
2, 19020, {, 0, 58, 0
2, 19020, {, 0, 53, 100
2, 19080, {, 0, 63, 0
2, 19140, {, 0, 51, 0
2, 19140, {, 0, 58, 100
2, 19200, {, 0, 44, 0
2, 19200, {, 0, 53, 0
2, 19200, {, 0, 44, 100
2, 19260, {, 0, 51, 100
2, 19320, {, 0, 58, 0
2, 19320, {, 0, 58, 100
2, 19380, {, 0, 65, 100
2, 19440, {, 0, 51, 0
2, 19500, {, 0, 58, 0
2, 19500, {, 0, 63, 100
2, 19560, {, 0, 65, 0
2, 19620, {, 0, 53, 100
2, 19680, {, 0, 63, 0
2, 19680, {, 0, 44, 0
2, 19800, {, 0, 53, 0
2, 27360, {, 0, 44, 100
2, 27420, {, 0, 65, 100
2, 27480, {, 0, 58, 100
2, 27540, {, 0, 63, 100
2, 27600, {, 0, 65, 0
2, 27600, {, 0, 51, 100
2, 27660, {, 0, 58, 0
2, 27660, {, 0, 53, 100
2, 27720, {, 0, 63, 0
2, 27780, {, 0, 51, 0
2, 27780, {, 0, 58, 100
2, 27840, {, 0, 44, 0
2, 27840, {, 0, 53, 0
2, 27840, {, 0, 44, 100
2, 27900, {, 0, 51, 100
2, 27960, {, 0, 58, 0
2, 27960, {, 0, 58, 100
2, 28020, {, 0, 65, 100
2, 28080, {, 0, 51, 0
2, 28140, {, 0, 58, 0
2, 28140, {, 0, 63, 100
2, 28200, {, 0, 65, 0
2, 28260, {, 0, 53, 100
2, 28320, {, 0, 63, 0
2, 28320, {, 0, 44, 0
2, 28320, {, 0, 44, 100
2, 28380, {, 0, 65, 100
2, 28440, {, 0, 53, 0
2, 28440, {, 0, 58, 100
2, 28500, {, 0, 63, 100
2, 28560, {, 0, 65, 0
2, 28560, {, 0, 51, 100
2, 28620, {, 0, 58, 0
2, 28620, {, 0, 53, 100
2, 28680, {, 0, 63, 0
2, 28740, {, 0, 51, 0
2, 28740, {, 0, 58, 100
2, 28800, {, 0, 44, 0
2, 28800, {, 0, 53, 0
2, 28800, {, 0, 44, 100
2, 28860, {, 0, 51, 100
2, 28920, {, 0, 58, 0
2, 28920, {, 0, 58, 100
2, 28980, {, 0, 65, 100
2, 29040, {, 0, 51, 0
2, 29100, {, 0, 58, 0
2, 29100, {, 0, 63, 100
2, 29160, {, 0, 65, 0
2, 29220, {, 0, 53, 100
2, 29280, {, 0, 63, 0
2, 29280, {, 0, 44, 0
2, 29280, {, 0, 44, 100
2, 29340, {, 0, 65, 100
2, 29400, {, 0, 53, 0
2, 29400, {, 0, 58, 100
2, 29460, {, 0, 63, 100
2, 29520, {, 0, 65, 0
2, 29520, {, 0, 51, 100
2, 29580, {, 0, 58, 0
2, 29580, {, 0, 53, 100
2, 29640, {, 0, 63, 0
2, 29700, {, 0, 51, 0
2, 29700, {, 0, 58, 100
2, 29760, {, 0, 44, 0
2, 29760, {, 0, 53, 0
2, 29760, {, 0, 44, 100
2, 29820, {, 0, 51, 100
2, 29880, {, 0, 58, 0
2, 29880, {, 0, 58, 100
2, 29940, {, 0, 65, 100
2, 30000, {, 0, 51, 0
2, 30060, {, 0, 58, 0
2, 30060, {, 0, 63, 100
2, 30120, {, 0, 65, 0
2, 30180, {, 0, 53, 100
2, 30240, {, 0, 63, 0
2, 30240, {, 0, 44, 0
2, 30240, {, 0, 44, 100
2, 30300, {, 0, 65, 100
2, 30360, {, 0, 53, 0
2, 30360, {, 0, 58, 100
2, 30420, {, 0, 63, 100
2, 30480, {, 0, 65, 0
2, 30480, {, 0, 51, 100
2, 30540, {, 0, 58, 0
2, 30540, {, 0, 53, 100
2, 30600, {, 0, 63, 0
2, 30660, {, 0, 51, 0
2, 30660, {, 0, 58, 100
2, 30720, {, 0, 44, 0
2, 30720, {, 0, 53, 0
2, 30720, {, 0, 44, 100
2, 30780, {, 0, 51, 100
2, 30840, {, 0, 58, 0
2, 30840, {, 0, 58, 100
2, 30900, {, 0, 65, 100
2, 30960, {, 0, 51, 0
2, 31020, {, 0, 58, 0
2, 31020, {, 0, 63, 100
2, 31080, {, 0, 65, 0
2, 31140, {, 0, 53, 100
2, 31200, {, 0, 63, 0
2, 31200, {, 0, 44, 0
2, 31200, {, 0, 44, 100
2, 31260, {, 0, 65, 100
2, 31320, {, 0, 53, 0
2, 31320, {, 0, 58, 100
2, 31380, {, 0, 63, 100
2, 31440, {, 0, 65, 0
2, 31440, {, 0, 51, 100
2, 31500, {, 0, 58, 0
2, 31500, {, 0, 53, 100
2, 31560, {, 0, 63, 0
2, 31620, {, 0, 51, 0
2, 31620, {, 0, 58, 100
2, 31680, {, 0, 44, 0
2, 31680, {, 0, 53, 0
2, 31680, {, 0, 44, 100
2, 31740, {, 0, 51, 100
2, 31800, {, 0, 58, 0
2, 31800, {, 0, 58, 100
2, 31860, {, 0, 65, 100
2, 31920, {, 0, 51, 0
2, 31980, {, 0, 58, 0
2, 31980, {, 0, 63, 100
2, 32040, {, 0, 65, 0
2, 32100, {, 0, 53, 100
2, 32160, {, 0, 63, 0
2, 32160, {, 0, 44, 0
2, 32160, {, 0, 44, 100
2, 32220, {, 0, 65, 100
2, 32280, {, 0, 53, 0
2, 32280, {, 0, 58, 100
2, 32340, {, 0, 63, 100
2, 32400, {, 0, 65, 0
2, 32400, {, 0, 51, 100
2, 32460, {, 0, 58, 0
2, 32460, {, 0, 53, 100
2, 32520, {, 0, 63, 0
2, 32580, {, 0, 51, 0
2, 32580, {, 0, 58, 100
2, 32640, {, 0, 44, 0
2, 32640, {, 0, 53, 0
2, 32640, {, 0, 44, 100
2, 32700, {, 0, 51, 100
2, 32760, {, 0, 58, 0
2, 32760, {, 0, 58, 100
2, 32820, {, 0, 65, 100
2, 32880, {, 0, 51, 0
2, 32940, {, 0, 58, 0
2, 32940, {, 0, 63, 100
2, 33000, {, 0, 65, 0
2, 33060, {, 0, 53, 100
2, 33120, {, 0, 63, 0
2, 33120, {, 0, 44, 0
2, 33120, {, 0, 44, 100
2, 33180, {, 0, 65, 100
2, 33240, {, 0, 53, 0
2, 33240, {, 0, 58, 100
2, 33300, {, 0, 63, 100
2, 33360, {, 0, 65, 0
2, 33360, {, 0, 51, 100
2, 33420, {, 0, 58, 0
2, 33420, {, 0, 53, 100
2, 33480, {, 0, 63, 0
2, 33540, {, 0, 51, 0
2, 33540, {, 0, 58, 100
2, 33600, {, 0, 44, 0
2, 33600, {, 0, 53, 0
2, 33600, {, 0, 44, 100
2, 33660, {, 0, 51, 100
2, 33720, {, 0, 58, 0
2, 33720, {, 0, 58, 100
2, 33780, {, 0, 65, 100
2, 33840, {, 0, 51, 0
2, 33900, {, 0, 58, 0
2, 33900, {, 0, 63, 100
2, 33960, {, 0, 65, 0
2, 34020, {, 0, 53, 100
2, 34080, {, 0, 63, 0
2, 34080, {, 0, 44, 0
2, 34080, {, 0, 44, 100
2, 34140, {, 0, 65, 100
2, 34200, {, 0, 53, 0
2, 34200, {, 0, 58, 100
2, 34260, {, 0, 63, 100
2, 34320, {, 0, 65, 0
2, 34320, {, 0, 51, 100
2, 34380, {, 0, 58, 0
2, 34380, {, 0, 53, 100
2, 34440, {, 0, 63, 0
2, 34500, {, 0, 51, 0
2, 34500, {, 0, 58, 100
2, 34560, {, 0, 44, 0
2, 34560, {, 0, 53, 0
2, 34560, {, 0, 44, 100
2, 34620, {, 0, 51, 100
2, 34680, {, 0, 58, 0
2, 34680, {, 0, 58, 100
2, 34740, {, 0, 65, 100
2, 34800, {, 0, 51, 0
2, 34860, {, 0, 58, 0
2, 34860, {, 0, 63, 100
2, 34920, {, 0, 65, 0
2, 34980, {, 0, 53, 100
2, 35040, {, 0, 63, 0
2, 35040, {, 0, 44, 0
2, 35040, {, 0, 44, 100
2, 35100, {, 0, 65, 100
2, 35160, {, 0, 53, 0
2, 35160, {, 0, 58, 100
2, 35220, {, 0, 63, 100
2, 35280, {, 0, 65, 0
2, 35280, {, 0, 51, 100
2, 35340, {, 0, 58, 0
2, 35340, {, 0, 53, 100
2, 35400, {, 0, 63, 0
2, 35460, {, 0, 51, 0
2, 35460, {, 0, 58, 100
2, 35520, {, 0, 44, 0
2, 35520, {, 0, 53, 0
2, 35520, {, 0, 44, 100
2, 35580, {, 0, 51, 100
2, 35640, {, 0, 58, 0
2, 35640, {, 0, 58, 100
2, 35700, {, 0, 65, 100
2, 35760, {, 0, 51, 0
2, 35820, {, 0, 58, 0
2, 35820, {, 0, 63, 100
2, 35880, {, 0, 65, 0
2, 35940, {, 0, 53, 100
2, 36000, {, 0, 63, 0
2, 36000, {, 0, 44, 0
2, 36000, {, 0, 44, 100
2, 36060, {, 0, 65, 100
2, 36120, {, 0, 53, 0
2, 36120, {, 0, 58, 100
2, 36180, {, 0, 63, 100
2, 36240, {, 0, 65, 0
2, 36240, {, 0, 51, 100
2, 36300, {, 0, 58, 0
2, 36300, {, 0, 53, 100
2, 36360, {, 0, 63, 0
2, 36420, {, 0, 51, 0
2, 36420, {, 0, 58, 100
2, 36480, {, 0, 44, 0
2, 36480, {, 0, 53, 0
2, 36480, {, 0, 44, 100
2, 36540, {, 0, 51, 100
2, 36600, {, 0, 58, 0
2, 36600, {, 0, 58, 100
2, 36660, {, 0, 65, 100
2, 36720, {, 0, 51, 0
2, 36780, {, 0, 58, 0
2, 36780, {, 0, 63, 100
2, 36840, {, 0, 65, 0
2, 36900, {, 0, 53, 100
2, 36960, {, 0, 63, 0
2, 36960, {, 0, 44, 0
2, 36960, {, 0, 44, 100
2, 37020, {, 0, 65, 100
2, 37080, {, 0, 53, 0
2, 37080, {, 0, 58, 100
2, 37140, {, 0, 63, 100
2, 37200, {, 0, 65, 0
2, 37200, {, 0, 51, 100
2, 37260, {, 0, 58, 0
2, 37260, {, 0, 53, 100
2, 37320, {, 0, 63, 0
2, 37380, {, 0, 51, 0
2, 37380, {, 0, 58, 100
2, 37440, {, 0, 44, 0
2, 37440, {, 0, 53, 0
2, 37440, {, 0, 44, 100
2, 37500, {, 0, 51, 100
2, 37560, {, 0, 58, 0
2, 37560, {, 0, 58, 100
2, 37620, {, 0, 65, 100
2, 37680, {, 0, 51, 0
2, 37740, {, 0, 58, 0
2, 37740, {, 0, 63, 100
2, 37800, {, 0, 65, 0
2, 37860, {, 0, 53, 100
2, 37920, {, 0, 63, 0
2, 37920, {, 0, 44, 0
2, 37920, {, 0, 44, 100
2, 37980, {, 0, 65, 100
2, 38040, {, 0, 53, 0
2, 38040, {, 0, 58, 100
2, 38100, {, 0, 63, 100
2, 38160, {, 0, 65, 0
2, 38160, {, 0, 51, 100
2, 38220, {, 0, 58, 0
2, 38220, {, 0, 53, 100
2, 38280, {, 0, 63, 0
2, 38340, {, 0, 51, 0
2, 38340, {, 0, 58, 100
2, 38400, {, 0, 44, 0
2, 38400, {, 0, 53, 0
2, 38400, {, 0, 44, 100
2, 38460, {, 0, 51, 100
2, 38520, {, 0, 58, 0
2, 38520, {, 0, 58, 100
2, 38580, {, 0, 65, 100
2, 38640, {, 0, 51, 0
2, 38700, {, 0, 58, 0
2, 38700, {, 0, 63, 100
2, 38760, {, 0, 65, 0
2, 38820, {, 0, 53, 100
2, 38880, {, 0, 63, 0
2, 38880, {, 0, 44, 0
2, 38880, {, 0, 44, 100
2, 38940, {, 0, 65, 100
2, 39000, {, 0, 53, 0
2, 39000, {, 0, 58, 100
2, 39060, {, 0, 63, 100
2, 39120, {, 0, 65, 0
2, 39120, {, 0, 51, 100
2, 39180, {, 0, 58, 0
2, 39180, {, 0, 53, 100
2, 39240, {, 0, 63, 0
2, 39300, {, 0, 51, 0
2, 39300, {, 0, 58, 100
2, 39360, {, 0, 44, 0
2, 39360, {, 0, 53, 0
2, 39360, {, 0, 44, 100
2, 39420, {, 0, 51, 100
2, 39480, {, 0, 58, 0
2, 39480, {, 0, 58, 100
2, 39540, {, 0, 65, 100
2, 39600, {, 0, 51, 0
2, 39660, {, 0, 58, 0
2, 39660, {, 0, 63, 100
2, 39720, {, 0, 65, 0
2, 39780, {, 0, 53, 100
2, 39840, {, 0, 63, 0
2, 39840, {, 0, 44, 0
2, 39840, {, 0, 44, 100
2, 39900, {, 0, 65, 100
2, 39960, {, 0, 53, 0
2, 39960, {, 0, 58, 100
2, 40020, {, 0, 63, 100
2, 40080, {, 0, 65, 0
2, 40080, {, 0, 51, 100
2, 40140, {, 0, 58, 0
2, 40140, {, 0, 53, 100
2, 40200, {, 0, 63, 0
2, 40260, {, 0, 51, 0
2, 40260, {, 0, 58, 100
2, 40320, {, 0, 44, 0
2, 40320, {, 0, 53, 0
2, 40320, {, 0, 44, 100
2, 40380, {, 0, 51, 100
2, 40440, {, 0, 58, 0
2, 40440, {, 0, 58, 100
2, 40500, {, 0, 65, 100
2, 40560, {, 0, 51, 0
2, 40620, {, 0, 58, 0
2, 40620, {, 0, 63, 100
2, 40680, {, 0, 65, 0
2, 40740, {, 0, 53, 100
2, 40800, {, 0, 63, 0
2, 40800, {, 0, 44, 0
2, 40800, {, 0, 44, 100
2, 40860, {, 0, 65, 100
2, 40920, {, 0, 53, 0
2, 40920, {, 0, 58, 100
2, 40980, {, 0, 63, 100
2, 41040, {, 0, 65, 0
2, 41040, {, 0, 51, 100
2, 41100, {, 0, 58, 0
2, 41100, {, 0, 53, 100
2, 41160, {, 0, 63, 0
2, 41220, {, 0, 51, 0
2, 41220, {, 0, 58, 100
2, 41280, {, 0, 44, 0
2, 41280, {, 0, 53, 0
2, 41280, {, 0, 44, 100
2, 41340, {, 0, 51, 100
2, 41400, {, 0, 58, 0
2, 41400, {, 0, 58, 100
2, 41460, {, 0, 65, 100
2, 41520, {, 0, 51, 0
2, 41580, {, 0, 58, 0
2, 41580, {, 0, 63, 100
2, 41640, {, 0, 65, 0
2, 41700, {, 0, 53, 100
2, 41760, {, 0, 63, 0
2, 41760, {, 0, 44, 0
2, 41760, {, 0, 44, 100
2, 41820, {, 0, 65, 100
2, 41880, {, 0, 53, 0
2, 41880, {, 0, 58, 100
2, 41940, {, 0, 63, 100
2, 42000, {, 0, 65, 0
2, 42000, {, 0, 51, 100
2, 42060, {, 0, 58, 0
2, 42060, {, 0, 53, 100
2, 42120, {, 0, 63, 0
2, 42180, {, 0, 51, 0
2, 42180, {, 0, 58, 100
2, 42240, {, 0, 44, 0
2, 42240, {, 0, 53, 0
2, 42240, {, 0, 44, 100
2, 42300, {, 0, 51, 100
2, 42360, {, 0, 58, 0
2, 42360, {, 0, 58, 100
2, 42420, {, 0, 65, 100
2, 42480, {, 0, 51, 0
2, 42540, {, 0, 58, 0
2, 42540, {, 0, 63, 100
2, 42600, {, 0, 65, 0
2, 42660, {, 0, 53, 100
2, 42720, {, 0, 63, 0
2, 42720, {, 0, 44, 0
2, 42840, {, 0, 53, 0
2, 50400, {, 0, 47, 100
2, 50460, {, 0, 68, 100
2, 50520, {, 0, 59, 100
2, 50580, {, 0, 66, 100
2, 50640, {, 0, 68, 0
2, 50640, {, 0, 54, 100
2, 50700, {, 0, 59, 0
2, 50700, {, 0, 56, 100
2, 50760, {, 0, 66, 0
2, 50820, {, 0, 54, 0
2, 50820, {, 0, 61, 100
2, 50880, {, 0, 47, 0
2, 50880, {, 0, 56, 0
2, 50880, {, 0, 47, 100
2, 50940, {, 0, 54, 100
2, 51000, {, 0, 61, 0
2, 51000, {, 0, 61, 100
2, 51060, {, 0, 68, 100
2, 51120, {, 0, 54, 0
2, 51180, {, 0, 61, 0
2, 51180, {, 0, 66, 100
2, 51240, {, 0, 68, 0
2, 51300, {, 0, 56, 100
2, 51360, {, 0, 66, 0
2, 51360, {, 0, 47, 0
2, 51360, {, 0, 47, 100
2, 51420, {, 0, 68, 100
2, 51480, {, 0, 56, 0
2, 51480, {, 0, 59, 100
2, 51540, {, 0, 66, 100
2, 51600, {, 0, 68, 0
2, 51600, {, 0, 54, 100
2, 51660, {, 0, 59, 0
2, 51660, {, 0, 56, 100
2, 51720, {, 0, 66, 0
2, 51780, {, 0, 54, 0
2, 51780, {, 0, 61, 100
2, 51840, {, 0, 47, 0
2, 51840, {, 0, 56, 0
2, 51840, {, 0, 47, 100
2, 51900, {, 0, 54, 100
2, 51960, {, 0, 61, 0
2, 51960, {, 0, 61, 100
2, 52020, {, 0, 68, 100
2, 52080, {, 0, 54, 0
2, 52140, {, 0, 61, 0
2, 52140, {, 0, 66, 100
2, 52200, {, 0, 68, 0
2, 52260, {, 0, 56, 100
2, 52320, {, 0, 66, 0
2, 52320, {, 0, 47, 0
2, 52320, {, 0, 47, 100
2, 52380, {, 0, 68, 100
2, 52440, {, 0, 56, 0
2, 52440, {, 0, 59, 100
2, 52500, {, 0, 66, 100
2, 52560, {, 0, 68, 0
2, 52560, {, 0, 54, 100
2, 52620, {, 0, 59, 0
2, 52620, {, 0, 56, 100
2, 52680, {, 0, 66, 0
2, 52740, {, 0, 54, 0
2, 52740, {, 0, 61, 100
2, 52800, {, 0, 47, 0
2, 52800, {, 0, 56, 0
2, 52800, {, 0, 47, 100
2, 52860, {, 0, 54, 100
2, 52920, {, 0, 61, 0
2, 52920, {, 0, 61, 100
2, 52980, {, 0, 68, 100
2, 53040, {, 0, 54, 0
2, 53100, {, 0, 61, 0
2, 53100, {, 0, 66, 100
2, 53160, {, 0, 68, 0
2, 53220, {, 0, 56, 100
2, 53280, {, 0, 66, 0
2, 53280, {, 0, 47, 0
2, 53280, {, 0, 47, 100
2, 53340, {, 0, 68, 100
2, 53400, {, 0, 56, 0
2, 53400, {, 0, 59, 100
2, 53460, {, 0, 66, 100
2, 53520, {, 0, 68, 0
2, 53520, {, 0, 54, 100
2, 53580, {, 0, 59, 0
2, 53580, {, 0, 56, 100
2, 53640, {, 0, 66, 0
2, 53700, {, 0, 54, 0
2, 53700, {, 0, 61, 100
2, 53760, {, 0, 47, 0
2, 53760, {, 0, 56, 0
2, 53760, {, 0, 47, 100
2, 53820, {, 0, 54, 100
2, 53880, {, 0, 61, 0
2, 53880, {, 0, 61, 100
2, 53940, {, 0, 68, 100
2, 54000, {, 0, 54, 0
2, 54060, {, 0, 61, 0
2, 54060, {, 0, 66, 100
2, 54120, {, 0, 68, 0
2, 54180, {, 0, 56, 100
2, 54240, {, 0, 66, 0
2, 54240, {, 0, 47, 0
2, 54240, {, 0, 47, 100
2, 54300, {, 0, 68, 100
2, 54360, {, 0, 56, 0
2, 54360, {, 0, 59, 100
2, 54420, {, 0, 66, 100
2, 54480, {, 0, 68, 0
2, 54480, {, 0, 54, 100
2, 54540, {, 0, 59, 0
2, 54540, {, 0, 56, 100
2, 54600, {, 0, 66, 0
2, 54660, {, 0, 54, 0
2, 54660, {, 0, 61, 100
2, 54720, {, 0, 47, 0
2, 54720, {, 0, 56, 0
2, 54720, {, 0, 47, 100
2, 54780, {, 0, 54, 100
2, 54840, {, 0, 61, 0
2, 54840, {, 0, 61, 100
2, 54900, {, 0, 68, 100
2, 54960, {, 0, 54, 0
2, 55020, {, 0, 61, 0
2, 55020, {, 0, 66, 100
2, 55080, {, 0, 68, 0
2, 55140, {, 0, 56, 100
2, 55200, {, 0, 66, 0
2, 55200, {, 0, 47, 0
2, 55200, {, 0, 47, 100
2, 55260, {, 0, 68, 100
2, 55320, {, 0, 56, 0
2, 55320, {, 0, 59, 100
2, 55380, {, 0, 66, 100
2, 55440, {, 0, 68, 0
2, 55440, {, 0, 54, 100
2, 55500, {, 0, 59, 0
2, 55500, {, 0, 56, 100
2, 55560, {, 0, 66, 0
2, 55620, {, 0, 54, 0
2, 55620, {, 0, 61, 100
2, 55680, {, 0, 47, 0
2, 55680, {, 0, 56, 0
2, 55680, {, 0, 47, 100
2, 55740, {, 0, 54, 100
2, 55800, {, 0, 61, 0
2, 55800, {, 0, 61, 100
2, 55860, {, 0, 68, 100
2, 55920, {, 0, 54, 0
2, 55980, {, 0, 61, 0
2, 55980, {, 0, 66, 100
2, 56040, {, 0, 68, 0
2, 56100, {, 0, 56, 100
2, 56160, {, 0, 66, 0
2, 56160, {, 0, 47, 0
2, 56160, {, 0, 47, 100
2, 56220, {, 0, 68, 100
2, 56280, {, 0, 56, 0
2, 56280, {, 0, 59, 100
2, 56340, {, 0, 66, 100
2, 56400, {, 0, 68, 0
2, 56400, {, 0, 54, 100
2, 56460, {, 0, 59, 0
2, 56460, {, 0, 56, 100
2, 56520, {, 0, 66, 0
2, 56580, {, 0, 54, 0
2, 56580, {, 0, 61, 100
2, 56640, {, 0, 47, 0
2, 56640, {, 0, 56, 0
2, 56640, {, 0, 47, 100
2, 56700, {, 0, 54, 100
2, 56760, {, 0, 61, 0
2, 56760, {, 0, 61, 100
2, 56820, {, 0, 68, 100
2, 56880, {, 0, 54, 0
2, 56940, {, 0, 61, 0
2, 56940, {, 0, 66, 100
2, 57000, {, 0, 68, 0
2, 57060, {, 0, 56, 100
2, 57120, {, 0, 66, 0
2, 57120, {, 0, 47, 0
2, 57120, {, 0, 47, 100
2, 57180, {, 0, 68, 100
2, 57240, {, 0, 56, 0
2, 57240, {, 0, 59, 100
2, 57300, {, 0, 66, 100
2, 57360, {, 0, 68, 0
2, 57360, {, 0, 54, 100
2, 57420, {, 0, 59, 0
2, 57420, {, 0, 56, 100
2, 57480, {, 0, 66, 0
2, 57540, {, 0, 54, 0
2, 57540, {, 0, 61, 100
2, 57600, {, 0, 47, 0
2, 57600, {, 0, 56, 0
2, 57600, {, 0, 47, 100
2, 57660, {, 0, 54, 100
2, 57720, {, 0, 61, 0
2, 57720, {, 0, 61, 100
2, 57780, {, 0, 68, 100
2, 57840, {, 0, 54, 0
2, 57900, {, 0, 61, 0
2, 57900, {, 0, 66, 100
2, 57960, {, 0, 68, 0
2, 58020, {, 0, 56, 100
2, 58080, {, 0, 66, 0
2, 58080, {, 0, 47, 0
2, 58080, {, 0, 44, 100
2, 58140, {, 0, 65, 100
2, 58200, {, 0, 56, 0
2, 58200, {, 0, 58, 100
2, 58260, {, 0, 63, 100
2, 58320, {, 0, 65, 0
2, 58320, {, 0, 51, 100
2, 58380, {, 0, 58, 0
2, 58380, {, 0, 53, 100
2, 58440, {, 0, 63, 0
2, 58500, {, 0, 51, 0
2, 58500, {, 0, 58, 100
2, 58560, {, 0, 44, 0
2, 58560, {, 0, 53, 0
2, 58560, &, 0, 11, 127
2, 58560, {, 0, 44, 100
2, 58590, &, 0, 11, 126
2, 58610, &, 0, 11, 125
2, 58620, {, 0, 51, 100
2, 58640, &, 0, 11, 124
2, 58660, &, 0, 11, 123
2, 58680, {, 0, 58, 0
2, 58680, {, 0, 58, 100
2, 58690, &, 0, 11, 122
2, 58710, &, 0, 11, 121
2, 58740, &, 0, 11, 120
2, 58740, {, 0, 65, 100
2, 58760, &, 0, 11, 119
2, 58790, &, 0, 11, 118
2, 58800, {, 0, 51, 0
2, 58810, &, 0, 11, 117
2, 58840, &, 0, 11, 116
2, 58860, {, 0, 58, 0
2, 58860, &, 0, 11, 115
2, 58860, {, 0, 63, 100
2, 58880, &, 0, 11, 114
2, 58910, &, 0, 11, 113
2, 58920, {, 0, 65, 0
2, 58930, &, 0, 11, 112
2, 58960, &, 0, 11, 111
2, 58980, &, 0, 11, 110
2, 58980, {, 0, 53, 100
2, 59010, &, 0, 11, 109
2, 59030, &, 0, 11, 108
2, 59040, {, 0, 63, 0
2, 59040, {, 0, 44, 0
2, 59040, {, 0, 44, 100
2, 59060, &, 0, 11, 107
2, 59080, &, 0, 11, 106
2, 59100, {, 0, 65, 100
2, 59110, &, 0, 11, 105
2, 59130, &, 0, 11, 104
2, 59150, &, 0, 11, 103
2, 59160, {, 0, 53, 0
2, 59160, {, 0, 58, 100
2, 59180, &, 0, 11, 102
2, 59200, &, 0, 11, 101
2, 59220, {, 0, 63, 100
2, 59230, &, 0, 11, 100
2, 59250, &, 0, 11, 99
2, 59280, {, 0, 65, 0
2, 59280, &, 0, 11, 98
2, 59280, {, 0, 51, 100
2, 59300, &, 0, 11, 97
2, 59330, &, 0, 11, 96
2, 59340, {, 0, 58, 0
2, 59340, {, 0, 53, 100
2, 59350, &, 0, 11, 95
2, 59380, &, 0, 11, 94
2, 59400, {, 0, 63, 0
2, 59400, &, 0, 11, 93
2, 59420, &, 0, 11, 92
2, 59450, &, 0, 11, 91
2, 59460, {, 0, 51, 0
2, 59460, {, 0, 58, 100
2, 59470, &, 0, 11, 90
2, 59500, &, 0, 11, 89
2, 59520, {, 0, 44, 0
2, 59520, {, 0, 53, 0
2, 59520, &, 0, 11, 88
2, 59520, {, 0, 44, 100
2, 59550, &, 0, 11, 87
2, 59570, &, 0, 11, 86
2, 59580, {, 0, 51, 100
2, 59600, &, 0, 11, 85
2, 59620, &, 0, 11, 84
2, 59640, {, 0, 58, 0
2, 59640, {, 0, 58, 100
2, 59650, &, 0, 11, 83
2, 59670, &, 0, 11, 82
2, 59700, &, 0, 11, 81
2, 59700, {, 0, 65, 100
2, 59720, &, 0, 11, 80
2, 59740, &, 0, 11, 79
2, 59760, {, 0, 51, 0
2, 59770, &, 0, 11, 78
2, 59790, &, 0, 11, 77
2, 59820, {, 0, 58, 0
2, 59820, &, 0, 11, 76
2, 59820, {, 0, 63, 100
2, 59840, &, 0, 11, 75
2, 59870, &, 0, 11, 74
2, 59880, {, 0, 65, 0
2, 59890, &, 0, 11, 73
2, 59920, &, 0, 11, 72
2, 59940, &, 0, 11, 71
2, 59940, {, 0, 53, 100
2, 59970, &, 0, 11, 70
2, 59990, &, 0, 11, 69
2, 60000, {, 0, 63, 0
2, 60000, {, 0, 44, 0
2, 60000, {, 0, 44, 100
2, 60010, &, 0, 11, 68
2, 60040, &, 0, 11, 67
2, 60060, &, 0, 11, 66
2, 60060, {, 0, 65, 100
2, 60090, &, 0, 11, 65
2, 60110, &, 0, 11, 64
2, 60120, {, 0, 53, 0
2, 60120, {, 0, 58, 100
2, 60140, &, 0, 11, 63
2, 60160, &, 0, 11, 62
2, 60180, {, 0, 63, 100
2, 60190, &, 0, 11, 61
2, 60210, &, 0, 11, 60
2, 60240, {, 0, 65, 0
2, 60240, &, 0, 11, 59
2, 60240, {, 0, 51, 100
2, 60260, &, 0, 11, 58
2, 60280, &, 0, 11, 57
2, 60300, {, 0, 58, 0
2, 60300, {, 0, 53, 100
2, 60310, &, 0, 11, 56
2, 60330, &, 0, 11, 55
2, 60360, {, 0, 63, 0
2, 60360, &, 0, 11, 54
2, 60380, &, 0, 11, 53
2, 60410, &, 0, 11, 52
2, 60420, {, 0, 51, 0
2, 60420, {, 0, 58, 100
2, 60430, &, 0, 11, 51
2, 60460, &, 0, 11, 50
2, 60480, {, 0, 44, 0
2, 60480, {, 0, 53, 0
2, 60480, &, 0, 11, 49
2, 60480, {, 0, 44, 100
2, 60510, &, 0, 11, 48
2, 60530, &, 0, 11, 47
2, 60540, {, 0, 51, 100
2, 60550, &, 0, 11, 46
2, 60580, &, 0, 11, 45
2, 60600, {, 0, 58, 0
2, 60600, &, 0, 11, 44
2, 60600, {, 0, 58, 100
2, 60630, &, 0, 11, 43
2, 60650, &, 0, 11, 42
2, 60660, {, 0, 65, 100
2, 60680, &, 0, 11, 41
2, 60700, &, 0, 11, 40
2, 60720, {, 0, 51, 0
2, 60730, &, 0, 11, 39
2, 60750, &, 0, 11, 38
2, 60780, {, 0, 58, 0
2, 60780, &, 0, 11, 37
2, 60780, {, 0, 63, 100
2, 60800, &, 0, 11, 36
2, 60830, &, 0, 11, 35
2, 60840, {, 0, 65, 0
2, 60850, &, 0, 11, 34
2, 60870, &, 0, 11, 33
2, 60900, &, 0, 11, 32
2, 60900, {, 0, 53, 100
2, 60920, &, 0, 11, 31
2, 60950, &, 0, 11, 30
2, 60960, {, 0, 63, 0
2, 60960, {, 0, 44, 0
2, 60960, {, 0, 44, 100
2, 60970, &, 0, 11, 29
2, 61000, &, 0, 11, 28
2, 61020, &, 0, 11, 27
2, 61020, {, 0, 65, 100
2, 61050, &, 0, 11, 26
2, 61070, &, 0, 11, 25
2, 61080, {, 0, 53, 0
2, 61080, {, 0, 58, 100
2, 61100, &, 0, 11, 24
2, 61120, &, 0, 11, 23
2, 61140, &, 0, 11, 22
2, 61140, {, 0, 63, 100
2, 61170, &, 0, 11, 21
2, 61190, &, 0, 11, 20
2, 61200, {, 0, 65, 0
2, 61200, {, 0, 51, 100
2, 61220, &, 0, 11, 19
2, 61240, &, 0, 11, 18
2, 61260, {, 0, 58, 0
2, 61260, {, 0, 53, 100
2, 61270, &, 0, 11, 17
2, 61290, &, 0, 11, 16
2, 61320, {, 0, 63, 0
2, 61320, &, 0, 11, 15
2, 61340, &, 0, 11, 14
2, 61370, &, 0, 11, 10
2, 63469, &, 0, 0, 0
2, 63527, &, 0, 100, 10
2, 69682, &, 0, 12, 20
2, 69693, &, 0, 11, 30
2, 71785, &, 0, 0, 0
2, 71838, &, 0, 0, 0
2, 77993, &, 0, 10, 0
2, 80085, &, 0, 100, 20
2, 86240, &, 0, 9, 30
2, 86251, &, 0, 8, 10
2, 88350, &, 0, 100, 10
2, 94505, &, 0, 7, 30
2, 94516, &, 0, 6, 20
2, 96622, &, 0, 0, 0
2, 102777, &, 0, 5, 0
2, 104883, &, 0, 100, 30
2, 111038, &, 0, 4, 20
2, 111049, &, 0, 3, 10
2, 113162, &, 0, 100, 20
2, 119317, &, 0, 2, 20
2, 119328, &, 0, 1, 20
2, 121427, &, 0, 0, 0
2, 127582, &, 0, 0, 60
2, 129688, &, 0, 0, 0
2, 129751, &, 0, 100, 60
2, 129816, &, 0, 0, 60
2, 129869, &, 0, 100, 60
2, 129932, &, 0, 0, 0
2, 129976, &, 0, 0, 120
2, 130029, &, 0, 0, 0
2, 146332, &, 0, 0, 77
2, 146332, &, 0, 0, 0
2, 146332, &, 0, 0, 0
2, 147062, &, 0, 116, 128
2, 147098, &, 0, 61, 0
2, 147098, ;, 0, 0
2, 147183, ;, 0, 2
2, 149236, ;, 0, 85
2, 149238, ;, 0, 0
2, 149238, ;, 0, 0
2, 149238, ;, 0, 0
2, 149238, ;, 0, 0
2, 149238, ;, 0, 0
2, 149238, ;, 0, 0
2, 149238, ;, 0, 0
2, 149238, ;, 0, 0
2, 149238, ;, 0, 0
2, 149238, ;, 0, 0
2, 149238, ;, 0, 0
2, 149238, ;, 0, 0
2, 149238, ;, 0, 0
2, 149238, ;, 0, 0
2, 149238, ;, 0, 0
2, 149238, ;, 0, 0
2, 149238, ;, 0, 0
2, 149238, ;, 0, 0
2, 149238, ;, 0, 0
2, 149238, ;, 0, 0
2, 149238, ;, 0, 0
2, 149238, ;, 0, 0
2, 149238, ;, 0, 0
2, 149238, ;, 0, 0
2, 149238, ;, 0, 0
2, 149238, ;, 0, 0
2, 149238, ;, 0, 0
2, 149238, ;, 0, 0
2, 149238, ;, 0, 0
2, 149238, ;, 0, 0
2, 149238, ;, 0, 0
2, 149238, ;, 0, 0
2, 149238, ;, 0, 0
2, 149238, ;, 0, 0
2, 149238, ;, 0, 0
2, 149238, ;, 0, 0
2, 149238, ;, 0, 0
2, 149238, ;, 0, 0
2, 149238, ;, 0, 0
2, 149238, ;, 0, 0
2, 149238, ;, 0, 0
2, 149238, ;, 0, 0
2, 149238, ;, 0, 0
2, 149238, ;, 0, 0
2, 149238, ;, 0, 0
2, 149238, ;, 0, 0
2, 149238, ;, 0, 0
2, 149238, ;, 0, 0
2, 149238, ;, 0, 0
2, 149238, ;, 0, 0
2, 149238, ;, 0, 0
2, 149238, ;, 0, 0
2, 149238, ;, 0, 0
2, 149238, ;, 0, 0
2, 149238, ;, 0, 0
2, 149238, ;, 0, 0
2, 149238, ;, 0, 0
2, 149238, ;, 0, 0
2, 149238, ;, 0, 0
2, 149238, ;, 0, 0
2, 149238, ;, 0, 0
2, 149238, ;, 0, 0
2, 149238, ;, 0, 0
2, 149238, ;, 0, 0
2, 149238, ;, 0, 0
2, 149238, ;, 0, 0
2, 149238, ;, 0, 0
2, 149238, ;, 0, 0
2, 149238, ;, 0, 0
2, 149238, ;, 0, 0
2, 149238, ;, 0, 0
2, 149238, ;, 0, 0
2, 149238, ;, 0, 0
2, 149238, ;, 0, 0
2, 149238, ;, 0, 0
2, 149238, ;, 0, 0
2, 149238, ;, 0, 0
2, 149238, ;, 0, 0
2, 149238, ;, 0, 0
2, 149238, ;, 0, 0
2, 149238, ;, 0, 0
2, 149238, ;, 0, 0
2, 149238, ;, 0, 0
2, 149238, ;, 0, 0
2, 149238, ;, 0, 0
2, 149238, ;, 0, 0
2, 149238, ;, 0, 0
2, 149238, ;, 0, 0
2, 149238, ;, 0, 0
2, 149238, ;, 0, 0
2, 149238, ;, 0, 0
2, 149238, ;, 0, 0
2, 149238, ;, 0, 0
2, 149238, ;, 0, 0
2, 149238, ;, 0, 0
2, 149238, ;, 0, 0
2, 149238, ;, 0, 0
2, 149238, ;, 0, 0
2, 149238, ;, 0, 0
2, 149238, ;, 0, 0
2, 149238, ;, 0, 0
2, 149238, ;, 0, 0
2, 149238, ;, 0, 0
2, 149238, ;, 0, 0
2, 149238, ;, 0, 0
2, 149238, ;, 0, 0
2, 149238, ;, 0, 0
2, 149238, ;, 0, 0
2, 149238, ;, 0, 0
2, 149238, ;, 0, 0
2, 149238, ;, 0, 0
2, 149238, ;, 0, 0
2, 149238, ;, 0, 0
2, 149238, ;, 0, 0
2, 149238, ;, 0, 0
2, 149238, ;, 0, 0
2, 149238, ;, 0, 0
2, 149238, ;, 0, 0
2, 149238, ;, 0, 0
2, 149238, ;, 0, 0
2, 149238, ;, 0, 0
2, 149238, ;, 0, 0
2, 149238, ;, 0, 0
2, 149238, ;, 0, 0
2, 149238, ;, 0, 0
2, 149238, ;, 0, 0
2, 149238, ;, 0, 0
2, 149238, ;, 0, 0
2, 149238, ;, 0, 0
2, 149238, ;, 0, 0
2, 149238, ;, 0, 0
2, 149238, ;, 0, 0
2, 149238, ;, 0, 0
2, 149238, ;, 0, 0
2, 149238, ;, 0, 0
2, 149238, ;, 0, 0
2, 149238, ;, 0, 0
2, 149238, ;, 0, 0
2, 149238, ;, 0, 0
2, 149238, ;, 0, 0
2, 149238, ;, 0, 0
2, 149238, ;, 0, 0
2, 149238, ;, 0, 0
2, 149238, ;, 0, 0
2, 149238, ;, 0, 0
2, 149238, ;, 0, 0
2, 149238, ;, 0, 0
2, 149238, ;, 0, 0
2, 149238, ;, 0, 0
2, 149238, ;, 0, 0
2, 149238, ;, 0, 0
2, 149238, ;, 0, 0
2, 149238, ;, 0, 0
2, 149238, ;, 0, 0
2, 149238, ;, 0, 0
2, 149238, ;, 0, 0
2, 149238, ;, 0, 0
2, 149238, ;, 0, 0
2, 149238, ;, 0, 0
2, 149238, ;, 0, 0
2, 149238, ;, 0, 0
2, 149238, ;, 0, 0
2, 149238, ;, 0, 0
2, 149238, ;, 0, 0
2, 149238, ;, 0, 0
2, 149238, ;, 0, 0
2, 149238, ;, 0, 0
2, 149238, ;, 0, 0
2, 149238, ;, 0, 0
2, 149238, ;, 0, 0
2, 149238, ;, 0, 0
2, 149238, ;, 0, 0
2, 149238, ;, 0, 0
2, 149238, ;, 0, 0
2, 149238, ;, 0, 0
2, 149238, ;, 0, 0
2, 149238, ;, 0, 0
2, 149238, ;, 0, 0
2, 149238, ;, 0, 0
2, 149238, ;, 0, 0
2, 149238, ;, 0, 0
2, 149238, ;, 0, 0
2, 149238, ;, 0, 0
2, 149238, ;, 0, 0
2, 149238, ;, 0, 0
2, 149238, ;, 0, 0
2, 149238, ;, 0, 0
2, 149238, ;, 0, 0
2, 149238, ;, 0, 0
2, 149238, ;, 0, 0
2, 149238, ;, 0, 0
2, 149238, ;, 0, 0
2, 149238, ;, 0, 0
2, 149238, ;, 0, 0
2, 149238, ;, 0, 0
2, 149238, ;, 0, 0
2, 149238, ;, 0, 0
2, 149238, ;, 0, 0
2, 149238, ;, 0, 0
2, 149238, ;, 0, 0
2, 149238, ;, 0, 0
2, 149238, ;, 0, 0
2, 149238, ;, 0, 0
2, 149238, ;, 0, 0
2, 149238, ;, 0, 0
2, 149238, ;, 0, 0
2, 149238, ;, 0, 0
2, 149238, ;, 0, 0
2, 149238, ;, 0, 0
2, 149238, ;, 0, 0
2, 149238, ;, 0, 0
2, 149238, ;, 0, 0
2, 149238, ;, 0, 0
2, 149238, ;, 0, 0
2, 149238, ;, 0, 0
2, 149238, ;, 0, 0
2, 149238, ;, 0, 0
2, 149238, ;, 0, 0
2, 149238, ;, 0, 0
2, 149238, ;, 0, 0
2, 149238, ;, 0, 0
2, 149238, ;, 0, 0
2, 149238, ;, 0, 0
2, 149238, ;, 0, 0
2, 149238, ;, 0, 0
2, 149238, ;, 0, 0
2, 149238, ;, 0, 0
2, 149238, ;, 0, 0
2, 149238, ;, 0, 0
2, 149238, ;, 0, 0
2, 149238, ;, 0, 0
2, 149238, ;, 0, 0
2, 149238, ;, 0, 0
2, 149238, ;, 0, 0
2, 149238, ;, 0, 0
2, 149238, ;, 0, 0
2, 149238, ;, 0, 0
2, 149238, ;, 0, 0
2, 149238, ;, 0, 0
2, 149238, ;, 0, 0
2, 149238, ;, 0, 0
2, 149238, ;, 0, 0
2, 149238, ;, 0, 0
2, 149238, ;, 0, 0
2, 149238, ;, 0, 0
2, 149238, ;, 0, 0
2, 149238, ;, 0, 0
2, 149238, ;, 0, 0
2, 149238, ;, 0, 0
2, 149238, ;, 0, 0
2, 149238, ;, 0, 0
2, 149238, ;, 0, 0
2, 149238, ;, 0, 0
2, 149238, ;, 0, 0
2, 149238, ;, 0, 0
2, 149238, ;, 0, 0
2, 149238, ;, 0, 0
2, 149238, ;, 0, 0
2, 149238, ;, 0, 0
2, 149238, ;, 0, 0
2, 149238, ;, 0, 0
2, 149238, ;, 0, 0
2, 149238, ;, 0, 0
2, 149238, ;, 0, 0
2, 149238, ;, 0, 0
2, 149238, ;, 0, 0
2, 149238, ;, 0, 0
2, 149238, ;, 0, 0
2, 149238, ;, 0, 0
2, 149238, ;, 0, 0
2, 149238, ;, 0, 0
2, 149238, ;, 0, 0
2, 149238, ;, 0, 0
2, 149238, ;, 0, 0
2, 149238, ;, 0, 0
2, 149238, ;, 0, 0
2, 149238, ;, 0, 0
2, 149238, ;, 0, 0
2, 149238, ;, 0, 0
2, 149238, ;, 0, 0
2, 149238, ;, 0, 0
2, 149238, ;, 0, 0
2, 149238, ;, 0, 0
2, 149238, ;, 0, 0
2, 149238, ;, 0, 0
2, 149238, ;, 0, 0
2, 149238, ;, 0, 0
2, 149238, ;, 0, 0
2, 149238, ;, 0, 0
2, 149238, ;, 0, 0
2, 149238, ;, 0, 0
2, 149238, ;, 0, 0
2, 149238, ;, 0, 0
2, 149238, ;, 0, 0
2, 149238, ;, 0, 0
2, 149238, ;, 0, 0
2, 149238, ;, 0, 0
2, 149238, ;, 0, 0
2, 149238, ;, 0, 0
2, 149238, ;, 0, 0
2, 149238, ;, 0, 0
2, 149238, ;, 0, 0
2, 149238, ;, 0, 0
2, 149238, ;, 0, 0
2, 149238, ;, 0, 0
2, 149238, ;, 0, 0
2, 149238, ;, 0, 0
2, 149238, ;, 0, 0
2, 149238, ;, 0, 0
2, 149238, ;, 0, 0
2, 149238, ;, 0, 0
2, 149238, ;, 0, 0
2, 149238, ;, 0, 0
2, 149238, ;, 0, 0
2, 149238, ;, 0, 0
2, 149238, ;, 0, 0
2, 149238, ;, 0, 0
2, 149238, ;, 0, 0
2, 149238, ;, 0, 0
2, 149238, ;, 0, 0
2, 149238, ;, 0, 0
2, 149238, ;, 0, 0
2, 149238, ;, 0, 0
2, 149238, ;, 0, 0
2, 149238, ;, 0, 0
2, 149238, ;, 0, 0
2, 149238, ;, 0, 0
2, 149238, ;, 0, 0
2, 149238, ;, 0, 0
2, 149238, ;, 0, 0
2, 149238, ;, 0, 0
2, 149238, ;, 0, 0
2, 149238, ;, 0, 0
2, 149238, ;, 0, 0
2, 149238, ;, 0, 0
2, 149238, ;, 0, 0
2, 149238, ;, 0, 0
2, 149238, ;, 0, 0
2, 149238, ;, 0, 0
2, 149238, ;, 0, 0
2, 149238, ;, 0, 0
2, 149238, ;, 0, 0
2, 149238, ;, 0, 0
2, 149238, ;, 0, 0
2, 149238, ;, 0, 0
2, 149238, ;, 0, 0
2, 149238, ;, 0, 0
2, 149238, ;, 0, 0
2, 149238, ;, 0, 0
2, 149238, ;, 0, 0
2, 149238, ;, 0, 0
2, 149238, ;, 0, 0
2, 149238, ;, 0, 0
2, 149238, ;, 0, 0
2, 149238, ;, 0, 0
2, 149238, ;, 0, 0
2, 149238, ;, 0, 0
2, 149238, ;, 0, 0
2, 149238, ;, 0, 0
2, 149238, ;, 0, 0
2, 149238, ;, 0, 0
2, 149238, ;, 0, 0
2, 149238, ;, 0, 0
2, 149238, ;, 0, 0
2, 149238, ;, 0, 0
2, 149238, ;, 0, 0
2, 149238, ;, 0, 0
2, 149238, ;, 0, 0
2, 149238, ;, 0, 0
2, 149238, ;, 0, 0
2, 149238, ;, 0, 0
2, 149238, ;, 0, 0
2, 149238, ;, 0, 0
2, 149238, ;, 0, 0
2, 149238, ;, 0, 0
2, 149238, ;, 0, 0
2, 149238, ;, 0, 0
2, 149238, ;, 0, 0
2, 149238, ;, 0, 0
2, 149238, ;, 0, 0
2, 149238, ;, 0, 0
2, 149238, ;, 0, 0
2, 149238, ;, 0, 0
2, 149238, ;, 0, 0
2, 149238, ;, 0, 0
2, 149238, ;, 0, 0
2, 149238, ;, 0, 0
2, 149238, ;, 0, 0
2, 149238, ;, 0, 0
2, 149238, ;, 0, 0
2, 149238, ;, 0, 0
2, 149238, ;, 0, 0
2, 149238, ;, 0, 0
2, 149238, ;, 0, 0
2, 149238, ;, 0, 0
2, 149238, ;, 0, 0
2, 149238, ;, 0, 0
2, 149238, ;, 0, 0
2, 149238, ;, 0, 0
2, 149238, ;, 0, 0
2, 149238, ;, 0, 0
2, 149238, ;, 0, 0
2, 149238, ;, 0, 0
2, 149238, ;, 0, 0
2, 149238, ;, 0, 0
2, 149238, ;, 0, 0
2, 149238, ;, 0, 0
2, 149238, ;, 0, 0
2, 149238, ;, 0, 0
2, 149238, ;, 0, 0
2, 149238, ;, 0, 0
2, 149238, ;, 0, 0
2, 149238, ;, 0, 0
2, 149238, ;, 0, 0
2, 149238, ;, 0, 0
2, 149238, ;, 0, 0
2, 149238, ;, 0, 0
2, 149238, ;, 0, 0
2, 149238, ;, 0, 0
2, 149238, ;, 0, 0
2, 149238, ;, 0, 0
2, 149238, ;, 0, 0
2, 149238, ;, 0, 0
2, 149238, ;, 0, 0
2, 149238, ;, 0, 0
2, 149238, ;, 0, 0
2, 149238, ;, 0, 0
2, 149238, ;, 0, 0
2, 149238, ;, 0, 0
2, 149238, ;, 0, 0
2, 149238, ;, 0, 0
2, 149238, ;, 0, 0
2, 149238, ;, 0, 0
2, 149238, ;, 0, 0
2, 149238, ;, 0, 0
2, 149238, ;, 0, 0
2, 149238, ;, 0, 0
2, 149238, ;, 0, 0
2, 149238, ;, 0, 0
2, 149238, ;, 0, 0
2, 149238, ;, 0, 0
2, 149238, ;, 0, 0
2, 149238, ;, 0, 0
2, 149238, ;, 0, 0
2, 149238, ;, 0, 0
2, 149238, ;, 0, 0
2, 149238, ;, 0, 0
2, 149238, ;, 0, 0
2, 149238, ;, 0, 0
2, 149238, ;, 0, 0
2, 149238, ;, 0, 0
2, 149238, ;, 0, 0
2, 149238, ;, 0, 0
2, 149238, ;, 0, 0
2, 149238, ;, 0, 0
2, 149238, ;, 0, 0
2, 149238, ;, 0, 0
2, 149238, ;, 0, 0
2, 149238, ;, 0, 0
2, 149238, ;, 0, 0
2, 149238, ;, 0, 0
2, 149238, ;, 0, 0
2, 149238, ;, 0, 0
2, 149238, ;, 0, 0
2, 149238, ;, 0, 0
2, 149238, ;, 0, 0
2, 149238, ;, 0, 0
2, 149238, ;, 0, 0
2, 149238, ;, 0, 0
2, 149238, ;, 0, 0
2, 149238, ;, 0, 0
2, 149238, ;, 0, 0
2, 149238, ;, 0, 0
2, 149238, ;, 0, 0
2, 149238, ;, 0, 0
2, 149238, ;, 0, 0
2, 149238, ;, 0, 0
2, 149238, ;, 0, 0
2, 149238, ;, 0, 0
2, 149238, ;, 0, 0
2, 149238, ;, 0, 0
2, 149238, ;, 0, 0
2, 149238, ;, 0, 0
2, 149238, ;, 0, 0
2, 149238, ;, 0, 0
2, 149238, ;, 0, 0
2, 149238, ;, 0, 0
2, 149238, ;, 0, 0
2, 149238, ;, 0, 0
2, 149238, ;, 0, 0
2, 149238, ;, 0, 0
2, 149238, ;, 0, 0
2, 149238, ;, 0, 0
2, 149238, ;, 0, 0
2, 149238, ;, 0, 0
2, 149238, ;, 0, 0
2, 149238, ;, 0, 0
2, 149238, ;, 0, 0
2, 149238, ;, 0, 0
2, 149238, ;, 0, 0
2, 149238, ;, 0, 0
2, 149238, ;, 0, 0
2, 149238, ;, 0, 0
2, 149238, ;, 0, 0
2, 149238, ;, 0, 0
2, 149238, ;, 0, 0
2, 149238, ;, 0, 0
2, 149238, ;, 0, 0
2, 149238, ;, 0, 0
2, 149238, ;, 0, 0
2, 149238, ;, 0, 0
2, 149238, ;, 0, 0
2, 149238, ;, 0, 0
2, 149238, ;, 0, 0
2, 149238, ;, 0, 0
2, 149238, ;, 0, 0
2, 149238, ;, 0, 0
2, 149238, ;, 0, 0
2, 149238, ;, 0, 0
2, 149238, ;, 0, 0
2, 149238, ;, 0, 0
2, 149238, ;, 0, 0
2, 149238, ;, 0, 0
2, 149238, ;, 0, 0
2, 149238, ;, 0, 0
2, 149238, ;, 0, 0
2, 149238, ;, 0, 0
2, 149238, ;, 0, 0
2, 149238, ;, 0, 0
2, 149238, ;, 0, 0
2, 149238, ;, 0, 0
2, 149238, ;, 0, 0
2, 149238, ;, 0, 0
2, 149238, ;, 0, 0
2, 149238, ;, 0, 0
2, 149238, ;, 0, 0
2, 149238, ;, 0, 0
2, 149238, ;, 0, 0
2, 149238, ;, 0, 0
2, 149238, ;, 0, 0
2, 149238, ;, 0, 0
2, 149238, ;, 0, 0
2, 149238, ;, 0, 0
2, 149238, ;, 0, 0
2, 149238, ;, 0, 0
2, 149238, ;, 0, 0
2, 149238, ;, 0, 0
2, 149238, ;, 0, 0
2, 149238, ;, 0, 0
2, 149238, ;, 0, 0
2, 149238, ;, 0, 0
2, 149238, ;, 0, 0
2, 149238, ;, 0, 0
2, 149238, ;, 0, 0
2, 149238, ;, 0, 0
2, 149238, ;, 0, 0
2, 149238, ;, 0, 0
2, 149238, ;, 0, 0
2, 149238, ;, 0, 0
2, 149238, ;, 0, 0
2, 149238, ;, 0, 0
2, 149238, ;, 0, 0
2, 149238, ;, 0, 0
2, 149238, ;, 0, 0
2, 149238, ;, 0, 0
2, 149238, ;, 0, 0
2, 149238, ;, 0, 0
2, 149238, ;, 0, 0
2, 149238, ;, 0, 0
2, 149238, ;, 0, 0
2, 149238, ;, 0, 0
2, 149238, ;, 0, 0
2, 149238, ;, 0, 0
2, 149238, ;, 0, 0
2, 149238, ;, 0, 0
2, 149238, ;, 0, 0
2, 149238, ;, 0, 0
2, 149238, ;, 0, 0
2, 149238, ;, 0, 0
2, 149238, ;, 0, 0
2, 149238, ;, 0, 0
2, 149238, ;, 0, 0
2, 149238, ;, 0, 0
2, 149238, ;, 0, 0
2, 149238, ;, 0, 0
2, 149238, ;, 0, 0
2, 149238, ;, 0, 0
2, 149238, ;, 0, 0
2, 149238, ;, 0, 0
2, 149238, ;, 0, 0
2, 149238, ;, 0, 0
2, 149238, ;, 0, 0
2, 149238, ;, 0, 0
2, 149238, ;, 0, 0
2, 149238, ;, 0, 0
2, 149238, ;, 0, 0
2, 149238, ;, 0, 0
2, 149238, ;, 0, 0
2, 149238, ;, 0, 0
2, 149238, ;, 0, 0
2, 149238, ;, 0, 0
2, 149238, ;, 0, 0
2, 149238, ;, 0, 0
2, 149238, ;, 0, 0
2, 149238, ;, 0, 0
2, 149238, ;, 0, 0
2, 149238, ;, 0, 0
2, 149238, ;, 0, 0
2, 149238, ;, 0, 0
2, 149238, ;, 0, 0
2, 149238, ;, 0, 0
2, 149238, ;, 0, 0
2, 149238, ;, 0, 0
2, 149238, ;, 0, 0
2, 149238, ;, 0, 0
2, 149238, ;, 0, 0
2, 149238, ;, 0, 0
2, 149238, ;, 0, 0
2, 149238, ;, 0, 0
2, 149238, ;, 0, 0
2, 149238, ;, 0, 0
2, 149238, ;, 0, 0
2, 149238, ;, 0, 0
2, 149238, ;, 0, 0
2, 149238, ;, 0, 0
2, 149238, ;, 0, 0
2, 149238, ;, 0, 0
2, 149238, ;, 0, 0
2, 149238, ;, 0, 0
2, 149238, ;, 0, 0
2, 149238, ;, 0, 0
2, 149238, ;, 0, 0
2, 149238, ;, 0, 0
2, 149238, ;, 0, 0
2, 149238, ;, 0, 0
2, 149238, ;, 0, 0
2, 149238, ;, 0, 0
2, 149238, ;, 0, 0
2, 149238, ;, 0, 0
2, 149238, ;, 0, 0
2, 149238, ;, 0, 0
2, 149238, ;, 0, 0
2, 149238, ;, 0, 0
2, 149238, ;, 0, 0
2, 149238, ;, 0, 0
2, 149238, ;, 0, 0
2, 149238, ;, 0, 0
2, 149238, ;, 0, 0
2, 149238, ;, 0, 0
2, 149238, ;, 0, 0
2, 149238, ;, 0, 0
2, 149238, ;, 0, 0
2, 149238, ;, 0, 0
2, 149238, ;, 0, 0
2, 149238, ;, 0, 0
2, 149238, ;, 0, 0
2, 149238, ;, 0, 0
2, 149238, ;, 0, 0
2, 149238, ;, 0, 0
2, 149238, ;, 0, 0
2, 149238, ;, 0, 0
2, 149238, ;, 0, 0
2, 149238, ;, 0, 0
2, 149238, ;, 0, 0
2, 149238, ;, 0, 0
2, 149238, ;, 0, 0
2, 149238, ;, 0, 0
2, 149238, ;, 0, 0
2, 149238, ;, 0, 0
2, 149238, ;, 0, 0
2, 149238, ;, 0, 0
2, 149238, ;, 0, 0
2, 149238, ;, 0, 0
2, 149238, ;, 0, 0
2, 149238, ;, 0, 0
2, 149238, ;, 0, 0
2, 149238, ;, 0, 0
2, 149238, ;, 0, 0
2, 149238, ;, 0, 0
2, 149238, ;, 0, 0
2, 149238, ;, 0, 0
2, 149238, ;, 0, 0
2, 149238, ;, 0, 0
2, 149238, ;, 0, 0
2, 149238, ;, 0, 0
2, 149238, ;, 0, 0
2, 149238, ;, 0, 0
2, 149238, ;, 0, 0
2, 149238, ;, 0, 0
2, 149238, ;, 0, 0
2, 149238, ;, 0, 0
2, 149238, ;, 0, 0
2, 149238, ;, 0, 0
2, 149238, ;, 0, 0
2, 149238, ;, 0, 0
2, 149238, ;, 0, 0
2, 149238, ;, 0, 0
2, 149238, ;, 0, 0
2, 149238, ;, 0, 0
2, 149238, ;, 0, 0
2, 149238, ;, 0, 0
2, 149238, ;, 0, 0
2, 149238, ;, 0, 0
2, 149238, ;, 0, 0
2, 149238, ;, 0, 0
2, 149238, ;, 0, 0
2, 149238, ;, 0, 0
2, 149238, ;, 0, 0
2, 149238, ;, 0, 0
2, 149238, ;, 0, 0
2, 149238, ;, 0, 0
2, 149238, ;, 0, 0
2, 149238, ;, 0, 0
2, 149238, ;, 0, 0
2, 149238, ;, 0, 0
2, 149238, ;, 0, 0
2, 149238, ;, 0, 0
2, 149238, ;, 0, 0
2, 149238, ;, 0, 0
2, 149238, ;, 0, 0
2, 149238, ;, 0, 0
2, 149238, ;, 0, 0
2, 149238, ;, 0, 0
2, 149238, ;, 0, 0
2, 149238, ;, 0, 0
2, 149238, ;, 0, 0
2, 149238, ;, 0, 0
2, 149238, ;, 0, 0
2, 149238, ;, 0, 0
2, 149238, ;, 0, 0
2, 149238, ;, 0, 0
2, 149238, ;, 0, 0
2, 149238, ;, 0, 0
2, 149238, ;, 0, 0
2, 149238, ;, 0, 0
2, 149238, ;, 0, 0
2, 149238, ;, 0, 0
2, 149238, ;, 0, 0
2, 149238, ;, 0, 0
2, 149238, ;, 0, 0
2, 149238, ;, 0, 0
2, 149238, ;, 0, 0
2, 149238, ;, 0, 0
2, 149238, ;, 0, 0
2, 149238, ;, 0, 0
2, 149238, ;, 0, 0
2, 149238, ;, 0, 0
2, 149238, ;, 0, 0
2, 149238, ;, 0, 0
2, 149238, ;, 0, 0
2, 149238, ;, 0, 0
2, 149238, ;, 0, 0
2, 149238, ;, 0, 0
2, 149238, ;, 0, 0
2, 149238, ;, 0, 0
2, 149238, ;, 0, 0
2, 149238, ;, 0, 0
2, 149238, ;, 0, 0
2, 149238, ;, 0, 0
2, 149238, ;, 0, 0
2, 149238, ;, 0, 0
2, 149238, ;, 0, 0
2, 149238, ;, 0, 0
2, 149238, ;, 0, 0
2, 149238, ;, 0, 0
2, 149238, ;, 0, 0
2, 149238, ;, 0, 0
2, 149238, ;, 0, 0
2, 149238, ;, 0, 0
2, 149238, ;, 0, 0
2, 149238, ;, 0, 0
2, 149238, ;, 0, 0
2, 149238, ;, 0, 0
2, 149238, ;, 0, 0
2, 149238, ;, 0, 0
2, 149238, ;, 0, 0
2, 149238, ;, 0, 0
2, 149238, ;, 0, 0
2, 149238, ;, 0, 0
2, 149238, ;, 0, 0
2, 149238, ;, 0, 0
2, 149238, ;, 0, 0
2, 149238, ;, 0, 0
2, 149238, ;, 0, 0
2, 149238, ;, 0, 0
2, 149238, ;, 0, 0
2, 149238, ;, 0, 0
2, 149238, ;, 0, 0
2, 149238, ;, 0, 0
2, 149238, ;, 0, 0
2, 149238, ;, 0, 0
2, 149238, ;, 0, 0
2, 149238, ;, 0, 0
2, 149238, ;, 0, 0
2, 149238, ;, 0, 0
2, 149238, ;, 0, 0
2, 149238, ;, 0, 0
2, 149238, ;, 0, 0
2, 149238, ;, 0, 0
2, 149238, ;, 0, 0
2, 149238, ;, 0, 0
2, 149238, ;, 0, 0
2, 149238, ;, 0, 0
2, 149238, ;, 0, 0
2, 149238, ;, 0, 0
2, 149238, ;, 0, 0
2, 149238, ;, 0, 0
2, 149238, ;, 0, 0
2, 149238, ;, 0, 0
2, 149238, ;, 0, 0
2, 149238, ;, 0, 0
2, 149238, ;, 0, 0
2, 149238, ;, 0, 0
2, 149238, ;, 0, 0
2, 149238, ;, 0, 0
2, 149238, ;, 0, 0
2, 149238, ;, 0, 0
2, 149238, ;, 0, 0
2, 149238, ;, 0, 0
2, 149238, ;, 0, 0
2, 149238, ;, 0, 0
2, 149238, ;, 0, 0
2, 149238, ;, 0, 0
2, 149238, ;, 0, 0
2, 149238, ;, 0, 0
2, 149238, ;, 0, 0
2, 149238, ;, 0, 0
2, 149238, ;, 0, 0
2, 149238, ;, 0, 0
2, 149238, ;, 0, 0
2, 149238, ;, 0, 0
2, 149238, ;, 0, 0
2, 149238, ;, 0, 0
2, 149238, ;, 0, 0
2, 149238, ;, 0, 0
2, 149238, ;, 0, 0
2, 149238, ;, 0, 0
2, 149238, ;, 0, 0
2, 149238, ;, 0, 0
2, 149238, ;, 0, 0
2, 149238, ;, 0, 0
2, 149238, ;, 0, 0
2, 149238, ;, 0, 0
2, 149238, ;, 0, 0
2, 149238, ;, 0, 0
2, 149238, ;, 0, 0
2, 149238, ;, 0, 0
2, 149238, ;, 0, 0
2, 149238, ;, 0, 0
2, 149238, ;, 0, 0
2, 149238, ;, 0, 0
2, 149238, ;, 0, 0
2, 149238, ;, 0, 0
2, 149238, ;, 0, 0
2, 149238, ;, 0, 0
2, 149238, ;, 0, 0
2, 149238, ;, 0, 0
2, 149238, ;, 0, 0
2, 149238, ;, 0, 0
2, 149238, ;, 0, 0
2, 149238, ;, 0, 0
2, 149238, ;, 0, 0
2, 149238, ;, 0, 0
2, 149238, ;, 0, 0
2, 149238, ;, 0, 0
2, 149238, ;, 0, 0
2, 149238, ;, 0, 0
2, 149238, ;, 0, 0
2, 149238, ;, 0, 0
2, 149238, ;, 0, 0
2, 149238, ;, 0, 0
2, 149238, ;, 0, 0
2, 149238, ;, 0, 0
2, 149238, ;, 0, 0
2, 149238, ;, 0, 0
2, 149238, ;, 0, 0
2, 149238, ;, 0, 0
2, 149238, ;, 0, 0
2, 149238, ;, 0, 0
2, 149238, ;, 0, 0
2, 149238, ;, 0, 0
2, 149238, ;, 0, 0
2, 149238, ;, 0, 0
2, 149238, ;, 0, 0
2, 149238, ;, 0, 0
2, 149238, ;, 0, 0
2, 149238, ;, 0, 0
2, 149238, ;, 0, 0
2, 149238, ;, 0, 0
2, 149238, ;, 0, 0
2, 149238, ;, 0, 0
2, 149238, ;, 0, 0
2, 149238, ;, 0, 0
2, 149238, ;, 0, 0
2, 149238, ;, 0, 0
2, 149238, ;, 0, 0
2, 149238, ;, 0, 0
2, 149238, ;, 0, 0
2, 149238, ;, 0, 0
2, 149238, ;, 0, 0
2, 149238, ;, 0, 0
2, 149238, ;, 0, 0
2, 149238, ;, 0, 0
2, 149238, ;, 0, 0
2, 149238, ;, 0, 0
2, 149238, ;, 0, 0
2, 149238, ;, 0, 0
2, 149238, ;, 0, 0
2, 149238, ;, 0, 0
2, 149238, ;, 0, 0
2, 149238, ;, 0, 0
2, 149238, ;, 0, 0
2, 149238, ;, 0, 0
2, 149238, ;, 0, 0
2, 149238, ;, 0, 0
2, 149238, ;, 0, 0
2, 149238, ;, 0, 0
2, 149238, ;, 0, 0
2, 149238, ;, 0, 0
2, 149238, ;, 0, 0
2, 149238, ;, 0, 0
2, 149238, ;, 0, 0
2, 149238, ;, 0, 0
2, 149238, ;, 0, 0
2, 149238, ;, 0, 0
2, 149238, ;, 0, 0
2, 149238, ;, 0, 0
2, 149238, ;, 0, 0
2, 149238, ;, 0, 0
2, 149238, ;, 0, 0
2, 149238, ;, 0, 0
2, 149238, ;, 0, 0
2, 149238, ;, 0, 0
2, 149238, ;, 0, 0
2, 149238, ;, 0, 0
2, 149238, ;, 0, 0
2, 149238, ;, 0, 0
2, 149238, ;, 0, 0
2, 149238, ;, 0, 0
2, 149238, ;, 0, 0
2, 149238, ;, 0, 0
2, 149238, ;, 0, 0
2, 149238, ;, 0, 0
2, 149238, ;, 0, 0
2, 149238, ;, 0, 0
2, 149238, ;, 0, 0
2, 149238, ;, 0, 0
2, 149238, ;, 0, 0
2, 149238, ;, 0, 0
2, 149238, ;, 0, 0
2, 149238, ;, 0, 0
2, 149238, ;, 0, 0
2, 149238, ;, 0, 0
2, 149238, ;, 0, 0
2, 149238, ;, 0, 0
2, 149238, ;, 0, 0
2, 149238, ;, 0, 0
2, 149238, ;, 0, 0
2, 149238, ;, 0, 0
2, 149238, ;, 0, 0
2, 149238, ;, 0, 0
2, 149238, ;, 0, 0
2, 149238, ;, 0, 0
2, 149238, ;, 0, 0
2, 149238, ;, 0, 0
2, 149238, ;, 0, 0
2, 149238, ;, 0, 0
2, 149238, ;, 0, 0
2, 149238, ;, 0, 0
2, 149238, ;, 0, 0
2, 149238, ;, 0, 0
2, 149238, ;, 0, 0
2, 149238, ;, 0, 0
2, 149238, ;, 0, 0
2, 149238, ;, 0, 0
2, 149238, ;, 0, 0
2, 149238, ;, 0, 0
2, 149238, ;, 0, 0
2, 149238, ;, 0, 0
2, 149238, ;, 0, 0
2, 149238, ;, 0, 0
2, 149238, ;, 0, 0
2, 149238, ;, 0, 0
2, 149238, ;, 0, 0
2, 149238, ;, 0, 0
2, 149238, ;, 0, 0
2, 149238, ;, 0, 0
2, 149238, ;, 0, 0
2, 149238, ;, 0, 0
2, 149238, ;, 0, 0
2, 149238, ;, 0, 0
2, 149238, ;, 0, 0
2, 149238, ;, 0, 0
2, 149238, ;, 0, 0
2, 149238, ;, 0, 0
2, 149238, ;, 0, 0
2, 149238, ;, 0, 0
2, 149238, ;, 0, 0
2, 149238, ;, 0, 0
2, 149238, ;, 0, 0
2, 149238, ;, 0, 0
2, 149238, ;, 0, 0
2, 149238, ;, 0, 0
2, 149238, ;, 0, 0
2, 149238, ;, 0, 0
2, 149238, ;, 0, 0
2, 149238, ;, 0, 0
2, 149238, ;, 0, 0
2, 149238, ;, 0, 0
2, 149238, ;, 0, 0
2, 149238, ;, 0, 0
2, 149238, ;, 0, 0
2, 149238, ;, 0, 0
2, 149238, ;, 0, 0
2, 149238, ;, 0, 0
2, 149238, ;, 0, 0
2, 149238, ;, 0, 0
2, 149238, ;, 0, 0
2, 149238, ;, 0, 0
2, 149238, ;, 0, 0
2, 149238, ;, 0, 0
2, 149238, ;, 0, 0
2, 149238, ;, 0, 0
2, 149238, ;, 0, 0
2, 149238, ;, 0, 0
2, 149238, ;, 0, 0
2, 149238, ;, 0, 0
2, 149238, ;, 0, 0
2, 149238, ;, 0, 0
2, 149238, ;, 0, 0
2, 149238, ;, 0, 0
2, 149238, ;, 0, 0
2, 149238, ;, 0, 0
2, 149238, ;, 0, 0
2, 149238, ;, 0, 0
2, 149238, ;, 0, 0
2, 149238, ;, 0, 0
2, 149238, ;, 0, 0
2, 149238, ;, 0, 0
2, 149238, ;, 0, 0
2, 149238, ;, 0, 0
2, 149238, ;, 0, 0
2, 149238, ;, 0, 0
2, 149238, ;, 0, 0
2, 149238, ;, 0, 0
2, 149238, ;, 0, 0
2, 149238, ;, 0, 0
2, 149238, ;, 0, 0
2, 149238, ;, 0, 0
2, 149238, ;, 0, 0
2, 149238, ;, 0, 0
2, 149238, ;, 0, 0
2, 149238, ;, 0, 0
2, 149238, ;, 0, 0
2, 149238, ;, 0, 0
2, 149238, ;, 0, 0
2, 149238, ;, 0, 0
2, 149238, ;, 0, 0
2, 149238, ;, 0, 0
2, 149238, ;, 0, 0
2, 149238, ;, 0, 0
2, 149238, ;, 0, 0
2, 149238, ;, 0, 0
2, 149238, ;, 0, 0
2, 149238, ;, 0, 0
2, 149238, ;, 0, 0
2, 149238, ;, 0, 0
2, 149238, ;, 0, 0
2, 149238, ;, 0, 0
2, 149238, ;, 0, 0
2, 149238, ;, 0, 0
2, 149238, ;, 0, 0
2, 149238, ;, 0, 0
2, 149238, ;, 0, 0
2, 149238, ;, 0, 0
2, 149238, ;, 0, 0
2, 149238, ;, 0, 0
2, 149238, ;, 0, 0
2, 149238, ;, 0, 0
2, 149238, ;, 0, 0
2, 149238, ;, 0, 0
2, 149238, ;, 0, 0
2, 149238, ;, 0, 0
2, 149238, ;, 0, 0
2, 149238, ;, 0, 0
2, 149238, ;, 0, 0
2, 149238, ;, 0, 0
2, 149238, ;, 0, 0
2, 149238, ;, 0, 0
2, 149238, ;, 0, 0
2, 149238, ;, 0, 0
2, 149238, ;, 0, 0
2, 149238, ;, 0, 0
2, 149238, ;, 0, 0
2, 149238, ;, 0, 0
2, 149238, ;, 0, 0
2, 149238, ;, 0, 0
2, 149238, ;, 0, 0
2, 149238, ;, 0, 0
2, 149238, ;, 0, 0
2, 149238, ;, 0, 0
2, 149238, ;, 0, 0
2, 149238, ;, 0, 0
2, 149238, ;, 0, 0
2, 149238, ;, 0, 0
2, 149238, ;, 0, 0
2, 149238, ;, 0, 0
2, 149238, ;, 0, 0
2, 149238, ;, 0, 0
2, 149238, ;, 0, 0
2, 149238, ;, 0, 0
2, 149238, ;, 0, 0
2, 149238, ;, 0, 0
2, 149238, ;, 0, 0
2, 149238, ;, 0, 0
2, 149238, ;, 0, 0
2, 149238, ;, 0, 0
2, 149238, ;, 0, 0
2, 149238, ;, 0, 0
2, 149238, ;, 0, 0
2, 149238, ;, 0, 0
2, 149238, ;, 0, 0
2, 149238, ;, 0, 0
2, 149238, ;, 0, 0
2, 149238, ;, 0, 0
2, 149238, ;, 0, 0
2, 149238, ;, 0, 0
2, 149238, ;, 0, 0
2, 149238, ;, 0, 0
2, 149238, ;, 0, 0
2, 149238, ;, 0, 0
2, 149238, ;, 0, 0
2, 149238, ;, 0, 0
2, 149238, ;, 0, 0
2, 149238, ;, 0, 0
2, 149238, ;, 0, 0
2, 149238, ;, 0, 0
2, 149238, ;, 0, 0
2, 149238, ;, 0, 0
2, 149238, ;, 0, 0
2, 149238, ;, 0, 0
2, 149238, ;, 0, 0
2, 149238, ;, 0, 0
2, 149238, ;, 0, 0
2, 149238, ;, 0, 0
2, 149238, ;, 0, 0
2, 149238, ;, 0, 0
2, 149238, ;, 0, 0
2, 149238, ;, 0, 0
2, 149238, ;, 0, 0
2, 149238, ;, 0, 0
2, 149238, ;, 0, 0
2, 149238, ;, 0, 0
2, 149238, ;, 0, 0
2, 149238, ;, 0, 0
2, 149238, ;, 0, 0
2, 149238, ;, 0, 0
2, 149238, ;, 0, 0
2, 149238, ;, 0, 0
2, 149238, ;, 0, 0
2, 149238, ;, 0, 0
2, 149238, ;, 0, 0
2, 149238, ;, 0, 0
2, 149238, ;, 0, 0
2, 149238, ;, 0, 0
2, 149238, ;, 0, 0
2, 149238, ;, 0, 0
2, 149238, ;, 0, 0
2, 149238, ;, 0, 0
2, 149238, ;, 0, 0
2, 149238, ;, 0, 0
2, 149238, ;, 0, 0
2, 149238, ;, 0, 0
2, 149238, ;, 0, 0
2, 149238, ;, 0, 0
2, 149238, ;, 0, 0
2, 149238, ;, 0, 0
2, 149238, ;, 0, 0
2, 149238, ;, 0, 0
2, 149238, ;, 0, 0
2, 149238, ;, 0, 0
2, 149238, ;, 0, 0
2, 149238, ;, 0, 0
2, 149238, ;, 0, 0
2, 149238, ;, 0, 0
2, 149238, ;, 0, 0
2, 149238, ;, 0, 0
2, 149238, ;, 0, 0
2, 149238, ;, 0, 0
2, 149238, ;, 0, 0
2, 149238, ;, 0, 0
2, 149238, ;, 0, 0
2, 149238, ;, 0, 0
2, 149238, ;, 0, 0
2, 149238, ;, 0, 0
2, 149238, ;, 0, 0
2, 149238, ;, 0, 0
2, 149238, ;, 0, 0
2, 149238, ;, 0, 0
2, 149238, ;, 0, 0
2, 149238, ;, 0, 0
2, 149238, ;, 0, 0
2, 149238, ;, 0, 0
2, 149238, ;, 0, 0
2, 149238, ;, 0, 0
2, 149238, ;, 0, 0
2, 149238, ;, 0, 0
2, 149238, ;, 0, 0
2, 149238, ;, 0, 0
2, 149238, ;, 0, 0
2, 149238, ;, 0, 0
2, 149238, ;, 0, 0
2, 149238, ;, 0, 0
2, 149238, ;, 0, 0
2, 149238, ;, 0, 0
2, 149238, ;, 0, 0
2, 149238, ;, 0, 0
2, 149238, ;, 0, 0
2, 149238, ;, 0, 0
2, 149238, ;, 0, 0
2, 149238, ;, 0, 0
2, 149238, ;, 0, 0
2, 149238, ;, 0, 0
2, 149238, ;, 0, 0
2, 149238, ;, 0, 0
2, 149238, ;, 0, 0
2, 149238, ;, 0, 0
2, 149238, ;, 0, 0
2, 149238, ;, 0, 0
2, 149238, ;, 0, 0
2, 149238, ;, 0, 0
2, 149238, ;, 0, 0
2, 149238, ;, 0, 0
2, 149238, ;, 0, 0
2, 149238, ;, 0, 0
2, 149238, ;, 0, 0
2, 149238, ;, 0, 0
2, 149238, ;, 0, 0
2, 149238, ;, 0, 0
2, 149238, ;, 0, 0
2, 149238, ;, 0, 0
2, 149238, ;, 0, 0
2, 149238, ;, 0, 0
2, 149238, ;, 0, 0
2, 149238, ;, 0, 0
2, 149238, ;, 0, 0
2, 149238, ;, 0, 0
2, 149238, ;, 0, 0
2, 149238, ;, 0, 0
2, 149238, ;, 0, 0
2, 149238, ;, 0, 0
2, 149238, ;, 0, 0
2, 149238, ;, 0, 0
2, 149238, ;, 0, 0
2, 149238, ;, 0, 0
2, 149238, ;, 0, 0
2, 149238, ;, 0, 0
2, 149238, ;, 0, 0
2, 149238, ;, 0, 0
2, 149238, ;, 0, 0
2, 149238, ;, 0, 0
2, 149238, ;, 0, 0
2, 149238, ;, 0, 0
2, 149238, ;, 0, 0
2, 149238, ;, 0, 0
2, 149238, ;, 0, 0
2, 149238, ;, 0, 0
2, 149238, ;, 0, 0
2, 149238, ;, 0, 0
2, 149238, ;, 0, 0
2, 149238, ;, 0, 0
2, 149238, ;, 0, 0
2, 149238, ;, 0, 0
2, 149238, ;, 0, 0
2, 149238, ;, 0, 0
2, 149238, ;, 0, 0
2, 149238, ;, 0, 0
2, 149238, ;, 0, 0
2, 149238, ;, 0, 0
2, 149238, ;, 0, 0
2, 149238, ;, 0, 0
2, 149238, ;, 0, 0
2, 149238, ;, 0, 0
2, 149238, ;, 0, 0
2, 149238, ;, 0, 0
2, 149238, ;, 0, 0
2, 149238, ;, 0, 0
2, 149238, ;, 0, 0
2, 149238, ;, 0, 0
2, 149238, ;, 0, 0
2, 149238, ;, 0, 0
2, 149238, ;, 0, 0
2, 149238, ;, 0, 0
2, 149238, ;, 0, 0
2, 149238, ;, 0, 0
2, 149238, ;, 0, 0
2, 149238, ;, 0, 0
2, 149238, ;, 0, 0
2, 149238, ;, 0, 0
2, 149238, ;, 0, 0
2, 149238, ;, 0, 0
2, 149238, ;, 0, 0
2, 149238, ;, 0, 0
2, 149238, ;, 0, 0
2, 149238, ;, 0, 0
2, 149238, ;, 0, 0
2, 149238, ;, 0, 0
2, 149238, ;, 0, 0
2, 149238, ;, 0, 0
2, 149238, ;, 0, 0
2, 149238, ;, 0, 0
2, 149238, ;, 0, 0
2, 149238, ;, 0, 0
2, 149238, ;, 0, 0
2, 149238, ;, 0, 0
2, 149238, ;, 0, 0
2, 149238, ;, 0, 0
2, 149238, ;, 0, 0
2, 149238, ;, 0, 0
2, 149238, ;, 0, 0
2, 149238, ;, 0, 0
2, 149238, ;, 0, 0
2, 149238, ;, 0, 0
2, 149238, ;, 0, 0
2, 149238, ;, 0, 0
2, 149238, ;, 0, 0
2, 149238, ;, 0, 0
2, 149238, ;, 0, 0
2, 149238, ;, 0, 0
2, 149238, ;, 0, 0
2, 149238, ;, 0, 0
2, 149238, ;, 0, 0
2, 149238, ;, 0, 0
2, 149238, ;, 0, 0
2, 149238, ;, 0, 0
2, 149238, ;, 0, 0
2, 149238, ;, 0, 0
2, 149238, ;, 0, 0
2, 149238, ;, 0, 0
2, 149238, ;, 0, 0
2, 149238, ;, 0, 0
2, 149238, ;, 0, 0
2, 149238, ;, 0, 0
2, 149238, ;, 0, 0
2, 149238, ;, 0, 0
2, 149238, ;, 0, 0
2, 149238, ;, 0, 0
2, 149238, ;, 0, 0
2, 149238, ;, 0, 0
2, 149238, ;, 0, 0
2, 149238, ;, 0, 0
2, 149238, ;, 0, 0
2, 149238, ;, 0, 0
2, 149238, ;, 0, 0
2, 149238, ;, 0, 0
2, 149238, ;, 0, 0
2, 149238, ;, 0, 0
2, 149238, ;, 0, 0
2, 149238, ;, 0, 0
2, 149238, ;, 0, 0
2, 149238, ;, 0, 0
2, 149238, ;, 0, 0
2, 149238, ;, 0, 0
2, 149238, ;, 0, 0
2, 149238, ;, 0, 0
2, 149238, ;, 0, 0
2, 149238, ;, 0, 0
2, 149238, ;, 0, 0
2, 149238, ;, 0, 0
2, 149238, ;, 0, 0
2, 149238, ;, 0, 0
2, 149238, ;, 0, 0
2, 149238, ;, 0, 0
2, 149238, ;, 0, 0
2, 149238, ;, 0, 0
2, 149238, ;, 0, 0
2, 149238, ;, 0, 0
2, 149238, ;, 0, 0
2, 149238, ;, 0, 0
2, 149238, ;, 0, 0
2, 149238, ;, 0, 0
2, 149238, ;, 0, 0
2, 149238, ;, 0, 0
2, 149238, ;, 0, 0
2, 149238, ;, 0, 0
2, 149238, ;, 0, 0
2, 149238, ;, 0, 0
2, 149238, ;, 0, 0
2, 149238, ;, 0, 0
2, 149238, ;, 0, 0
2, 149238, ;, 0, 0
2, 149238, ;, 0, 0
2, 149238, ;, 0, 0
2, 149238, ;, 0, 0
2, 149238, ;, 0, 0
2, 149238, ;, 0, 0

