0, 0, <, 0, 1, 24
1, 0, /
1, 0, %, 674157
1, 0, |, "FF10\201u\203\201\203C\203\223\203e\201[\203}\201i\211¼\201j\201vby.tetra"
1, 0, (, ""
1, 0, ;, 0, 10
1, 0, ;, 1, 10
1, 0, ;, 2, 33
1, 0, ;, 3, 10
1, 0, ;, 4, 10
1, 0, ;, 5, 10
1, 0, ;, 6, 10
1, 0, ;, 7, 1
1, 0, ;, 8, 0
1, 0, ;, 10, 10
1, 0, ;, 11, 0
1, 0, ;, 12, 71
1, 0, ;, 13, 38
1, 0, ;, 14, 42
1, 0, ;, 15, 0
1, 144, {, 0, 83, 89
1, 144, {, 1, 88, 89
1, 144, {, 5, 64, 89
1, 156, {, 6, 76, 89
1, 167, {, 6, 76, 0
1, 168, {, 6, 79, 89
1, 179, {, 6, 79, 0
1, 180, {, 6, 83, 89
1, 191, {, 0, 83, 0
1, 191, {, 1, 88, 0
1, 191, {, 5, 64, 0
1, 191, {, 6, 83, 0
1, 192, {, 0, 88, 89
1, 192, {, 5, 74, 89
1, 192, {, 6, 62, 89
1, 203, {, 0, 88, 0
1, 204, {, 0, 86, 89
1, 204, {, 1, 90, 89
1, 215, {, 0, 86, 0
1, 215, {, 1, 90, 0
1, 215, {, 5, 74, 0
1, 215, {, 6, 62, 0
1, 216, {, 0, 88, 89
1, 216, {, 5, 72, 89
1, 216, {, 6, 60, 89
1, 287, {, 0, 88, 0
1, 287, {, 5, 72, 0
1, 287, {, 6, 60, 0
1, 288, {, 0, 81, 89
1, 288, {, 1, 86, 89
1, 288, {, 5, 62, 89
1, 300, {, 6, 74, 89
1, 311, {, 6, 74, 0
1, 312, {, 6, 78, 89
1, 323, {, 6, 78, 0
1, 324, {, 6, 81, 89
1, 335, {, 0, 81, 0
1, 335, {, 1, 86, 0
1, 335, {, 5, 62, 0
1, 335, {, 6, 81, 0
1, 336, {, 0, 86, 89
1, 336, {, 5, 72, 89
1, 336, {, 6, 60, 89
1, 347, {, 0, 86, 0
1, 348, {, 0, 84, 89
1, 348, {, 1, 88, 89
1, 359, {, 0, 84, 0
1, 359, {, 1, 88, 0
1, 359, {, 5, 72, 0
1, 359, {, 6, 60, 0
1, 360, {, 0, 86, 89
1, 360, {, 1, 90, 89
1, 360, {, 5, 71, 89
1, 360, {, 6, 59, 89
1, 431, {, 0, 86, 0
1, 431, {, 1, 90, 0
1, 431, {, 5, 71, 0
1, 431, {, 6, 59, 0
1, 432, {, 0, 83, 89
1, 432, {, 5, 60, 89
1, 443, {, 5, 60, 0
1, 444, {, 5, 67, 89
1, 455, {, 0, 83, 0
1, 455, {, 5, 67, 0
1, 456, {, 0, 83, 89
1, 456, {, 5, 74, 89
1, 467, {, 5, 74, 0
1, 468, {, 5, 72, 89
1, 479, {, 0, 83, 0
1, 479, {, 5, 72, 0
1, 480, {, 0, 83, 89
1, 480, {, 5, 76, 89
1, 491, {, 5, 76, 0
1, 492, {, 5, 78, 89
1, 502, {, 6, 72, 89
1, 503, {, 0, 83, 0
1, 503, {, 5, 78, 0
1, 504, {, 0, 83, 89
1, 504, {, 5, 76, 89
1, 504, {, 7, 79, 89
1, 527, {, 0, 83, 0
1, 528, {, 0, 81, 89
1, 563, {, 0, 81, 0
1, 564, {, 0, 86, 89
1, 575, {, 0, 86, 0
1, 575, {, 5, 76, 0
1, 575, {, 6, 72, 0
1, 576, {, 0, 78, 89
1, 576, {, 5, 59, 89
1, 577, {, 7, 79, 0
1, 587, {, 5, 59, 0
1, 588, {, 5, 66, 89
1, 599, {, 5, 66, 0
1, 600, {, 5, 71, 89
1, 611, {, 5, 71, 0
1, 612, {, 5, 73, 89
1, 623, {, 5, 73, 0
1, 624, {, 5, 74, 89
1, 635, {, 5, 74, 0
1, 636, {, 5, 78, 89
1, 647, {, 0, 78, 0
1, 647, {, 5, 78, 0
1, 648, {, 0, 83, 89
1, 648, {, 5, 74, 89
1, 648, {, 6, 78, 89
1, 719, {, 0, 83, 0
1, 719, {, 5, 74, 0
1, 719, {, 6, 78, 0
1, 720, {, 0, 88, 89
1, 720, {, 5, 57, 89
1, 731, {, 5, 57, 0
1, 732, {, 5, 64, 89
1, 743, {, 0, 88, 0
1, 743, {, 5, 64, 0
1, 744, {, 0, 88, 89
1, 744, {, 5, 71, 89
1, 755, {, 5, 71, 0
1, 756, {, 5, 69, 89
1, 767, {, 0, 88, 0
1, 767, {, 5, 69, 0
1, 768, {, 0, 88, 89
1, 768, {, 5, 72, 89
1, 779, {, 5, 72, 0
1, 780, {, 5, 74, 89
1, 791, {, 0, 88, 0
1, 791, {, 5, 74, 0
1, 792, {, 0, 88, 89
1, 792, {, 5, 72, 89
1, 792, {, 6, 69, 89
1, 792, {, 7, 76, 89
1, 815, {, 0, 88, 0
1, 816, {, 0, 86, 89
1, 851, {, 0, 86, 0
1, 863, {, 5, 72, 0
1, 863, {, 6, 69, 0
1, 863, {, 7, 76, 0
1, 864, {, 0, 84, 89
1, 864, {, 5, 53, 89
1, 875, {, 5, 53, 0
1, 876, {, 5, 60, 89
1, 887, {, 5, 60, 0
1, 888, {, 5, 65, 89
1, 899, {, 5, 65, 0
1, 900, {, 5, 67, 89
1, 911, {, 5, 67, 0
1, 912, {, 5, 69, 89
1, 923, {, 5, 69, 0
1, 924, {, 5, 72, 89
1, 935, {, 0, 84, 0
1, 935, {, 5, 72, 0
1, 936, {, 5, 77, 89
1, 947, {, 5, 77, 0
1, 948, {, 5, 72, 89
1, 959, {, 5, 72, 0
1, 960, {, 5, 77, 89
1, 971, {, 5, 77, 0
1, 972, {, 5, 79, 89
1, 983, {, 5, 79, 0
1, 984, {, 5, 81, 89
1, 995, {, 5, 81, 0
1, 996, {, 5, 84, 89
1, 1007, {, 5, 84, 0
1, 1008, {, 0, 76, 89
1, 1008, {, 5, 52, 89
1, 1019, {, 5, 52, 0
1, 1020, {, 5, 59, 89
1, 1031, {, 5, 59, 0
1, 1032, {, 5, 64, 89
1, 1043, {, 0, 76, 0
1, 1043, {, 5, 64, 0
1, 1044, {, 0, 71, 89
1, 1044, {, 5, 66, 89
1, 1055, {, 0, 71, 0
1, 1055, {, 5, 66, 0
1, 1056, {, 0, 76, 89
1, 1056, {, 5, 67, 89
1, 1067, {, 0, 76, 0
1, 1067, {, 5, 67, 0
1, 1068, {, 0, 78, 89
1, 1068, {, 5, 69, 89
1, 1079, {, 0, 78, 0
1, 1079, {, 5, 69, 0
1, 1080, {, 0, 79, 89
1, 1080, {, 5, 60, 89
1, 1080, {, 6, 72, 89
1, 1091, {, 5, 60, 0
1, 1091, {, 6, 72, 0
1, 1092, {, 5, 67, 89
1, 1103, {, 0, 79, 0
1, 1104, {, 0, 78, 89
1, 1115, {, 5, 67, 0
1, 1116, {, 5, 66, 89
1, 1127, {, 0, 78, 0
1, 1127, {, 5, 66, 0
1, 1128, {, 0, 76, 89
1, 1128, {, 5, 64, 89
1, 1139, {, 5, 64, 0
1, 1140, {, 5, 60, 89
1, 1150, {, 1, 74, 89
1, 1151, {, 0, 76, 0
1, 1151, {, 5, 60, 0
1, 1152, {, 5, 50, 89
1, 1164, {, 6, 57, 89
1, 1165, {, 5, 50, 0
1, 1175, {, 6, 57, 0
1, 1176, {, 5, 62, 89
1, 1187, {, 1, 74, 0
1, 1187, {, 5, 62, 0
1, 1188, {, 0, 76, 89
1, 1188, {, 1, 69, 89
1, 1188, {, 5, 66, 89
1, 1199, {, 0, 76, 0
1, 1199, {, 1, 69, 0
1, 1199, {, 5, 66, 0
1, 1200, {, 0, 74, 89
1, 1200, {, 1, 72, 89
1, 1200, {, 5, 69, 89
1, 1211, {, 1, 72, 0
1, 1211, {, 5, 69, 0
1, 1212, {, 5, 66, 89
1, 1223, {, 0, 74, 0
1, 1223, {, 5, 66, 0
1, 1224, {, 0, 71, 89
1, 1224, {, 1, 62, 89
1, 1236, {, 5, 50, 89
1, 1247, {, 5, 50, 0
1, 1248, {, 5, 55, 89
1, 1259, {, 5, 55, 0
1, 1260, {, 5, 57, 89
1, 1271, {, 5, 57, 0
1, 1272, {, 5, 59, 89
1, 1283, {, 5, 59, 0
1, 1284, {, 5, 62, 89
1, 1295, {, 0, 71, 0
1, 1295, {, 1, 62, 0
1, 1295, {, 5, 62, 0
1, 1296, {, 0, 76, 89
1, 1296, {, 1, 67, 89
1, 1296, {, 5, 52, 89
1, 1296, {, 6, 67, 89
1, 1307, {, 5, 52, 0
1, 1308, {, 5, 59, 89
1, 1319, {, 5, 59, 0
1, 1320, {, 5, 64, 89
1, 1331, {, 0, 76, 0
1, 1331, {, 1, 67, 0
1, 1331, {, 5, 64, 0
1, 1331, {, 6, 67, 0
1, 1332, {, 0, 71, 89
1, 1332, {, 5, 66, 89
1, 1343, {, 0, 71, 0
1, 1343, {, 5, 66, 0
1, 1344, {, 0, 76, 89
1, 1344, {, 5, 67, 89
1, 1355, {, 0, 76, 0
1, 1355, {, 5, 67, 0
1, 1356, {, 0, 78, 89
1, 1356, {, 5, 69, 89
1, 1367, {, 0, 78, 0
1, 1367, {, 5, 69, 0
1, 1368, {, 0, 79, 89
1, 1368, {, 5, 60, 89
1, 1368, {, 6, 72, 89
1, 1379, {, 5, 60, 0
1, 1379, {, 6, 72, 0
1, 1380, {, 5, 67, 89
1, 1391, {, 0, 79, 0
1, 1392, {, 0, 78, 89
1, 1403, {, 5, 67, 0
1, 1404, {, 5, 66, 89
1, 1415, {, 0, 78, 0
1, 1415, {, 5, 66, 0
1, 1416, {, 0, 79, 89
1, 1416, {, 5, 64, 89
1, 1427, {, 5, 64, 0
1, 1428, {, 5, 60, 89
1, 1439, {, 0, 79, 0
1, 1439, {, 5, 60, 0
1, 1440, {, 0, 69, 89
1, 1440, {, 1, 81, 89
1, 1440, {, 5, 50, 89
1, 1451, {, 5, 50, 0
1, 1452, {, 5, 57, 89
1, 1463, {, 5, 57, 0
1, 1464, {, 5, 62, 89
1, 1475, {, 0, 69, 0
1, 1475, {, 1, 81, 0
1, 1475, {, 5, 62, 0
1, 1476, {, 0, 76, 89
1, 1476, {, 1, 67, 89
1, 1476, {, 2, 79, 89
1, 1476, {, 5, 64, 89
1, 1487, {, 0, 76, 0
1, 1487, {, 1, 67, 0
1, 1487, {, 2, 79, 0
1, 1487, {, 5, 64, 0
1, 1488, {, 0, 78, 89
1, 1488, {, 1, 69, 89
1, 1488, {, 2, 81, 89
1, 1488, {, 5, 66, 89
1, 1499, {, 0, 78, 0
1, 1499, {, 5, 66, 0
1, 1500, {, 5, 62, 89
1, 1511, {, 1, 69, 0
1, 1511, {, 2, 81, 0
1, 1511, {, 5, 62, 0
1, 1512, {, 0, 79, 89
1, 1512, {, 1, 71, 89
1, 1512, {, 2, 83, 89
1, 1524, {, 5, 50, 89
1, 1535, {, 5, 50, 0
1, 1536, {, 5, 55, 89
1, 1547, {, 5, 55, 0
1, 1548, {, 5, 57, 89
1, 1559, {, 5, 57, 0
1, 1560, {, 5, 59, 89
1, 1571, {, 5, 59, 0
1, 1572, {, 5, 62, 89
1, 1583, {, 0, 79, 0
1, 1583, {, 1, 71, 0
1, 1583, {, 2, 83, 0
1, 1583, {, 5, 62, 0
1, 1584, {, 0, 67, 89
1, 1584, {, 1, 76, 89
1, 1584, {, 5, 52, 89
1, 1595, {, 5, 52, 0
1, 1596, {, 5, 59, 89
1, 1607, {, 5, 59, 0
1, 1608, {, 5, 64, 89
1, 1619, {, 0, 67, 0
1, 1619, {, 5, 64, 0
1, 1620, {, 0, 71, 89
1, 1620, {, 5, 66, 89
1, 1621, {, 1, 76, 0
1, 1631, {, 0, 71, 0
1, 1631, {, 5, 66, 0
1, 1632, {, 0, 76, 89
1, 1632, {, 5, 67, 89
1, 1643, {, 0, 76, 0
1, 1643, {, 5, 67, 0
1, 1644, {, 0, 78, 89
1, 1644, {, 5, 69, 89
1, 1655, {, 0, 78, 0
1, 1655, {, 5, 69, 0
1, 1656, {, 0, 79, 89
1, 1656, {, 5, 60, 89
1, 1656, {, 6, 72, 89
1, 1667, {, 5, 60, 0
1, 1668, {, 5, 67, 89
1, 1669, {, 6, 72, 0
1, 1679, {, 0, 79, 0
1, 1680, {, 0, 78, 89
1, 1691, {, 5, 67, 0
1, 1692, {, 5, 66, 89
1, 1703, {, 0, 78, 0
1, 1703, {, 5, 66, 0
1, 1704, {, 0, 76, 89
1, 1704, {, 5, 64, 89
1, 1715, {, 5, 64, 0
1, 1716, {, 5, 60, 89
1, 1727, {, 0, 76, 0
1, 1727, {, 5, 60, 0
1, 1728, {, 0, 74, 89
1, 1728, {, 1, 69, 89
1, 1728, {, 5, 50, 89
1, 1739, {, 5, 50, 0
1, 1740, {, 5, 57, 89
1, 1751, {, 5, 57, 0
1, 1752, {, 5, 62, 89
1, 1763, {, 0, 74, 0
1, 1763, {, 1, 69, 0
1, 1763, {, 5, 62, 0
1, 1764, {, 0, 76, 89
1, 1764, {, 1, 69, 89
1, 1764, {, 5, 66, 89
1, 1775, {, 0, 76, 0
1, 1775, {, 1, 69, 0
1, 1775, {, 5, 66, 0
1, 1776, {, 0, 74, 89
1, 1776, {, 1, 72, 89
1, 1776, {, 5, 69, 89
1, 1787, {, 5, 69, 0
1, 1788, {, 5, 66, 89
1, 1789, {, 1, 72, 0
1, 1799, {, 0, 74, 0
1, 1799, {, 5, 66, 0
1, 1800, {, 0, 62, 89
1, 1800, {, 1, 67, 89
1, 1800, {, 2, 71, 89
1, 1812, {, 5, 50, 89
1, 1823, {, 5, 50, 0
1, 1824, {, 5, 55, 89
1, 1835, {, 5, 55, 0
1, 1836, {, 5, 57, 89
1, 1847, {, 1, 67, 0
1, 1847, {, 5, 57, 0
1, 1848, {, 1, 59, 89
1, 1848, {, 3, 67, 89
1, 1848, {, 5, 59, 89
1, 1849, {, 0, 62, 0
1, 1849, {, 2, 71, 0
1, 1859, {, 1, 59, 0
1, 1859, {, 3, 67, 0
1, 1860, {, 0, 69, 89
1, 1860, {, 6, 55, 89
1, 1861, {, 5, 59, 0
1, 1871, {, 0, 69, 0
1, 1871, {, 6, 55, 0
1, 1872, {, 0, 64, 89
1, 1872, {, 1, 71, 89
1, 1872, {, 2, 67, 89
1, 1872, {, 5, 48, 89
1, 1883, {, 5, 48, 0
1, 1884, {, 5, 55, 89
1, 1895, {, 0, 64, 0
1, 1895, {, 1, 71, 0
1, 1895, {, 2, 67, 0
1, 1895, {, 5, 55, 0
1, 1896, {, 0, 64, 89
1, 1896, {, 1, 71, 89
1, 1896, {, 2, 67, 89
1, 1896, {, 5, 60, 89
1, 1907, {, 5, 60, 0
1, 1908, {, 5, 55, 89
1, 1919, {, 0, 64, 0
1, 1919, {, 1, 71, 0
1, 1919, {, 2, 67, 0
1, 1919, {, 5, 55, 0
1, 1920, {, 0, 64, 89
1, 1920, {, 1, 71, 89
1, 1920, {, 2, 67, 89
1, 1920, {, 5, 59, 89
1, 1931, {, 5, 59, 0
1, 1932, {, 5, 55, 89
1, 1943, {, 0, 64, 0
1, 1943, {, 1, 71, 0
1, 1943, {, 2, 67, 0
1, 1943, {, 5, 55, 0
1, 1944, {, 0, 66, 89
1, 1944, {, 1, 71, 89
1, 1944, {, 5, 50, 89
1, 1967, {, 1, 71, 0
1, 1968, {, 1, 69, 89
1, 1991, {, 1, 69, 0
1, 1992, {, 1, 74, 89
1, 2015, {, 0, 66, 0
1, 2015, {, 1, 74, 0
1, 2015, {, 5, 50, 0
1, 2016, {, 0, 64, 89
1, 2016, {, 1, 67, 89
1, 2016, {, 5, 45, 89
1, 2027, {, 5, 45, 0
1, 2028, {, 5, 52, 89
1, 2039, {, 5, 52, 0
1, 2040, {, 5, 57, 89
1, 2051, {, 0, 64, 0
1, 2051, {, 1, 67, 0
1, 2052, {, 0, 67, 89
1, 2062, {, 6, 47, 89
1, 2063, {, 0, 67, 0
1, 2063, {, 5, 57, 0
1, 2064, {, 0, 66, 89
1, 2064, {, 5, 59, 89
1, 2075, {, 0, 66, 0
1, 2076, {, 0, 62, 89
1, 2077, {, 5, 59, 0
1, 2087, {, 0, 62, 0
1, 2087, {, 6, 47, 0
1, 2088, {, 0, 64, 89
1, 2088, {, 5, 48, 89
1, 2099, {, 5, 48, 0
1, 2100, {, 5, 55, 89
1, 2111, {, 0, 64, 0
1, 2111, {, 5, 55, 0
1, 2112, {, 0, 76, 89
1, 2112, {, 5, 60, 89
1, 2123, {, 5, 60, 0
1, 2124, {, 5, 64, 89
1, 2135, {, 5, 64, 0
1, 2136, {, 5, 67, 89
1, 2147, {, 5, 67, 0
1, 2148, {, 5, 72, 89
1, 2159, {, 5, 72, 0
1, 2160, {, 5, 76, 89
1, 2171, {, 5, 76, 0
1, 2172, {, 5, 64, 89
1, 2183, {, 5, 64, 0
1, 2184, {, 5, 67, 89
1, 2195, {, 5, 67, 0
1, 2196, {, 5, 72, 89
1, 2207, {, 5, 72, 0
1, 2208, {, 5, 76, 89
1, 2219, {, 5, 76, 0
1, 2220, {, 5, 79, 89
1, 2231, {, 0, 76, 0
1, 2231, {, 5, 79, 0
1, 2232, {, 0, 81, 89
1, 2232, {, 5, 57, 89
1, 2243, {, 5, 57, 0
1, 2244, {, 5, 64, 89
1, 2255, {, 5, 64, 0
1, 2256, {, 5, 69, 89
1, 2267, {, 5, 69, 0
1, 2268, {, 5, 71, 89
1, 2279, {, 0, 81, 0
1, 2279, {, 5, 71, 0
1, 2280, {, 0, 88, 89
1, 2280, {, 5, 72, 89
1, 2291, {, 5, 72, 0
1, 2292, {, 5, 76, 89
1, 2303, {, 0, 88, 0
1, 2303, {, 5, 76, 0
1, 2304, {, 0, 79, 89
1, 2304, {, 1, 81, 89
1, 2304, {, 2, 88, 89
1, 2304, {, 5, 53, 89
1, 2315, {, 5, 53, 0
1, 2316, {, 5, 60, 89
1, 2327, {, 2, 88, 0
1, 2327, {, 5, 60, 0
1, 2328, {, 2, 86, 89
1, 2328, {, 5, 65, 89
1, 2339, {, 5, 65, 0
1, 2340, {, 5, 67, 89
1, 2351, {, 0, 79, 0
1, 2351, {, 1, 81, 0
1, 2351, {, 2, 86, 0
1, 2351, {, 5, 67, 0
1, 2352, {, 0, 77, 89
1, 2352, {, 1, 84, 89
1, 2352, {, 5, 69, 89
1, 2363, {, 5, 69, 0
1, 2364, {, 5, 72, 89
1, 2375, {, 0, 77, 0
1, 2375, {, 1, 84, 0
1, 2375, {, 5, 72, 0
1, 2376, {, 0, 79, 89
1, 2376, {, 1, 83, 89
1, 2376, {, 5, 55, 89
1, 2387, {, 5, 55, 0
1, 2388, {, 5, 62, 89
1, 2399, {, 5, 62, 0
1, 2400, {, 5, 67, 89
1, 2411, {, 5, 67, 0
1, 2412, {, 5, 69, 89
1, 2423, {, 0, 79, 0
1, 2423, {, 1, 83, 0
1, 2423, {, 5, 69, 0
1, 2424, {, 5, 71, 89
1, 2435, {, 5, 71, 0
1, 2436, {, 5, 74, 89
1, 2446, {, 1, 79, 89
1, 2447, {, 5, 74, 0
1, 2448, {, 0, 88, 89
1, 2448, {, 5, 52, 89
1, 2459, {, 5, 52, 0
1, 2460, {, 5, 59, 89
1, 2471, {, 5, 59, 0
1, 2472, {, 5, 64, 89
1, 2483, {, 5, 64, 0
1, 2484, {, 5, 66, 89
1, 2495, {, 5, 66, 0
1, 2496, {, 5, 67, 89
1, 2507, {, 5, 67, 0
1, 2508, {, 5, 71, 89
1, 2519, {, 0, 88, 0
1, 2519, {, 1, 79, 0
1, 2519, {, 5, 71, 0
1, 2520, {, 0, 78, 89
1, 2520, {, 1, 83, 89
1, 2520, {, 5, 59, 89
1, 2531, {, 5, 59, 0
1, 2532, {, 5, 66, 89
1, 2543, {, 5, 66, 0
1, 2544, {, 5, 71, 89
1, 2555, {, 5, 71, 0
1, 2556, {, 5, 73, 89
1, 2567, {, 0, 78, 0
1, 2567, {, 1, 83, 0
1, 2567, {, 5, 73, 0
1, 2568, {, 0, 90, 89
1, 2568, {, 5, 74, 89
1, 2579, {, 5, 74, 0
1, 2580, {, 5, 76, 89
1, 2590, {, 1, 81, 89
1, 2591, {, 0, 90, 0
1, 2592, {, 0, 85, 89
1, 2592, {, 2, 90, 89
1, 2593, {, 5, 76, 0
1, 2594, {, 5, 66, 89
1, 2661, {, 1, 81, 0
1, 2663, {, 0, 85, 0
1, 2663, {, 2, 90, 0
1, 2663, {, 5, 66, 0
1, 2664, {, 0, 81, 89
1, 2664, {, 5, 57, 89
1, 2675, {, 5, 57, 0
1, 2676, {, 5, 64, 89
1, 2687, {, 5, 64, 0
1, 2688, {, 5, 69, 89
1, 2699, {, 5, 69, 0
1, 2700, {, 5, 71, 89
1, 2711, {, 0, 81, 0
1, 2711, {, 5, 71, 0
1, 2712, {, 0, 88, 89
1, 2712, {, 5, 72, 89
1, 2723, {, 5, 72, 0
1, 2724, {, 5, 69, 89
1, 2734, {, 1, 81, 89
1, 2735, {, 0, 88, 0
1, 2735, {, 5, 69, 0
1, 2736, {, 0, 83, 89
1, 2736, {, 2, 88, 89
1, 2736, {, 5, 71, 89
1, 2738, {, 6, 59, 89
1, 2759, {, 0, 83, 0
1, 2759, {, 1, 81, 0
1, 2760, {, 0, 87, 89
1, 2761, {, 2, 88, 0
1, 2783, {, 5, 71, 0
1, 2783, {, 6, 59, 0
1, 2784, {, 5, 59, 89
1, 2795, {, 5, 59, 0
1, 2796, {, 5, 57, 89
1, 2807, {, 0, 87, 0
1, 2807, {, 5, 57, 0
1, 2808, {, 0, 66, 89
1, 2808, {, 1, 71, 89
1, 2808, {, 5, 47, 89
1, 2819, {, 5, 47, 0
1, 2820, {, 5, 54, 89
1, 2831, {, 5, 54, 0
1, 2832, {, 5, 59, 89
1, 2843, {, 5, 59, 0
1, 2844, {, 5, 61, 89
1, 2855, {, 0, 66, 0
1, 2855, {, 1, 71, 0
1, 2855, {, 5, 61, 0
1, 2856, {, 0, 74, 89
1, 2856, {, 1, 78, 89
1, 2856, {, 2, 66, 89
1, 2856, {, 5, 62, 89
1, 2867, {, 5, 62, 0
1, 2868, {, 6, 54, 89
1, 2879, {, 0, 74, 0
1, 2879, {, 1, 78, 0
1, 2879, {, 2, 66, 0
1, 2879, {, 6, 54, 0
1, 2880, {, 0, 71, 89
1, 2880, {, 1, 69, 89
1, 2880, {, 2, 74, 89
1, 2880, {, 3, 78, 89
1, 2892, {, 5, 50, 89
1, 2903, {, 3, 78, 0
1, 2903, {, 5, 50, 0
1, 2904, {, 3, 76, 89
1, 2904, {, 4, 67, 89
1, 2904, {, 5, 55, 89
1, 2915, {, 5, 55, 0
1, 2916, {, 5, 57, 89
1, 2927, {, 0, 71, 0
1, 2927, {, 1, 69, 0
1, 2927, {, 2, 74, 0
1, 2927, {, 4, 67, 0
1, 2927, {, 5, 57, 0
1, 2928, {, 0, 66, 89
1, 2928, {, 1, 74, 89
1, 2928, {, 2, 71, 89
1, 2928, {, 5, 59, 89
1, 2929, {, 3, 76, 0
1, 2939, {, 5, 59, 0
1, 2940, {, 6, 50, 89
1, 2951, {, 0, 66, 0
1, 2951, {, 1, 74, 0
1, 2951, {, 2, 71, 0
1, 2951, {, 6, 50, 0
1, 2952, {, 0, 64, 89
1, 2952, {, 1, 69, 89
1, 2952, {, 2, 73, 89
1, 2952, {, 5, 45, 89
1, 2963, {, 5, 45, 0
1, 2964, {, 5, 52, 89
1, 2975, {, 5, 52, 0
1, 2976, {, 5, 57, 89
1, 2987, {, 5, 57, 0
1, 2988, {, 5, 59, 89
1, 2999, {, 0, 64, 0
1, 2999, {, 5, 59, 0
1, 3000, {, 0, 81, 89
1, 3000, {, 3, 73, 89
1, 3000, {, 4, 76, 89
1, 3000, {, 5, 61, 89
1, 3001, {, 2, 73, 0
1, 3011, {, 5, 61, 0
1, 3012, {, 6, 52, 89
1, 3023, {, 0, 81, 0
1, 3023, {, 1, 69, 0
1, 3023, {, 3, 73, 0
1, 3023, {, 4, 76, 0
1, 3023, {, 6, 52, 0
1, 3024, {, 0, 78, 89
1, 3024, {, 1, 73, 89
1, 3024, {, 2, 69, 89
1, 3024, {, 3, 81, 89
1, 3036, {, 5, 49, 89
1, 3047, {, 5, 49, 0
1, 3048, {, 5, 54, 89
1, 3059, {, 5, 54, 0
1, 3060, {, 5, 56, 89
1, 3071, {, 5, 56, 0
1, 3072, {, 5, 57, 89
1, 3084, {, 6, 59, 89
1, 3085, {, 5, 57, 0
1, 3093, {, 3, 81, 0
1, 3095, {, 1, 73, 0
1, 3095, {, 2, 69, 0
1, 3095, {, 6, 59, 0
1, 3096, {, 1, 73, 89
1, 3096, {, 2, 80, 89
1, 3096, {, 5, 61, 89
1, 3096, {, 6, 49, 89
1, 3097, {, 0, 78, 0
1, 3119, {, 1, 73, 0
1, 3119, {, 2, 80, 0
1, 3120, {, 0, 76, 89
1, 3143, {, 0, 76, 0
1, 3143, {, 5, 61, 0
1, 3144, {, 0, 73, 89
1, 3145, {, 6, 49, 0
1, 3167, {, 0, 73, 0
1, 3168, {, 0, 71, 89
1, 3168, {, 1, 67, 89
1, 3215, {, 0, 71, 0
1, 3215, {, 1, 67, 0
1, 3216, {, 0, 78, 89
1, 3216, {, 1, 67, 89
1, 3216, {, 6, 55, 89
1, 3216, {, 7, 59, 89
1, 3216, {, 8, 62, 89
1, 3239, {, 0, 78, 0
1, 3239, {, 6, 55, 0
1, 3239, {, 7, 59, 0
1, 3239, {, 8, 62, 0
1, 3240, {, 0, 69, 89
1, 3240, {, 5, 57, 89
1, 3240, {, 6, 54, 89
1, 3240, {, 7, 61, 89
1, 3241, {, 1, 67, 0
1, 3275, {, 0, 69, 0
1, 3276, {, 0, 66, 89
1, 3287, {, 0, 66, 0
1, 3287, {, 5, 57, 0
1, 3287, {, 6, 54, 0
1, 3287, {, 7, 61, 0
1, 3288, {, 0, 69, 89
1, 3288, {, 5, 64, 89
1, 3288, {, 6, 57, 89
1, 3288, {, 7, 61, 89
1, 3311, {, 5, 64, 0
1, 3311, {, 6, 57, 0
1, 3311, {, 7, 61, 0
1, 3312, {, 1, 63, 89
1, 3312, {, 2, 71, 89
1, 3313, {, 0, 69, 0
1, 3324, {, 5, 47, 89
1, 3335, {, 5, 47, 0
1, 3336, {, 5, 51, 89
1, 3347, {, 5, 51, 0
1, 3348, {, 5, 54, 89
1, 3359, {, 5, 54, 0
1, 3360, {, 5, 59, 89
1, 3371, {, 5, 59, 0
1, 3372, {, 5, 63, 89
1, 3383, {, 1, 63, 0
1, 3383, {, 2, 71, 0
1, 3383, {, 5, 63, 0
1, 3456, \
0, 0, >

