0, 0, <, 1, 17, 120
1, 0, /
1, 0, ~, "untitled"
1, 0, |, "\012"
1, 0, |, " \012"
1, 0, ?, 10, 65, 16, 66, 18, 0, 0, 127, 0, 1, 247
1, 0, ?, 10, 65, 16, 66, 18, 64, 1, 51, 100, 40, 247
1, 0, ?, 10, 65, 16, 66, 18, 64, 1, 52, 100, 39, 247
1, 0, ?, 10, 65, 16, 66, 18, 64, 1, 56, 4, 3, 247
1, 0, ?, 10, 65, 16, 66, 18, 64, 1, 58, 80, 53, 247
1, 0, ?, 10, 65, 16, 66, 18, 64, 2, 1, 67, 122, 247
1, 0, ?, 10, 65, 16, 66, 18, 64, 2, 2, 1, 59, 247
1, 0, ?, 10, 65, 16, 66, 18, 64, 2, 3, 67, 120, 247
1, 0, $, 4, 2, 24, 8
1, 0, #, 0, "major"
1, 0, %, 444444
1, 46560, %, 500000
1, 50400, %, 500000
1, 50400, \
2, 0, /
2, 0, ~, "A1-Trumpet     "
2, 0, &, 0, 0, 0
2, 0, &, 0, 32, 3
2, 0, ;, 0, 56
2, 0, &, 0, 7, 115
2, 0, &, 0, 10, 64
2, 60, |, "Start of Setup by GSAE"
2, 79, &, 0, 91, 50
2, 80, &, 0, 93, 10
2, 81, &, 0, 94, 5
2, 256, |, "End of Setup by GSAE"
2, 960, {, 0, 73, 127
2, 992, {, 0, 73, 0
2, 1040, {, 0, 73, 127
2, 1072, {, 0, 73, 0
2, 1080, {, 0, 73, 127
2, 1112, {, 0, 73, 0
2, 1160, {, 0, 73, 127
2, 1192, {, 0, 73, 0
2, 1200, {, 0, 73, 127
2, 1232, {, 0, 73, 0
2, 1280, {, 0, 73, 127
2, 1312, {, 0, 73, 0
2, 1360, {, 0, 71, 127
2, 1392, {, 0, 71, 0
2, 1440, {, 0, 69, 127
2, 1920, {, 0, 69, 0
2, 1920, {, 0, 73, 127
2, 1952, {, 0, 73, 0
2, 2000, {, 0, 73, 127
2, 2032, {, 0, 73, 0
2, 2040, {, 0, 73, 127
2, 2072, {, 0, 73, 0
2, 2120, {, 0, 73, 127
2, 2152, {, 0, 73, 0
2, 2160, {, 0, 73, 127
2, 2192, {, 0, 73, 0
2, 2240, {, 0, 71, 127
2, 2272, {, 0, 71, 0
2, 2320, {, 0, 76, 127
2, 2352, {, 0, 76, 0
2, 2400, {, 0, 69, 127
2, 2880, {, 0, 69, 0
2, 2880, {, 0, 68, 100
2, 2912, {, 0, 68, 0
2, 2960, {, 0, 68, 100
2, 2992, {, 0, 68, 0
2, 3000, {, 0, 68, 100
2, 3032, {, 0, 68, 0
2, 3080, {, 0, 68, 100
2, 3112, {, 0, 68, 0
2, 3120, {, 0, 68, 100
2, 3152, {, 0, 68, 0
2, 3200, {, 0, 69, 100
2, 3232, {, 0, 69, 0
2, 3280, {, 0, 69, 100
2, 3312, {, 0, 69, 0
2, 3360, {, 0, 68, 100
2, 3392, {, 0, 68, 0
2, 3440, {, 0, 68, 100
2, 3472, {, 0, 68, 0
2, 3480, {, 0, 68, 100
2, 3512, {, 0, 68, 0
2, 3560, {, 0, 68, 100
2, 3592, {, 0, 68, 0
2, 3600, {, 0, 68, 100
2, 3632, {, 0, 68, 0
2, 3680, {, 0, 71, 100
2, 3712, {, 0, 71, 0
2, 3760, {, 0, 69, 100
2, 3792, {, 0, 69, 0
2, 3840, {, 0, 76, 120
2, 3840, {, 0, 73, 120
2, 3840, {, 0, 68, 120
2, 3872, {, 0, 68, 0
2, 3872, {, 0, 73, 0
2, 3872, {, 0, 76, 0
2, 3920, {, 0, 76, 120
2, 3920, {, 0, 73, 120
2, 3920, {, 0, 68, 120
2, 3952, {, 0, 68, 0
2, 3952, {, 0, 73, 0
2, 3952, {, 0, 76, 0
2, 3960, {, 0, 76, 120
2, 3960, {, 0, 73, 120
2, 3960, {, 0, 68, 120
2, 3992, {, 0, 68, 0
2, 3992, {, 0, 73, 0
2, 3992, {, 0, 76, 0
2, 4040, {, 0, 76, 120
2, 4040, {, 0, 73, 120
2, 4040, {, 0, 68, 120
2, 4072, {, 0, 68, 0
2, 4072, {, 0, 73, 0
2, 4072, {, 0, 76, 0
2, 4080, {, 0, 76, 120
2, 4080, {, 0, 73, 120
2, 4080, {, 0, 68, 120
2, 4112, {, 0, 68, 0
2, 4112, {, 0, 73, 0
2, 4112, {, 0, 76, 0
2, 4160, {, 0, 76, 120
2, 4160, {, 0, 73, 120
2, 4160, {, 0, 69, 120
2, 4192, {, 0, 69, 0
2, 4192, {, 0, 73, 0
2, 4192, {, 0, 76, 0
2, 4240, {, 0, 76, 120
2, 4240, {, 0, 73, 120
2, 4240, {, 0, 69, 120
2, 4272, {, 0, 69, 0
2, 4272, {, 0, 73, 0
2, 4272, {, 0, 76, 0
2, 4320, {, 0, 76, 120
2, 4320, {, 0, 73, 120
2, 4320, {, 0, 68, 120
2, 4352, {, 0, 68, 0
2, 4352, {, 0, 73, 0
2, 4352, {, 0, 76, 0
2, 4400, {, 0, 76, 120
2, 4400, {, 0, 73, 120
2, 4400, {, 0, 68, 120
2, 4432, {, 0, 68, 0
2, 4432, {, 0, 73, 0
2, 4432, {, 0, 76, 0
2, 4440, {, 0, 76, 120
2, 4440, {, 0, 73, 120
2, 4440, {, 0, 68, 120
2, 4472, {, 0, 68, 0
2, 4472, {, 0, 73, 0
2, 4472, {, 0, 76, 0
2, 4520, {, 0, 76, 120
2, 4520, {, 0, 73, 120
2, 4520, {, 0, 68, 120
2, 4552, {, 0, 68, 0
2, 4552, {, 0, 73, 0
2, 4552, {, 0, 76, 0
2, 4560, {, 0, 76, 120
2, 4560, {, 0, 73, 120
2, 4560, {, 0, 68, 120
2, 4592, {, 0, 68, 0
2, 4592, {, 0, 73, 0
2, 4592, {, 0, 76, 0
2, 4640, {, 0, 78, 120
2, 4640, {, 0, 74, 120
2, 4640, {, 0, 71, 120
2, 4672, {, 0, 71, 0
2, 4672, {, 0, 74, 0
2, 4672, {, 0, 78, 0
2, 4720, {, 0, 78, 120
2, 4720, {, 0, 74, 120
2, 4720, {, 0, 69, 120
2, 4752, {, 0, 69, 0
2, 4752, {, 0, 74, 0
2, 4752, {, 0, 78, 0
2, 6720, {, 0, 73, 115
2, 6752, {, 0, 73, 0
2, 6840, {, 0, 75, 115
2, 6872, {, 0, 75, 0
2, 6960, {, 0, 76, 115
2, 6992, {, 0, 76, 0
2, 7080, {, 0, 75, 115
2, 7112, {, 0, 75, 0
2, 7200, {, 0, 73, 115
2, 7232, {, 0, 73, 0
2, 7280, {, 0, 71, 115
2, 7312, {, 0, 71, 0
2, 7360, {, 0, 69, 115
2, 7840, {, 0, 69, 0
2, 8000, {, 0, 71, 115
2, 8032, {, 0, 71, 0
2, 8120, {, 0, 73, 115
2, 8152, {, 0, 73, 0
2, 8240, {, 0, 75, 115
2, 8272, {, 0, 75, 0
2, 8360, {, 0, 73, 115
2, 8392, {, 0, 73, 0
2, 8480, {, 0, 71, 115
2, 8512, {, 0, 71, 0
2, 8560, {, 0, 75, 115
2, 8592, {, 0, 75, 0
2, 8640, {, 0, 68, 115
2, 9120, {, 0, 68, 0
2, 9280, {, 0, 69, 115
2, 9312, {, 0, 69, 0
2, 9400, {, 0, 71, 115
2, 9432, {, 0, 71, 0
2, 9520, {, 0, 73, 115
2, 9552, {, 0, 73, 0
2, 9640, {, 0, 71, 115
2, 9672, {, 0, 71, 0
2, 9760, {, 0, 69, 115
2, 9792, {, 0, 69, 0
2, 9840, {, 0, 68, 115
2, 9872, {, 0, 68, 0
2, 9920, {, 0, 66, 115
2, 10400, {, 0, 66, 0
2, 10400, {, 0, 64, 115
2, 10560, {, 0, 64, 0
2, 10560, {, 0, 63, 115
2, 11040, {, 0, 63, 0
2, 11040, {, 0, 67, 115
2, 11200, {, 0, 67, 0
2, 11200, {, 0, 68, 115
2, 11680, {, 0, 68, 0
2, 11840, {, 0, 73, 115
2, 11872, {, 0, 73, 0
2, 11960, {, 0, 75, 115
2, 11992, {, 0, 75, 0
2, 12080, {, 0, 76, 115
2, 12112, {, 0, 76, 0
2, 12200, {, 0, 75, 115
2, 12232, {, 0, 75, 0
2, 12320, {, 0, 73, 115
2, 12352, {, 0, 73, 0
2, 12400, {, 0, 71, 115
2, 12432, {, 0, 71, 0
2, 12480, {, 0, 69, 115
2, 13040, {, 0, 69, 0
2, 13120, {, 0, 71, 115
2, 13152, {, 0, 71, 0
2, 13240, {, 0, 73, 115
2, 13272, {, 0, 73, 0
2, 13360, {, 0, 75, 115
2, 13392, {, 0, 75, 0
2, 13480, {, 0, 73, 115
2, 13512, {, 0, 73, 0
2, 13600, {, 0, 71, 115
2, 13632, {, 0, 71, 0
2, 13680, {, 0, 75, 115
2, 13712, {, 0, 75, 0
2, 13760, {, 0, 68, 115
2, 14360, {, 0, 68, 0
2, 14400, {, 0, 69, 115
2, 14432, {, 0, 69, 0
2, 14520, {, 0, 71, 115
2, 14552, {, 0, 71, 0
2, 14640, {, 0, 73, 115
2, 14672, {, 0, 73, 0
2, 14760, {, 0, 71, 115
2, 14792, {, 0, 71, 0
2, 14880, {, 0, 69, 115
2, 14912, {, 0, 69, 0
2, 14960, {, 0, 68, 115
2, 14992, {, 0, 68, 0
2, 15040, {, 0, 67, 115
2, 15640, {, 0, 67, 0
2, 15680, {, 0, 70, 115
2, 15712, {, 0, 70, 0
2, 15800, {, 0, 72, 115
2, 15832, {, 0, 72, 0
2, 15920, {, 0, 73, 115
2, 15952, {, 0, 73, 0
2, 16040, {, 0, 76, 115
2, 16072, {, 0, 76, 0
2, 16160, {, 0, 75, 115
2, 16192, {, 0, 75, 0
2, 16240, {, 0, 73, 115
2, 16272, {, 0, 73, 0
2, 16320, {, 0, 75, 115
2, 16920, {, 0, 75, 0
2, 16960, {, 0, 80, 127
2, 17074, {, 0, 80, 0
2, 17080, {, 0, 78, 127
2, 17194, {, 0, 78, 0
2, 17200, {, 0, 76, 127
2, 17314, {, 0, 76, 0
2, 17320, {, 0, 75, 127
2, 17396, {, 0, 75, 0
2, 17400, {, 0, 76, 127
2, 17438, {, 0, 76, 0
2, 17440, {, 0, 73, 127
2, 17516, {, 0, 73, 0
2, 17520, {, 0, 71, 127
2, 17596, {, 0, 71, 0
2, 17600, {, 0, 69, 127
2, 17752, {, 0, 69, 0
2, 17760, {, 0, 80, 127
2, 18720, {, 0, 80, 0
2, 24640, {, 0, 68, 100
2, 24672, {, 0, 68, 0
2, 24720, {, 0, 68, 100
2, 24752, {, 0, 68, 0
2, 24760, {, 0, 68, 100
2, 24792, {, 0, 68, 0
2, 24840, {, 0, 68, 100
2, 24872, {, 0, 68, 0
2, 24880, {, 0, 68, 100
2, 24912, {, 0, 68, 0
2, 24960, {, 0, 69, 100
2, 24992, {, 0, 69, 0
2, 25040, {, 0, 69, 100
2, 25072, {, 0, 69, 0
2, 25120, {, 0, 68, 100
2, 25152, {, 0, 68, 0
2, 25200, {, 0, 68, 100
2, 25232, {, 0, 68, 0
2, 25240, {, 0, 68, 100
2, 25272, {, 0, 68, 0
2, 25320, {, 0, 68, 100
2, 25352, {, 0, 68, 0
2, 25360, {, 0, 68, 100
2, 25392, {, 0, 68, 0
2, 25440, {, 0, 71, 100
2, 25472, {, 0, 71, 0
2, 25520, {, 0, 69, 100
2, 25552, {, 0, 69, 0
2, 25600, {, 0, 76, 120
2, 25600, {, 0, 73, 120
2, 25600, {, 0, 68, 120
2, 25632, {, 0, 68, 0
2, 25632, {, 0, 73, 0
2, 25632, {, 0, 76, 0
2, 25680, {, 0, 76, 120
2, 25680, {, 0, 73, 120
2, 25680, {, 0, 68, 120
2, 25712, {, 0, 68, 0
2, 25712, {, 0, 73, 0
2, 25712, {, 0, 76, 0
2, 25720, {, 0, 76, 120
2, 25720, {, 0, 73, 120
2, 25720, {, 0, 68, 120
2, 25752, {, 0, 68, 0
2, 25752, {, 0, 73, 0
2, 25752, {, 0, 76, 0
2, 25800, {, 0, 76, 120
2, 25800, {, 0, 73, 120
2, 25800, {, 0, 68, 120
2, 25832, {, 0, 68, 0
2, 25832, {, 0, 73, 0
2, 25832, {, 0, 76, 0
2, 25840, {, 0, 76, 120
2, 25840, {, 0, 73, 120
2, 25840, {, 0, 68, 120
2, 25872, {, 0, 68, 0
2, 25872, {, 0, 73, 0
2, 25872, {, 0, 76, 0
2, 25920, {, 0, 76, 120
2, 25920, {, 0, 73, 120
2, 25920, {, 0, 69, 120
2, 25952, {, 0, 69, 0
2, 25952, {, 0, 73, 0
2, 25952, {, 0, 76, 0
2, 26000, {, 0, 76, 120
2, 26000, {, 0, 73, 120
2, 26000, {, 0, 69, 120
2, 26032, {, 0, 69, 0
2, 26032, {, 0, 73, 0
2, 26032, {, 0, 76, 0
2, 26080, {, 0, 76, 120
2, 26080, {, 0, 73, 120
2, 26080, {, 0, 68, 120
2, 26112, {, 0, 68, 0
2, 26112, {, 0, 73, 0
2, 26112, {, 0, 76, 0
2, 26160, {, 0, 76, 120
2, 26160, {, 0, 73, 120
2, 26160, {, 0, 68, 120
2, 26192, {, 0, 68, 0
2, 26192, {, 0, 73, 0
2, 26192, {, 0, 76, 0
2, 26200, {, 0, 76, 120
2, 26200, {, 0, 73, 120
2, 26200, {, 0, 68, 120
2, 26232, {, 0, 68, 0
2, 26232, {, 0, 73, 0
2, 26232, {, 0, 76, 0
2, 26280, {, 0, 76, 120
2, 26280, {, 0, 73, 120
2, 26280, {, 0, 68, 120
2, 26312, {, 0, 68, 0
2, 26312, {, 0, 73, 0
2, 26312, {, 0, 76, 0
2, 26320, {, 0, 76, 120
2, 26320, {, 0, 73, 120
2, 26320, {, 0, 68, 120
2, 26352, {, 0, 68, 0
2, 26352, {, 0, 73, 0
2, 26352, {, 0, 76, 0
2, 26400, {, 0, 78, 120
2, 26400, {, 0, 74, 120
2, 26400, {, 0, 71, 120
2, 26432, {, 0, 71, 0
2, 26432, {, 0, 74, 0
2, 26432, {, 0, 78, 0
2, 26480, {, 0, 78, 120
2, 26480, {, 0, 74, 120
2, 26480, {, 0, 69, 120
2, 26512, {, 0, 69, 0
2, 26512, {, 0, 74, 0
2, 26512, {, 0, 78, 0
2, 28480, {, 0, 73, 115
2, 28512, {, 0, 73, 0
2, 28600, {, 0, 75, 115
2, 28632, {, 0, 75, 0
2, 28720, {, 0, 76, 115
2, 28752, {, 0, 76, 0
2, 28840, {, 0, 75, 115
2, 28872, {, 0, 75, 0
2, 28960, {, 0, 73, 115
2, 28992, {, 0, 73, 0
2, 29040, {, 0, 71, 115
2, 29072, {, 0, 71, 0
2, 29120, {, 0, 69, 115
2, 29600, {, 0, 69, 0
2, 29760, {, 0, 71, 115
2, 29792, {, 0, 71, 0
2, 29880, {, 0, 73, 115
2, 29912, {, 0, 73, 0
2, 30000, {, 0, 75, 115
2, 30032, {, 0, 75, 0
2, 30120, {, 0, 73, 115
2, 30152, {, 0, 73, 0
2, 30240, {, 0, 71, 115
2, 30272, {, 0, 71, 0
2, 30320, {, 0, 75, 115
2, 30352, {, 0, 75, 0
2, 30400, {, 0, 68, 115
2, 30880, {, 0, 68, 0
2, 31040, {, 0, 69, 115
2, 31072, {, 0, 69, 0
2, 31160, {, 0, 71, 115
2, 31192, {, 0, 71, 0
2, 31280, {, 0, 73, 115
2, 31312, {, 0, 73, 0
2, 31400, {, 0, 71, 115
2, 31432, {, 0, 71, 0
2, 31520, {, 0, 69, 115
2, 31552, {, 0, 69, 0
2, 31600, {, 0, 68, 115
2, 31632, {, 0, 68, 0
2, 31680, {, 0, 66, 115
2, 32160, {, 0, 66, 0
2, 32160, {, 0, 64, 115
2, 32320, {, 0, 64, 0
2, 32320, {, 0, 63, 115
2, 32800, {, 0, 63, 0
2, 32800, {, 0, 67, 115
2, 32960, {, 0, 67, 0
2, 32960, {, 0, 68, 115
2, 33440, {, 0, 68, 0
2, 33600, {, 0, 73, 115
2, 33632, {, 0, 73, 0
2, 33720, {, 0, 75, 115
2, 33752, {, 0, 75, 0
2, 33840, {, 0, 76, 115
2, 33872, {, 0, 76, 0
2, 33960, {, 0, 75, 115
2, 33992, {, 0, 75, 0
2, 34080, {, 0, 73, 115
2, 34112, {, 0, 73, 0
2, 34160, {, 0, 71, 115
2, 34192, {, 0, 71, 0
2, 34240, {, 0, 69, 115
2, 34800, {, 0, 69, 0
2, 34880, {, 0, 71, 115
2, 34912, {, 0, 71, 0
2, 35000, {, 0, 73, 115
2, 35032, {, 0, 73, 0
2, 35120, {, 0, 75, 115
2, 35152, {, 0, 75, 0
2, 35240, {, 0, 73, 115
2, 35272, {, 0, 73, 0
2, 35360, {, 0, 71, 115
2, 35392, {, 0, 71, 0
2, 35440, {, 0, 75, 115
2, 35472, {, 0, 75, 0
2, 35520, {, 0, 68, 115
2, 36120, {, 0, 68, 0
2, 36160, {, 0, 69, 115
2, 36192, {, 0, 69, 0
2, 36280, {, 0, 71, 115
2, 36312, {, 0, 71, 0
2, 36400, {, 0, 73, 115
2, 36432, {, 0, 73, 0
2, 36520, {, 0, 71, 115
2, 36552, {, 0, 71, 0
2, 36640, {, 0, 69, 115
2, 36672, {, 0, 69, 0
2, 36720, {, 0, 68, 115
2, 36752, {, 0, 68, 0
2, 36800, {, 0, 67, 115
2, 37400, {, 0, 67, 0
2, 37440, {, 0, 70, 115
2, 37472, {, 0, 70, 0
2, 37560, {, 0, 72, 115
2, 37592, {, 0, 72, 0
2, 37680, {, 0, 73, 115
2, 37712, {, 0, 73, 0
2, 37800, {, 0, 76, 115
2, 37832, {, 0, 76, 0
2, 37920, {, 0, 75, 115
2, 37952, {, 0, 75, 0
2, 38000, {, 0, 73, 115
2, 38032, {, 0, 73, 0
2, 38080, {, 0, 75, 115
2, 38680, {, 0, 75, 0
2, 38720, {, 0, 80, 127
2, 38834, {, 0, 80, 0
2, 38840, {, 0, 78, 127
2, 38954, {, 0, 78, 0
2, 38960, {, 0, 76, 127
2, 39074, {, 0, 76, 0
2, 39080, {, 0, 75, 127
2, 39156, {, 0, 75, 0
2, 39160, {, 0, 76, 127
2, 39198, {, 0, 76, 0
2, 39200, {, 0, 73, 127
2, 39276, {, 0, 73, 0
2, 39280, {, 0, 71, 127
2, 39356, {, 0, 71, 0
2, 39360, {, 0, 69, 127
2, 39512, {, 0, 69, 0
2, 39520, {, 0, 80, 127
2, 40480, {, 0, 80, 0
2, 47640, {, 0, 67, 100
2, 47694, {, 0, 67, 0
2, 47820, {, 0, 68, 100
2, 47874, {, 0, 68, 0
2, 48000, {, 0, 65, 100
2, 48054, {, 0, 65, 0
2, 48180, {, 0, 67, 100
2, 48234, {, 0, 67, 0
2, 48300, {, 0, 68, 100
2, 48354, {, 0, 68, 0
2, 48360, {, 0, 67, 100
2, 48414, {, 0, 67, 0
2, 48480, &, 0, 11, 127
2, 48480, {, 0, 65, 100
2, 48500, &, 0, 11, 126
2, 48520, &, 0, 11, 125
2, 48540, &, 0, 11, 124
2, 48550, &, 0, 11, 123
2, 48570, &, 0, 11, 122
2, 48588, {, 0, 65, 0
2, 48590, &, 0, 11, 121
2, 48600, &, 0, 11, 120
2, 48600, {, 0, 67, 100
2, 48620, &, 0, 11, 119
2, 48640, &, 0, 11, 118
2, 48650, &, 0, 11, 117
2, 48654, {, 0, 67, 0
2, 48670, &, 0, 11, 116
2, 48690, &, 0, 11, 115
2, 48700, &, 0, 11, 114
2, 48720, &, 0, 11, 113
2, 48740, &, 0, 11, 112
2, 48750, &, 0, 11, 111
2, 48770, &, 0, 11, 110
2, 48780, {, 0, 68, 100
2, 48790, &, 0, 11, 109
2, 48800, &, 0, 11, 108
2, 48820, &, 0, 11, 107
2, 48834, {, 0, 68, 0
2, 48840, &, 0, 11, 106
2, 48850, &, 0, 11, 105
2, 48870, &, 0, 11, 104
2, 48890, &, 0, 11, 103
2, 48900, &, 0, 11, 102
2, 48920, &, 0, 11, 101
2, 48940, &, 0, 11, 100
2, 48950, &, 0, 11, 99
2, 48960, {, 0, 65, 100
2, 48970, &, 0, 11, 98
2, 48990, &, 0, 11, 97
2, 49000, &, 0, 11, 96
2, 49014, {, 0, 65, 0
2, 49020, &, 0, 11, 95
2, 49040, &, 0, 11, 94
2, 49060, &, 0, 11, 93
2, 49070, &, 0, 11, 92
2, 49090, &, 0, 11, 91
2, 49110, &, 0, 11, 90
2, 49120, &, 0, 11, 89
2, 49140, &, 0, 11, 88
2, 49140, {, 0, 67, 100
2, 49160, &, 0, 11, 87
2, 49170, &, 0, 11, 86
2, 49190, &, 0, 11, 85
2, 49194, {, 0, 67, 0
2, 49210, &, 0, 11, 84
2, 49220, &, 0, 11, 83
2, 49240, &, 0, 11, 82
2, 49260, &, 0, 11, 81
2, 49260, {, 0, 68, 100
2, 49270, &, 0, 11, 80
2, 49290, &, 0, 11, 79
2, 49310, &, 0, 11, 78
2, 49314, {, 0, 68, 0
2, 49320, &, 0, 11, 77
2, 49320, {, 0, 67, 100
2, 49340, &, 0, 11, 76
2, 49360, &, 0, 11, 75
2, 49370, &, 0, 11, 74
2, 49374, {, 0, 67, 0
2, 49390, &, 0, 11, 73
2, 49410, &, 0, 11, 72
2, 49420, &, 0, 11, 71
2, 49440, &, 0, 11, 70
2, 49440, {, 0, 65, 100
2, 49460, &, 0, 11, 69
2, 49470, &, 0, 11, 68
2, 49490, &, 0, 11, 67
2, 49510, &, 0, 11, 66
2, 49520, &, 0, 11, 65
2, 49540, &, 0, 11, 64
2, 49548, {, 0, 65, 0
2, 49560, &, 0, 11, 63
2, 49560, {, 0, 67, 100
2, 49580, &, 0, 11, 62
2, 49590, &, 0, 11, 61
2, 49610, &, 0, 11, 60
2, 49614, {, 0, 67, 0
2, 49630, &, 0, 11, 59
2, 49640, &, 0, 11, 58
2, 49660, &, 0, 11, 57
2, 49680, &, 0, 11, 56
2, 49690, &, 0, 11, 55
2, 49710, &, 0, 11, 54
2, 49730, &, 0, 11, 53
2, 49740, &, 0, 11, 52
2, 49740, {, 0, 68, 100
2, 49760, &, 0, 11, 51
2, 49780, &, 0, 11, 50
2, 49790, &, 0, 11, 49
2, 49794, {, 0, 68, 0
2, 49810, &, 0, 11, 48
2, 49830, &, 0, 11, 47
2, 49840, &, 0, 11, 46
2, 49860, &, 0, 11, 45
2, 49880, &, 0, 11, 44
2, 49890, &, 0, 11, 43
2, 49910, &, 0, 11, 42
2, 49920, {, 0, 65, 100
2, 49930, &, 0, 11, 41
2, 49940, &, 0, 11, 40
2, 49960, &, 0, 11, 39
2, 49974, {, 0, 65, 0
2, 49980, &, 0, 11, 38
2, 49990, &, 0, 11, 37
2, 50010, &, 0, 11, 36
2, 50030, &, 0, 11, 35
2, 50040, &, 0, 11, 34
2, 50060, &, 0, 11, 33
2, 50080, &, 0, 11, 32
2, 50100, &, 0, 11, 31
2, 50100, {, 0, 67, 100
2, 50110, &, 0, 11, 30
2, 50130, &, 0, 11, 29
2, 50150, &, 0, 11, 28
2, 50154, {, 0, 67, 0
2, 50160, &, 0, 11, 27
2, 50180, &, 0, 11, 26
2, 50200, &, 0, 11, 25
2, 50210, &, 0, 11, 24
2, 50220, {, 0, 68, 100
2, 50230, &, 0, 11, 23
2, 50250, &, 0, 11, 22
2, 50260, &, 0, 11, 21
2, 50274, {, 0, 68, 0
2, 50280, &, 0, 11, 20
2, 50280, {, 0, 67, 100
2, 50300, &, 0, 11, 19
2, 50310, &, 0, 11, 18
2, 50330, &, 0, 11, 17
2, 50334, {, 0, 67, 0
2, 50350, &, 0, 11, 16
2, 50360, &, 0, 11, 15
2, 50380, &, 0, 11, 14
2, 50400, &, 0, 11, 13
2, 50400, {, 0, 65, 100
2, 50410, &, 0, 11, 12
2, 50430, &, 0, 11, 11
2, 50450, &, 0, 11, 10
2, 50460, &, 0, 11, 9
2, 50480, &, 0, 11, 8
2, 50500, &, 0, 11, 7
2, 50508, {, 0, 65, 0
2, 50510, &, 0, 11, 6
2, 50530, &, 0, 11, 5
2, 50550, &, 0, 11, 4
2, 50560, &, 0, 11, 3
2, 50580, &, 0, 11, 2
2, 50600, &, 0, 11, 1
2, 50610, &, 0, 11, 0
2, 50610, \
3, 0, /
3, 0, ~, "A2-Trombone    "
3, 0, &, 1, 0, 0
3, 0, &, 1, 32, 1
3, 0, ;, 1, 57
3, 0, &, 1, 7, 115
3, 0, &, 1, 10, 64
3, 89, &, 1, 91, 50
3, 90, &, 1, 93, 10
3, 91, &, 1, 94, 5
3, 960, {, 1, 68, 110
3, 992, {, 1, 68, 0
3, 1040, {, 1, 68, 110
3, 1072, {, 1, 68, 0
3, 1080, {, 1, 68, 110
3, 1112, {, 1, 68, 0
3, 1160, {, 1, 68, 110
3, 1192, {, 1, 68, 0
3, 1200, {, 1, 68, 110
3, 1232, {, 1, 68, 0
3, 1280, {, 1, 68, 110
3, 1312, {, 1, 68, 0
3, 1360, {, 1, 68, 110
3, 1392, {, 1, 68, 0
3, 1440, {, 1, 64, 110
3, 1920, {, 1, 64, 0
3, 1920, {, 1, 66, 110
3, 1952, {, 1, 66, 0
3, 2000, {, 1, 66, 110
3, 2032, {, 1, 66, 0
3, 2040, {, 1, 66, 110
3, 2072, {, 1, 66, 0
3, 2120, {, 1, 66, 110
3, 2152, {, 1, 66, 0
3, 2160, {, 1, 66, 110
3, 2192, {, 1, 66, 0
3, 2240, {, 1, 64, 110
3, 2272, {, 1, 64, 0
3, 2320, {, 1, 69, 110
3, 2352, {, 1, 69, 0
3, 2400, {, 1, 62, 110
3, 2880, {, 1, 62, 0
3, 2880, {, 1, 61, 110
3, 2912, {, 1, 61, 0
3, 2960, {, 1, 61, 110
3, 2992, {, 1, 61, 0
3, 3000, {, 1, 61, 110
3, 3032, {, 1, 61, 0
3, 3080, {, 1, 61, 110
3, 3112, {, 1, 61, 0
3, 3120, {, 1, 61, 110
3, 3152, {, 1, 61, 0
3, 3200, {, 1, 61, 110
3, 3232, {, 1, 61, 0
3, 3280, {, 1, 61, 110
3, 3312, {, 1, 61, 0
3, 3360, {, 1, 61, 110
3, 3392, {, 1, 61, 0
3, 3440, {, 1, 61, 110
3, 3472, {, 1, 61, 0
3, 3480, {, 1, 61, 110
3, 3512, {, 1, 61, 0
3, 3560, {, 1, 61, 110
3, 3592, {, 1, 61, 0
3, 3600, {, 1, 61, 110
3, 3632, {, 1, 61, 0
3, 3680, {, 1, 62, 110
3, 3712, {, 1, 62, 0
3, 3760, {, 1, 62, 110
3, 3792, {, 1, 62, 0
3, 3840, {, 1, 61, 120
3, 3872, {, 1, 61, 0
3, 3920, {, 1, 61, 120
3, 3952, {, 1, 61, 0
3, 3960, {, 1, 61, 120
3, 3992, {, 1, 61, 0
3, 4040, {, 1, 61, 120
3, 4072, {, 1, 61, 0
3, 4080, {, 1, 61, 120
3, 4112, {, 1, 61, 0
3, 4160, {, 1, 61, 120
3, 4192, {, 1, 61, 0
3, 4240, {, 1, 61, 120
3, 4272, {, 1, 61, 0
3, 4320, {, 1, 61, 120
3, 4352, {, 1, 61, 0
3, 4400, {, 1, 61, 120
3, 4432, {, 1, 61, 0
3, 4440, {, 1, 61, 120
3, 4472, {, 1, 61, 0
3, 4520, {, 1, 61, 120
3, 4552, {, 1, 61, 0
3, 4560, {, 1, 61, 120
3, 4592, {, 1, 61, 0
3, 4640, {, 1, 62, 120
3, 4672, {, 1, 62, 0
3, 4720, {, 1, 62, 120
3, 4752, {, 1, 62, 0
3, 6720, {, 1, 64, 110
3, 6752, {, 1, 64, 0
3, 6840, {, 1, 66, 110
3, 6872, {, 1, 66, 0
3, 6960, {, 1, 68, 110
3, 6992, {, 1, 68, 0
3, 7080, {, 1, 66, 110
3, 7112, {, 1, 66, 0
3, 7200, {, 1, 64, 110
3, 7232, {, 1, 64, 0
3, 7280, {, 1, 63, 110
3, 7312, {, 1, 63, 0
3, 7360, {, 1, 61, 110
3, 7840, {, 1, 61, 0
3, 8000, {, 1, 63, 110
3, 8032, {, 1, 63, 0
3, 8120, {, 1, 64, 110
3, 8152, {, 1, 64, 0
3, 8240, {, 1, 66, 110
3, 8272, {, 1, 66, 0
3, 8360, {, 1, 64, 110
3, 8392, {, 1, 64, 0
3, 8480, {, 1, 63, 110
3, 8512, {, 1, 63, 0
3, 8560, {, 1, 66, 110
3, 8592, {, 1, 66, 0
3, 8640, {, 1, 64, 110
3, 9120, {, 1, 64, 0
3, 9280, {, 1, 61, 110
3, 9312, {, 1, 61, 0
3, 9400, {, 1, 63, 110
3, 9432, {, 1, 63, 0
3, 9520, {, 1, 64, 110
3, 9552, {, 1, 64, 0
3, 9640, {, 1, 63, 110
3, 9672, {, 1, 63, 0
3, 9760, {, 1, 61, 110
3, 9792, {, 1, 61, 0
3, 9840, {, 1, 59, 110
3, 9872, {, 1, 59, 0
3, 9920, {, 1, 58, 110
3, 10400, {, 1, 58, 0
3, 10400, {, 1, 56, 110
3, 10560, {, 1, 56, 0
3, 10560, {, 1, 55, 110
3, 11040, {, 1, 55, 0
3, 11040, {, 1, 49, 110
3, 11200, {, 1, 49, 0
3, 11200, {, 1, 48, 110
3, 11680, {, 1, 48, 0
3, 16960, {, 1, 68, 100
3, 17080, {, 1, 68, 0
3, 17080, {, 1, 69, 100
3, 17200, {, 1, 69, 0
3, 17200, {, 1, 70, 100
3, 17320, {, 1, 70, 0
3, 17320, {, 1, 69, 100
3, 17440, {, 1, 69, 0
3, 17440, {, 1, 68, 100
3, 17520, {, 1, 68, 0
3, 17520, {, 1, 66, 100
3, 17600, {, 1, 66, 0
3, 17600, {, 1, 64, 100
3, 18840, {, 1, 64, 0
3, 18880, {, 1, 66, 100
3, 19000, {, 1, 66, 0
3, 19000, {, 1, 68, 100
3, 19120, {, 1, 68, 0
3, 19120, {, 1, 69, 100
3, 19240, {, 1, 69, 0
3, 19240, {, 1, 68, 100
3, 19360, {, 1, 68, 0
3, 19360, {, 1, 66, 100
3, 19440, {, 1, 66, 0
3, 19440, {, 1, 63, 100
3, 19520, {, 1, 63, 0
3, 19520, {, 1, 64, 100
3, 20800, {, 1, 64, 0
3, 20800, {, 1, 57, 100
3, 21440, {, 1, 57, 0
3, 21440, {, 1, 59, 100
3, 22080, {, 1, 59, 0
3, 24640, {, 1, 61, 110
3, 24672, {, 1, 61, 0
3, 24720, {, 1, 61, 110
3, 24752, {, 1, 61, 0
3, 24760, {, 1, 61, 110
3, 24792, {, 1, 61, 0
3, 24840, {, 1, 61, 110
3, 24872, {, 1, 61, 0
3, 24880, {, 1, 61, 110
3, 24912, {, 1, 61, 0
3, 24960, {, 1, 61, 110
3, 24992, {, 1, 61, 0
3, 25040, {, 1, 61, 110
3, 25072, {, 1, 61, 0
3, 25120, {, 1, 61, 110
3, 25152, {, 1, 61, 0
3, 25200, {, 1, 61, 110
3, 25232, {, 1, 61, 0
3, 25240, {, 1, 61, 110
3, 25272, {, 1, 61, 0
3, 25320, {, 1, 61, 110
3, 25352, {, 1, 61, 0
3, 25360, {, 1, 61, 110
3, 25392, {, 1, 61, 0
3, 25440, {, 1, 62, 110
3, 25472, {, 1, 62, 0
3, 25520, {, 1, 62, 110
3, 25552, {, 1, 62, 0
3, 25600, {, 1, 61, 120
3, 25632, {, 1, 61, 0
3, 25680, {, 1, 61, 120
3, 25712, {, 1, 61, 0
3, 25720, {, 1, 61, 120
3, 25752, {, 1, 61, 0
3, 25800, {, 1, 61, 120
3, 25832, {, 1, 61, 0
3, 25840, {, 1, 61, 120
3, 25872, {, 1, 61, 0
3, 25920, {, 1, 61, 120
3, 25952, {, 1, 61, 0
3, 26000, {, 1, 61, 120
3, 26032, {, 1, 61, 0
3, 26080, {, 1, 61, 120
3, 26112, {, 1, 61, 0
3, 26160, {, 1, 61, 120
3, 26192, {, 1, 61, 0
3, 26200, {, 1, 61, 120
3, 26232, {, 1, 61, 0
3, 26280, {, 1, 61, 120
3, 26312, {, 1, 61, 0
3, 26320, {, 1, 61, 120
3, 26352, {, 1, 61, 0
3, 26400, {, 1, 62, 120
3, 26432, {, 1, 62, 0
3, 26480, {, 1, 62, 120
3, 26512, {, 1, 62, 0
3, 28480, {, 1, 64, 110
3, 28512, {, 1, 64, 0
3, 28600, {, 1, 66, 110
3, 28632, {, 1, 66, 0
3, 28720, {, 1, 68, 110
3, 28752, {, 1, 68, 0
3, 28840, {, 1, 66, 110
3, 28872, {, 1, 66, 0
3, 28960, {, 1, 64, 110
3, 28992, {, 1, 64, 0
3, 29040, {, 1, 63, 110
3, 29072, {, 1, 63, 0
3, 29120, {, 1, 61, 110
3, 29600, {, 1, 61, 0
3, 29760, {, 1, 63, 110
3, 29792, {, 1, 63, 0
3, 29880, {, 1, 64, 110
3, 29912, {, 1, 64, 0
3, 30000, {, 1, 66, 110
3, 30032, {, 1, 66, 0
3, 30120, {, 1, 64, 110
3, 30152, {, 1, 64, 0
3, 30240, {, 1, 63, 110
3, 30272, {, 1, 63, 0
3, 30320, {, 1, 66, 110
3, 30352, {, 1, 66, 0
3, 30400, {, 1, 64, 110
3, 30880, {, 1, 64, 0
3, 31040, {, 1, 61, 110
3, 31072, {, 1, 61, 0
3, 31160, {, 1, 63, 110
3, 31192, {, 1, 63, 0
3, 31280, {, 1, 64, 110
3, 31312, {, 1, 64, 0
3, 31400, {, 1, 63, 110
3, 31432, {, 1, 63, 0
3, 31520, {, 1, 61, 110
3, 31552, {, 1, 61, 0
3, 31600, {, 1, 59, 110
3, 31632, {, 1, 59, 0
3, 31680, {, 1, 58, 110
3, 32160, {, 1, 58, 0
3, 32160, {, 1, 56, 110
3, 32320, {, 1, 56, 0
3, 32320, {, 1, 55, 110
3, 32800, {, 1, 55, 0
3, 32800, {, 1, 49, 110
3, 32960, {, 1, 49, 0
3, 32960, {, 1, 48, 110
3, 33440, {, 1, 48, 0
3, 38720, {, 1, 68, 100
3, 38840, {, 1, 68, 0
3, 38840, {, 1, 69, 100
3, 38960, {, 1, 69, 0
3, 38960, {, 1, 70, 100
3, 39080, {, 1, 70, 0
3, 39080, {, 1, 69, 100
3, 39200, {, 1, 69, 0
3, 39200, {, 1, 68, 100
3, 39280, {, 1, 68, 0
3, 39280, {, 1, 66, 100
3, 39360, {, 1, 66, 0
3, 39360, {, 1, 64, 100
3, 40600, {, 1, 64, 0
3, 40640, {, 1, 66, 100
3, 40760, {, 1, 66, 0
3, 40760, {, 1, 68, 100
3, 40880, {, 1, 68, 0
3, 40880, {, 1, 69, 100
3, 41000, {, 1, 69, 0
3, 41000, {, 1, 68, 100
3, 41120, {, 1, 68, 0
3, 41120, {, 1, 66, 100
3, 41200, {, 1, 66, 0
3, 41200, {, 1, 63, 100
3, 41280, {, 1, 63, 0
3, 41280, {, 1, 64, 100
3, 42560, {, 1, 64, 0
3, 42560, {, 1, 57, 100
3, 43200, {, 1, 57, 0
3, 43200, {, 1, 59, 100
3, 43840, {, 1, 59, 0
3, 43840, \
4, 0, /
4, 0, ~, "A3-French Horns"
4, 0, &, 2, 0, 0
4, 0, &, 2, 32, 3
4, 0, ;, 2, 60
4, 0, &, 2, 7, 100
4, 0, &, 2, 10, 22
4, 99, &, 2, 91, 60
4, 100, &, 2, 93, 10
4, 1440, {, 2, 64, 99
4, 1554, {, 2, 64, 0
4, 1560, {, 2, 63, 99
4, 1674, {, 2, 63, 0
4, 1680, {, 2, 61, 99
4, 1794, {, 2, 61, 0
4, 1800, {, 2, 59, 99
4, 1914, {, 2, 59, 0
4, 1920, {, 2, 57, 99
4, 2400, {, 2, 57, 0
4, 2400, {, 2, 69, 99
4, 2514, {, 2, 69, 0
4, 2520, {, 2, 68, 99
4, 2634, {, 2, 68, 0
4, 2640, {, 2, 66, 99
4, 2754, {, 2, 66, 0
4, 2760, {, 2, 64, 99
4, 2874, {, 2, 64, 0
4, 7360, {, 2, 61, 100
4, 7480, {, 2, 61, 0
4, 7480, {, 2, 59, 100
4, 7520, {, 2, 59, 0
4, 7520, {, 2, 57, 100
4, 7840, {, 2, 57, 0
4, 7840, {, 2, 56, 100
4, 8000, {, 2, 56, 0
4, 8000, {, 2, 54, 100
4, 8040, {, 2, 54, 0
4, 8120, {, 2, 54, 100
4, 8160, {, 2, 54, 0
4, 8240, {, 2, 54, 100
4, 8280, {, 2, 54, 0
4, 8360, {, 2, 54, 100
4, 8400, {, 2, 54, 0
4, 8480, {, 2, 54, 100
4, 8520, {, 2, 54, 0
4, 8560, {, 2, 54, 100
4, 8600, {, 2, 54, 0
4, 8640, {, 2, 57, 100
4, 8800, {, 2, 57, 0
4, 8800, {, 2, 56, 100
4, 8960, {, 2, 59, 100
4, 9120, {, 2, 56, 0
4, 9120, {, 2, 54, 100
4, 9280, {, 2, 54, 0
4, 9280, {, 2, 59, 0
4, 9280, {, 2, 52, 100
4, 9320, {, 2, 52, 0
4, 9400, {, 2, 52, 100
4, 9440, {, 2, 52, 0
4, 9520, {, 2, 52, 100
4, 9560, {, 2, 52, 0
4, 9640, {, 2, 52, 100
4, 9680, {, 2, 52, 0
4, 9760, {, 2, 52, 100
4, 9800, {, 2, 52, 0
4, 9840, {, 2, 52, 100
4, 9880, {, 2, 52, 0
4, 9920, {, 2, 54, 100
4, 9920, {, 2, 58, 100
4, 10400, {, 2, 58, 0
4, 10400, {, 2, 54, 0
4, 10400, {, 2, 54, 100
4, 10400, {, 2, 58, 100
4, 10560, {, 2, 58, 0
4, 10560, {, 2, 54, 0
4, 10560, {, 2, 51, 100
4, 10560, {, 2, 58, 100
4, 11040, {, 2, 58, 0
4, 11040, {, 2, 51, 0
4, 11040, {, 2, 49, 100
4, 11040, {, 2, 58, 100
4, 11200, {, 2, 58, 0
4, 11200, {, 2, 49, 0
4, 11200, {, 2, 48, 100
4, 11200, {, 2, 56, 100
4, 11834, {, 2, 56, 0
4, 11834, {, 2, 48, 0
4, 18880, {, 2, 66, 105
4, 19000, {, 2, 66, 0
4, 19000, {, 2, 64, 105
4, 19120, {, 2, 64, 0
4, 19120, {, 2, 63, 105
4, 19240, {, 2, 63, 0
4, 19240, {, 2, 61, 105
4, 19320, {, 2, 61, 0
4, 19320, {, 2, 63, 105
4, 19360, {, 2, 63, 0
4, 19360, {, 2, 59, 105
4, 19440, {, 2, 59, 0
4, 19440, {, 2, 57, 105
4, 19520, {, 2, 57, 0
4, 19520, {, 2, 56, 105
4, 19680, {, 2, 56, 0
4, 19680, {, 2, 66, 105
4, 20640, {, 2, 66, 0
4, 29120, {, 2, 61, 100
4, 29240, {, 2, 61, 0
4, 29240, {, 2, 59, 100
4, 29280, {, 2, 59, 0
4, 29280, {, 2, 57, 100
4, 29600, {, 2, 57, 0
4, 29600, {, 2, 56, 100
4, 29760, {, 2, 56, 0
4, 29760, {, 2, 54, 100
4, 29800, {, 2, 54, 0
4, 29880, {, 2, 54, 100
4, 29920, {, 2, 54, 0
4, 30000, {, 2, 54, 100
4, 30040, {, 2, 54, 0
4, 30120, {, 2, 54, 100
4, 30160, {, 2, 54, 0
4, 30240, {, 2, 54, 100
4, 30280, {, 2, 54, 0
4, 30320, {, 2, 54, 100
4, 30360, {, 2, 54, 0
4, 30400, {, 2, 57, 100
4, 30560, {, 2, 57, 0
4, 30560, {, 2, 56, 100
4, 30720, {, 2, 59, 100
4, 30880, {, 2, 56, 0
4, 30880, {, 2, 54, 100
4, 31040, {, 2, 54, 0
4, 31040, {, 2, 59, 0
4, 31040, {, 2, 52, 100
4, 31080, {, 2, 52, 0
4, 31160, {, 2, 52, 100
4, 31200, {, 2, 52, 0
4, 31280, {, 2, 52, 100
4, 31320, {, 2, 52, 0
4, 31400, {, 2, 52, 100
4, 31440, {, 2, 52, 0
4, 31520, {, 2, 52, 100
4, 31560, {, 2, 52, 0
4, 31600, {, 2, 52, 100
4, 31640, {, 2, 52, 0
4, 31680, {, 2, 54, 100
4, 31680, {, 2, 58, 100
4, 32160, {, 2, 58, 0
4, 32160, {, 2, 54, 0
4, 32160, {, 2, 54, 100
4, 32160, {, 2, 58, 100
4, 32320, {, 2, 58, 0
4, 32320, {, 2, 54, 0
4, 32320, {, 2, 51, 100
4, 32320, {, 2, 58, 100
4, 32800, {, 2, 58, 0
4, 32800, {, 2, 51, 0
4, 32800, {, 2, 49, 100
4, 32800, {, 2, 58, 100
4, 32960, {, 2, 58, 0
4, 32960, {, 2, 49, 0
4, 32960, {, 2, 48, 100
4, 32960, {, 2, 56, 100
4, 33594, {, 2, 56, 0
4, 33594, {, 2, 48, 0
4, 40640, {, 2, 66, 105
4, 40760, {, 2, 66, 0
4, 40760, {, 2, 64, 105
4, 40880, {, 2, 64, 0
4, 40880, {, 2, 63, 105
4, 41000, {, 2, 63, 0
4, 41000, {, 2, 61, 105
4, 41080, {, 2, 61, 0
4, 41080, {, 2, 63, 105
4, 41120, {, 2, 63, 0
4, 41120, {, 2, 59, 105
4, 41200, {, 2, 59, 0
4, 41200, {, 2, 57, 105
4, 41280, {, 2, 57, 0
4, 41280, {, 2, 56, 105
4, 41440, {, 2, 56, 0
4, 41440, {, 2, 66, 105
4, 42400, {, 2, 66, 0
4, 46680, {, 2, 60, 105
4, 46710, {, 2, 60, 0
4, 46720, {, 2, 60, 105
4, 46750, {, 2, 60, 0
4, 46760, {, 2, 58, 105
4, 46790, {, 2, 58, 0
4, 46800, {, 2, 60, 105
4, 46914, {, 2, 60, 0
4, 46920, {, 2, 56, 105
4, 47034, {, 2, 56, 0
4, 47040, {, 2, 55, 105
4, 47154, {, 2, 55, 0
4, 47160, {, 2, 55, 105
4, 47192, {, 2, 55, 0
4, 47240, {, 2, 55, 105
4, 47272, {, 2, 55, 0
4, 47280, {, 2, 55, 105
4, 47640, {, 2, 55, 0
4, 47640, {, 2, 58, 105
4, 47689, {, 2, 58, 0
4, 47820, {, 2, 58, 105
4, 47869, {, 2, 58, 0
4, 48000, {, 2, 58, 105
4, 48049, {, 2, 58, 0
4, 48180, {, 2, 58, 105
4, 48229, {, 2, 58, 0
4, 48300, {, 2, 58, 105
4, 48349, {, 2, 58, 0
4, 48360, {, 2, 58, 105
4, 48409, {, 2, 58, 0
4, 48480, &, 2, 11, 127
4, 48480, {, 2, 58, 105
4, 48500, &, 2, 11, 126
4, 48520, &, 2, 11, 125
4, 48540, &, 2, 11, 124
4, 48550, &, 2, 11, 123
4, 48570, &, 2, 11, 122
4, 48588, {, 2, 58, 0
4, 48590, &, 2, 11, 121
4, 48600, &, 2, 11, 120
4, 48600, {, 2, 58, 105
4, 48620, &, 2, 11, 119
4, 48640, &, 2, 11, 118
4, 48649, {, 2, 58, 0
4, 48650, &, 2, 11, 117
4, 48670, &, 2, 11, 116
4, 48690, &, 2, 11, 115
4, 48700, &, 2, 11, 114
4, 48720, &, 2, 11, 113
4, 48740, &, 2, 11, 112
4, 48750, &, 2, 11, 111
4, 48770, &, 2, 11, 110
4, 48780, {, 2, 58, 105
4, 48790, &, 2, 11, 109
4, 48800, &, 2, 11, 108
4, 48820, &, 2, 11, 107
4, 48829, {, 2, 58, 0
4, 48840, &, 2, 11, 106
4, 48850, &, 2, 11, 105
4, 48870, &, 2, 11, 104
4, 48890, &, 2, 11, 103
4, 48900, &, 2, 11, 102
4, 48920, &, 2, 11, 101
4, 48940, &, 2, 11, 100
4, 48950, &, 2, 11, 99
4, 48960, {, 2, 58, 105
4, 48970, &, 2, 11, 98
4, 48990, &, 2, 11, 97
4, 49000, &, 2, 11, 96
4, 49009, {, 2, 58, 0
4, 49020, &, 2, 11, 95
4, 49040, &, 2, 11, 94
4, 49050, &, 2, 11, 93
4, 49070, &, 2, 11, 92
4, 49090, &, 2, 11, 91
4, 49100, &, 2, 11, 90
4, 49120, &, 2, 11, 89
4, 49140, &, 2, 11, 88
4, 49140, {, 2, 58, 105
4, 49150, &, 2, 11, 87
4, 49170, &, 2, 11, 86
4, 49189, {, 2, 58, 0
4, 49190, &, 2, 11, 85
4, 49200, &, 2, 11, 84
4, 49220, &, 2, 11, 83
4, 49240, &, 2, 11, 82
4, 49250, &, 2, 11, 81
4, 49260, {, 2, 58, 105
4, 49270, &, 2, 11, 80
4, 49290, &, 2, 11, 79
4, 49300, &, 2, 11, 78
4, 49309, {, 2, 58, 0
4, 49320, &, 2, 11, 77
4, 49320, {, 2, 58, 105
4, 49340, &, 2, 11, 76
4, 49350, &, 2, 11, 75
4, 49369, {, 2, 58, 0
4, 49370, &, 2, 11, 74
4, 49390, &, 2, 11, 73
4, 49400, &, 2, 11, 72
4, 49420, &, 2, 11, 71
4, 49440, &, 2, 11, 70
4, 49440, {, 2, 58, 105
4, 49450, &, 2, 11, 69
4, 49470, &, 2, 11, 68
4, 49490, &, 2, 11, 67
4, 49500, &, 2, 11, 66
4, 49520, &, 2, 11, 65
4, 49540, &, 2, 11, 64
4, 49548, {, 2, 58, 0
4, 49550, &, 2, 11, 63
4, 49560, {, 2, 58, 105
4, 49570, &, 2, 11, 62
4, 49590, &, 2, 11, 61
4, 49600, &, 2, 11, 60
4, 49609, {, 2, 58, 0
4, 49620, &, 2, 11, 59
4, 49640, &, 2, 11, 58
4, 49650, &, 2, 11, 57
4, 49670, &, 2, 11, 56
4, 49690, &, 2, 11, 55
4, 49700, &, 2, 11, 54
4, 49720, &, 2, 11, 53
4, 49740, &, 2, 11, 52
4, 49740, {, 2, 58, 105
4, 49750, &, 2, 11, 51
4, 49770, &, 2, 11, 50
4, 49789, {, 2, 58, 0
4, 49790, &, 2, 11, 49
4, 49800, &, 2, 11, 48
4, 49820, &, 2, 11, 47
4, 49840, &, 2, 11, 46
4, 49850, &, 2, 11, 45
4, 49870, &, 2, 11, 44
4, 49890, &, 2, 11, 43
4, 49900, &, 2, 11, 42
4, 49920, &, 2, 11, 41
4, 49920, {, 2, 58, 105
4, 49940, &, 2, 11, 40
4, 49950, &, 2, 11, 39
4, 49969, {, 2, 58, 0
4, 49970, &, 2, 11, 38
4, 49990, &, 2, 11, 37
4, 50000, &, 2, 11, 36
4, 50020, &, 2, 11, 35
4, 50040, &, 2, 11, 34
4, 50050, &, 2, 11, 33
4, 50070, &, 2, 11, 32
4, 50090, &, 2, 11, 31
4, 50100, &, 2, 11, 30
4, 50100, {, 2, 58, 105
4, 50120, &, 2, 11, 29
4, 50140, &, 2, 11, 28
4, 50149, {, 2, 58, 0
4, 50150, &, 2, 11, 27
4, 50170, &, 2, 11, 26
4, 50190, &, 2, 11, 25
4, 50200, &, 2, 11, 24
4, 50220, &, 2, 11, 23
4, 50220, {, 2, 58, 105
4, 50240, &, 2, 11, 22
4, 50250, &, 2, 11, 21
4, 50269, {, 2, 58, 0
4, 50270, &, 2, 11, 20
4, 50280, {, 2, 58, 105
4, 50290, &, 2, 11, 19
4, 50300, &, 2, 11, 18
4, 50320, &, 2, 11, 17
4, 50329, {, 2, 58, 0
4, 50340, &, 2, 11, 16
4, 50350, &, 2, 11, 15
4, 50370, &, 2, 11, 14
4, 50390, &, 2, 11, 10
4, 50401, &, 2, 12, 0
4, 52763, &, 2, 105, 20
4, 59174, &, 2, 11, 20
4, 59185, &, 2, 10, 10
4, 59196, &, 2, 9, 20
4, 59207, &, 2, 8, 20
4, 59218, &, 2, 7, 10
4, 59229, &, 2, 6, 8
4, 61591, &, 2, 0, 12
4, 68002, &, 2, 5, 20
4, 68013, &, 2, 4, 10
4, 68024, &, 2, 3, 20
4, 68035, &, 2, 2, 20
4, 68046, &, 2, 1, 10
4, 68057, &, 2, 0, 0
4, 84360, &, 2, 0, 77
4, 84480, &, 2, 100, 53
4, 84565, &, 2, 15, 7
4, 84627, &, 2, 0, 0
4, 92819, {, 10, 2, 112
4, 92894, {, 10, 2, 69
4, 93014, {, 10, 32, 69
4, 93014, {, 10, 0, 74
4, 93014, {, 10, 0, 78
4, 93014, }, 15, 48, 73
4, 93129, }, 15, 32, 73
4, 93129, }, 15, 88, 75
4, 93244, }, 15, 32, 75
4, 93244, }, 15, 88, 76
4, 93359, }, 15, 32, 76
4, 93359, }, 15, 88, 75
4, 93474, }, 15, 32, 75
4, 93474, }, 15, 88, 73
4, 93589, }, 15, 32, 73
4, 93589, }, 15, 48, 71
4, 93704, }, 15, 32, 71
4, 93704, }, 15, 48, 69
4, 93819, }, 3, 96, 69
4, 93819, }, 1, 32, 71
4, 93934, }, 1, 32, 71
4, 93934, }, 1, 88, 73
4, 94049, }, 1, 32, 73
4, 94049, }, 1, 88, 75
4, 94164, }, 1, 32, 75
4, 94164, }, 1, 88, 73
4, 94279, }, 1, 32, 73
4, 94279, }, 1, 88, 71
4, 94394, }, 1, 32, 71
4, 94394, }, 1, 48, 75
4, 94509, }, 1, 32, 75
4, 94509, }, 1, 48, 68
4, 94624, }, 3, 96, 68
4, 94624, }, 1, 32, 69
4, 94739, }, 1, 32, 69
4, 94739, }, 1, 88, 71
4, 94854, }, 1, 32, 71
4, 94854, }, 1, 88, 73
4, 94969, }, 1, 32, 73
4, 94969, }, 1, 88, 71
4, 95084, }, 1, 32, 71
4, 95084, }, 1, 88, 69
4, 95199, }, 1, 32, 69
4, 95199, }, 1, 48, 68
4, 95314, }, 1, 32, 68
4, 95314, }, 1, 48, 66
4, 95429, }, 3, 96, 66
4, 95429, }, 3, 0, 64
4, 95544, }, 1, 32, 64
4, 95544, }, 1, 0, 63
4, 95659, }, 3, 96, 63
4, 95659, }, 3, 0, 67
4, 95774, }, 1, 32, 67
4, 95774, }, 1, 0, 68
4, 95889, }, 3, 96, 68
4, 95889, }, 1, 32, 73
4, 96004, }, 1, 32, 73
4, 96004, }, 1, 88, 75
4, 96119, }, 1, 32, 75
4, 96119, }, 1, 88, 76
4, 96234, }, 1, 32, 76
4, 96234, }, 1, 88, 75
4, 96349, }, 1, 32, 75
4, 96349, }, 1, 88, 73
4, 96464, }, 1, 32, 73
4, 96464, }, 1, 48, 71
4, 96579, }, 1, 32, 71
4, 96579, }, 1, 48, 69
4, 96694, }, 4, 48, 69
4, 96694, }, 4, 80, 71
4, 96809, }, 4, 32, 71
4, 96809, }, 4, 88, 73
4, 96924, }, 4, 32, 73
4, 96924, }, 4, 88, 75
4, 97039, }, 4, 32, 75
4, 97039, }, 4, 88, 73
4, 97154, }, 4, 32, 73
4, 97154, }, 4, 88, 71
4, 97269, }, 4, 32, 71
4, 97269, }, 4, 48, 75
4, 97384, }, 4, 32, 75
4, 97384, }, 4, 48, 68
4, 97499, }, 4, 88, 68
4, 97499, }, 4, 40, 69
4, 97614, }, 4, 32, 69
4, 97614, }, 4, 88, 71
4, 97729, }, 4, 32, 71
4, 97729, }, 4, 88, 73
4, 97844, }, 4, 32, 73
4, 97844, }, 4, 88, 71
4, 97959, }, 4, 32, 71
4, 97959, }, 4, 88, 69
4, 98074, }, 4, 32, 69
4, 98074, }, 4, 48, 68
4, 98189, }, 4, 32, 68
4, 98189, }, 4, 48, 67
4, 98304, }, 4, 88, 67
4, 98304, }, 4, 40, 70
4, 98419, }, 4, 32, 70
4, 98419, }, 4, 88, 72
4, 98534, }, 4, 32, 72
4, 98534, }, 4, 88, 73
4, 98649, }, 4, 32, 73
4, 98649, }, 4, 88, 76
4, 98764, }, 4, 32, 76
4, 98764, }, 4, 88, 75
4, 98879, }, 4, 32, 75
4, 98879, }, 4, 48, 73
4, 98994, }, 4, 32, 73
4, 98994, }, 4, 48, 75
4, 99109, }, 4, 88, 75
4, 99109, }, 4, 40, 80
4, 99236, }, 4, 114, 80
4, 99236, }, 4, 6, 78
4, 99363, }, 4, 114, 78
4, 99363, }, 4, 6, 76
4, 99490, }, 4, 114, 76
4, 99490, }, 4, 6, 75
4, 99617, }, 4, 76, 75
4, 99617, }, 4, 4, 76
4, 99744, }, 4, 38, 76
4, 99744, }, 4, 2, 73
4, 99871, }, 4, 76, 73
4, 99871, }, 4, 4, 71
4, 99998, }, 4, 76, 71
4, 99998, }, 4, 4, 69
4, 100125, }, 1, 24, 69
4, 100125, }, 1, 8, 80
4, 100252, }, 7, 64, 80
4, 100252, &, 7, 120, 67
4, 100352, &, 7, 54, 67
4, 100352, &, 7, 126, 68
4, 100452, &, 7, 54, 68
4, 100452, &, 7, 126, 65
4, 100552, &, 7, 54, 65
4, 100552, &, 7, 126, 67
4, 100652, &, 7, 54, 67
4, 100652, &, 7, 66, 68
4, 100752, &, 7, 54, 68
4, 100752, &, 7, 6, 67
4, 100852, &, 7, 54, 67
4, 100852, &, 7, 66, 176
4, 100863, &, 7, 127, 0
4, 102976, &, 7, 100, 20
4, 109131, &, 7, 126, 20
4, 109142, &, 7, 125, 20
4, 109153, &, 7, 124, 10
4, 109164, &, 7, 123, 20
4, 109175, &, 7, 122, 18
4, 111288, &, 7, 0, 2
4, 117443, &, 7, 121, 10
4, 117454, &, 7, 120, 0
4, 119569, &, 7, 100, 20
4, 125724, &, 7, 119, 20
4, 125735, &, 7, 118, 10
4, 125746, &, 7, 117, 4
4, 127861, &, 7, 0, 16
4, 134016, &, 7, 116, 20
4, 134027, &, 7, 115, 10
4, 134038, &, 7, 114, 20
4, 134049, &, 7, 113, 20
4, 134060, &, 7, 112, 10
4, 134071, &, 7, 111, 20
4, 134082, &, 7, 110, 10
4, 136198, &, 7, 100, 10
4, 142353, &, 7, 109, 10
4, 142364, &, 7, 108, 20
4, 142375, &, 7, 107, 14
4, 144491, &, 7, 0, 6
4, 150646, &, 7, 106, 10
4, 150657, &, 7, 105, 20
4, 150668, &, 7, 104, 20
4, 150679, &, 7, 103, 10
4, 150690, &, 7, 102, 20
4, 150701, &, 7, 101, 20
4, 150712, &, 7, 100, 10
4, 150723, &, 7, 99, 10
4, 152836, &, 7, 100, 10
4, 158991, &, 7, 98, 20
4, 159002, &, 7, 97, 10
4, 159013, &, 7, 96, 14
4, 161126, &, 7, 0, 6
4, 167281, &, 7, 95, 20
4, 167292, &, 7, 94, 20
4, 167303, &, 7, 93, 10
4, 167314, &, 7, 92, 20
4, 167325, &, 7, 91, 20
4, 167336, &, 7, 90, 10
4, 167347, &, 7, 89, 20
4, 167358, &, 7, 88, 0
4, 169473, &, 7, 100, 20
4, 175628, &, 7, 87, 10
4, 175639, &, 7, 86, 20
4, 175650, 
