0, 0, <, 0, 1, 480
1, 0, /
1, 0, !, 96, 0, 0, 0, 0
1, 0, $, 4, 2, 24, 8
1, 0, #, 0, "major"
1, 0, %, 416666
1, 0, ?, 10, 65, 16, 66, 18, 0, 0, 127, 0, 1, 247
1, 120, ?, 10, 65, 16, 66, 18, 64, 0, 4, 127, 61, 247
1, 240, ?, 10, 65, 16, 66, 18, 64, 1, 51, 127, 13, 247
1, 360, ?, 10, 65, 16, 66, 18, 64, 1, 58, 70, 63, 247
1, 720, ?, 10, 65, 16, 66, 18, 64, 1, 52, 80, 59, 247
1, 840, ?, 10, 65, 16, 66, 18, 64, 1, 49, 1, 13, 247
1, 960, &, 1, 99, 1
1, 960, &, 2, 99, 1
1, 960, &, 4, 99, 1
1, 960, &, 0, 99, 1
1, 1079, &, 1, 99, 1
1, 1079, &, 2, 99, 1
1, 1079, &, 4, 99, 1
1, 1079, &, 0, 99, 1
1, 1080, &, 1, 98, 32
1, 1080, &, 1, 1, 8
1, 1080, &, 1, 6, 66
1, 1080, &, 2, 98, 32
1, 1080, &, 2, 1, 8
1, 1080, &, 2, 6, 90
1, 1080, &, 4, 98, 32
1, 1080, &, 4, 1, 8
1, 1080, &, 4, 6, 68
1, 1080, ?, 10, 65, 16, 66, 18, 64, 26, 21, 1, 16, 247
1, 1080, &, 0, 98, 32
1, 1080, &, 0, 1, 0
1, 1080, &, 0, 6, 66
1, 1199, &, 1, 98, 32
1, 1199, &, 1, 1, 8
1, 1199, &, 1, 6, 66
1, 1199, &, 2, 98, 32
1, 1199, &, 2, 1, 8
1, 1199, &, 2, 6, 90
1, 1199, &, 4, 98, 32
1, 1199, &, 4, 1, 8
1, 1199, &, 4, 6, 68
1, 1199, &, 0, 98, 32
1, 1199, &, 0, 1, 0
1, 1199, &, 0, 6, 66
1, 1200, &, 1, 98, 33
1, 1200, &, 1, 6, 72
1, 1200, &, 1, 7, 94
1, 1200, &, 2, 98, 33
1, 1200, &, 2, 6, 92
1, 1200, &, 2, 7, 92
1, 1200, &, 4, 98, 33
1, 1200, &, 4, 7, 92
1, 1200, &, 4, 6, 64
1, 1200, &, 0, 98, 33
1, 1200, &, 0, 1, 0
1, 1200, &, 0, 6, 72
1, 1200, &, 0, 7, 94
1, 1203, ?, 41, 65, 16, 69, 18, 16, 0, 0, 104, 116, 116, 112, 58, 47, 47, 119, 119, 119, 46, 111, 110, 46, 114, 105, 109, 46, 111, 114, 46, 106, 112, 47, 126, 100, 97, 105, 122, 111, 117, 47, 51, 247
1, 1319, &, 1, 98, 33
1, 1319, &, 1, 6, 72
1, 1319, &, 1, 7, 94
1, 1319, &, 2, 98, 33
1, 1319, &, 2, 6, 92
1, 1319, &, 4, 98, 33
1, 1319, &, 4, 6, 64
1, 1319, &, 0, 98, 33
1, 1319, &, 0, 6, 72
1, 1319, &, 0, 7, 94
1, 1320, &, 1, 11, 127
1, 1320, &, 1, 11, 127
1, 1320, &, 1, 98, 99
1, 1320, &, 1, 93, 24
1, 1320, &, 1, 6, 58
1, 1320, &, 1, 91, 100
1, 1320, &, 2, 11, 127
1, 1320, &, 2, 11, 127
1, 1320, &, 2, 98, 99
1, 1320, &, 2, 6, 58
1, 1320, &, 2, 93, 42
1, 1320, &, 2, 91, 120
1, 1320, &, 4, 11, 127
1, 1320, &, 4, 11, 127
1, 1320, &, 4, 98, 99
1, 1320, &, 4, 6, 58
1, 1320, &, 4, 93, 42
1, 1320, &, 4, 91, 120
1, 1320, &, 0, 11, 127
1, 1320, &, 0, 11, 127
1, 1320, &, 0, 98, 99
1, 1320, &, 0, 10, 64
1, 1320, &, 0, 6, 64
1, 1320, &, 0, 93, 88
1, 1320, &, 0, 91, 100
1, 1400, &, 1, 94, 0
1, 1400, &, 2, 94, 0
1, 1400, &, 4, 94, 0
1, 1400, &, 0, 94, 0
1, 1439, &, 1, 98, 99
1, 1439, &, 1, 93, 24
1, 1439, &, 1, 6, 58
1, 1439, &, 1, 91, 100
1, 1439, &, 2, 98, 99
1, 1439, &, 2, 6, 58
1, 1439, &, 2, 93, 42
1, 1439, &, 2, 91, 120
1, 1439, &, 4, 98, 99
1, 1439, &, 4, 6, 58
1, 1439, &, 4, 93, 42
1, 1439, &, 4, 91, 120
1, 1439, &, 0, 98, 99
1, 1439, &, 0, 10, 64
1, 1439, &, 0, 6, 64
1, 1439, &, 0, 93, 88
1, 1439, &, 0, 91, 100
1, 1440, &, 1, 98, 102
1, 1440, &, 1, 99, 1
1, 1440, &, 1, 6, 64
1, 1440, &, 2, 98, 102
1, 1440, &, 2, 99, 1
1, 1440, &, 2, 6, 64
1, 1440, &, 4, 98, 102
1, 1440, &, 4, 99, 1
1, 1440, &, 4, 6, 64
1, 1559, &, 1, 98, 102
1, 1559, &, 1, 99, 1
1, 1559, &, 1, 6, 64
1, 1559, &, 2, 98, 102
1, 1559, &, 2, 99, 1
1, 1559, &, 2, 6, 64
1, 1559, &, 4, 98, 102
1, 1559, &, 4, 99, 1
1, 1559, &, 4, 6, 64
1, 1560, &, 1, 6, 70
1, 1560, &, 2, 6, 70
1, 1560, &, 4, 6, 70
1, 1679, &, 1, 6, 70
1, 1679, &, 2, 6, 70
1, 1679, &, 4, 6, 70
1, 1680, &, 3, 91, 10
1, 1680, &, 3, 7, 127
1, 1680, &, 9, 7, 110
1, 1680, &, 9, 91, 127
1, 1680, &, 0, 10, 127
1, 1680, &, 1, 10, 2
1, 1799, &, 3, 7, 127
1, 1799, &, 9, 91, 127
1, 1800, ;, 0, 30
1, 1800, ;, 1, 30
1, 1800, ;, 3, 33
1, 1800, ;, 9, 8
1, 1800, &, 2, 0, 17
1, 1800, ;, 2, 30
1, 1800, &, 4, 0, 0
1, 1800, ;, 4, 30
1, 1920, {, 0, 37, 100
1, 1920, {, 0, 49, 100
1, 1920, {, 1, 37, 100
1, 1920, {, 1, 49, 100
1, 1920, {, 3, 25, 100
1, 1920, {, 9, 36, 100
1, 1920, {, 9, 46, 100
1, 2040, }, 9, 36, 64
1, 2040, }, 9, 46, 64
1, 2160, }, 0, 37, 64
1, 2160, }, 0, 49, 64
1, 2160, }, 1, 37, 64
1, 2160, }, 1, 49, 64
1, 2160, }, 3, 25, 64
1, 2160, {, 0, 37, 100
1, 2160, {, 0, 49, 100
1, 2160, {, 1, 37, 100
1, 2160, {, 1, 49, 100
1, 2160, {, 3, 25, 100
1, 2160, {, 9, 36, 100
1, 2160, {, 9, 46, 82
1, 2280, }, 9, 36, 64
1, 2280, }, 9, 46, 64
1, 2520, }, 0, 37, 64
1, 2520, }, 0, 49, 64
1, 2520, }, 1, 37, 64
1, 2520, }, 1, 49, 64
1, 2520, }, 3, 25, 64
1, 2880, {, 2, 60, 100
1, 2880, {, 2, 72, 100
1, 2880, {, 4, 60, 100
1, 3000, +, 2, 8192
1, 3000, +, 4, 8192
1, 3002, &, 2, 100, 0
1, 3002, &, 2, 101, 0
1, 3002, &, 4, 100, 0
1, 3002, &, 4, 101, 0
1, 3003, &, 2, 6, 16
1, 3003, &, 4, 6, 16
1, 3014, +, 2, 8193
1, 3014, +, 4, 8193
1, 3028, +, 2, 8199
1, 3028, +, 4, 8199
1, 3043, +, 2, 8208
1, 3043, +, 4, 8208
1, 3057, +, 2, 8221
1, 3057, +, 4, 8221
1, 3071, +, 2, 8237
1, 3071, +, 4, 8237
1, 3085, +, 2, 8256
1, 3085, +, 4, 8256
1, 3099, +, 2, 8279
1, 3099, +, 4, 8279
1, 3114, +, 2, 8308
1, 3114, +, 4, 8308
1, 3128, +, 2, 8338
1, 3128, +, 4, 8338
1, 3142, +, 2, 8372
1, 3142, +, 4, 8372
1, 3156, +, 2, 8409
1, 3156, +, 4, 8409
1, 3170, +, 2, 8450
1, 3170, +, 4, 8450
1, 3185, +, 2, 8497
1, 3185, +, 4, 8497
1, 3199, +, 2, 8545
1, 3199, +, 4, 8545
1, 3213, +, 2, 8597
1, 3213, +, 4, 8597
1, 3227, +, 2, 8652
1, 3227, +, 4, 8652
1, 3240, +, 2, 8704
1, 3240, +, 4, 8704
1, 3359, +, 2, 8704
1, 3359, +, 4, 8704
1, 3360, +, 2, 8704
1, 3360, +, 4, 8704
1, 3600, +, 2, 8704
1, 3600, +, 4, 8704
1, 3614, +, 2, 8698
1, 3614, +, 4, 8698
1, 3629, +, 2, 8680
1, 3629, +, 4, 8680
1, 3643, +, 2, 8653
1, 3643, +, 4, 8653
1, 3657, +, 2, 8615
1, 3657, +, 4, 8615
1, 3671, +, 2, 8567
1, 3671, +, 4, 8567
1, 3685, +, 2, 8509
1, 3685, +, 4, 8509
1, 3700, +, 2, 8434
1, 3700, +, 4, 8434
1, 3714, +, 2, 8354
1, 3714, +, 4, 8354
1, 3728, +, 2, 8263
1, 3728, +, 4, 8263
1, 3742, +, 2, 8162
1, 3742, +, 4, 8162
1, 3756, +, 2, 8050
1, 3756, +, 4, 8050
1, 3771, +, 2, 7919
1, 3771, +, 4, 7919
1, 3785, +, 2, 7786
1, 3785, +, 4, 7786
1, 3799, +, 2, 7642
1, 3799, +, 4, 7642
1, 3813, +, 2, 7488
1, 3813, +, 4, 7488
1, 3827, +, 2, 7323
1, 3827, +, 4, 7323
1, 3840, }, 2, 60, 64
1, 3840, }, 2, 72, 64
1, 3840, }, 4, 60, 64
1, 3840, +, 2, 7168
1, 3840, +, 4, 7168
1, 3840, {, 0, 37, 100
1, 3840, {, 0, 49, 100
1, 3840, {, 1, 37, 100
1, 3840, {, 1, 49, 100
1, 3840, {, 3, 25, 100
1, 3840, {, 9, 36, 100
1, 3840, {, 9, 46, 100
1, 3960, }, 9, 36, 64
1, 3960, }, 9, 46, 64
1, 4080, }, 0, 37, 64
1, 4080, }, 0, 49, 64
1, 4080, }, 1, 37, 64
1, 4080, }, 1, 49, 64
1, 4080, }, 3, 25, 64
1, 4080, {, 0, 37, 100
1, 4080, {, 0, 49, 100
1, 4080, {, 1, 37, 100
1, 4080, {, 1, 49, 100
1, 4080, {, 3, 25, 100
1, 4080, {, 9, 36, 100
1, 4080, {, 9, 46, 82
1, 4200, }, 9, 36, 64
1, 4200, }, 9, 46, 64
1, 4440, }, 0, 37, 64
1, 4440, }, 0, 49, 64
1, 4440, }, 1, 37, 64
1, 4440, }, 1, 49, 64
1, 4440, }, 3, 25, 64
1, 4800, +, 2, 8192
1, 4800, +, 4, 8192
1, 4800, {, 2, 66, 100
1, 4800, {, 2, 54, 100
1, 4800, {, 4, 54, 100
1, 4920, +, 2, 8192
1, 4920, +, 4, 8192
1, 4934, +, 2, 8195
1, 4934, +, 4, 8195
1, 4948, +, 2, 8206
1, 4948, +, 4, 8206
1, 4962, +, 2, 8224
1, 4962, +, 4, 8224
1, 4977, +, 2, 8250
1, 4977, +, 4, 8250
1, 4991, +, 2, 8282
1, 4991, +, 4, 8282
1, 5005, +, 2, 8321
1, 5005, +, 4, 8321
1, 5019, +, 2, 8367
1, 5019, +, 4, 8367
1, 5033, +, 2, 8421
1, 5033, +, 4, 8421
1, 5048, +, 2, 8485
1, 5048, +, 4, 8485
1, 5062, +, 2, 8552
1, 5062, +, 4, 8552
1, 5076, +, 2, 8627
1, 5076, +, 4, 8627
1, 5090, +, 2, 8708
1, 5090, +, 4, 8708
1, 5104, +, 2, 8797
1, 5104, +, 4, 8797
1, 5119, +, 2, 8899
1, 5119, +, 4, 8899
1, 5133, +, 2, 9002
1, 5133, +, 4, 9002
1, 5147, +, 2, 9112
1, 5147, +, 4, 9112
1, 5160, +, 2, 9216
1, 5160, +, 4, 9216
1, 5520, +, 2, 9216
1, 5520, +, 4, 9216
1, 5534, +, 2, 9212
1, 5534, +, 4, 9212
1, 5548, +, 2, 9201
1, 5548, +, 4, 9201
1, 5563, +, 2, 9182
1, 5563, +, 4, 9182
1, 5577, +, 2, 9157
1, 5577, +, 4, 9157
1, 5591, +, 2, 9125
1, 5591, +, 4, 9125
1, 5605, +, 2, 9086
1, 5605, +, 4, 9086
1, 5619, +, 2, 9040
1, 5619, +, 4, 9040
1, 5634, +, 2, 8982
1, 5634, +, 4, 8982
1, 5648, +, 2, 8922
1, 5648, +, 4, 8922
1, 5662, +, 2, 8855
1, 5662, +, 4, 8855
1, 5676, +, 2, 8780
1, 5676, +, 4, 8780
1, 5690, +, 2, 8699
1, 5690, +, 4, 8699
1, 5705, +, 2, 8604
1, 5705, +, 4, 8604
1, 5719, +, 2, 8508
1, 5719, +, 4, 8508
1, 5733, +, 2, 8405
1, 5733, +, 4, 8405
1, 5747, +, 2, 8295
1, 5747, +, 4, 8295
1, 5760, }, 2, 66, 64
1, 5760, }, 2, 54, 64
1, 5760, }, 4, 54, 64
1, 5760, +, 2, 8192
1, 5760, +, 4, 8192
1, 5760, {, 0, 37, 100
1, 5760, {, 0, 49, 100
1, 5760, {, 1, 37, 100
1, 5760, {, 1, 49, 100
1, 5760, {, 3, 25, 100
1, 5760, {, 9, 36, 100
1, 5760, {, 9, 46, 100
1, 5880, }, 9, 36, 64
1, 5880, }, 9, 46, 64
1, 6000, }, 0, 37, 64
1, 6000, }, 0, 49, 64
1, 6000, }, 1, 37, 64
1, 6000, }, 1, 49, 64
1, 6000, }, 3, 25, 64
1, 6000, {, 0, 37, 100
1, 6000, {, 0, 49, 100
1, 6000, {, 1, 37, 100
1, 6000, {, 1, 49, 100
1, 6000, {, 3, 25, 100
1, 6000, {, 9, 36, 100
1, 6000, {, 9, 46, 82
1, 6120, }, 9, 36, 64
1, 6120, }, 9, 46, 64
1, 6360, }, 0, 37, 64
1, 6360, }, 0, 49, 64
1, 6360, }, 1, 37, 64
1, 6360, }, 1, 49, 64
1, 6360, }, 3, 25, 64
1, 6720, +, 2, 8192
1, 6720, +, 4, 8192
1, 6720, {, 2, 60, 100
1, 6720, {, 2, 72, 100
1, 6720, {, 4, 60, 100
1, 6840, +, 2, 8192
1, 6840, +, 4, 8192
1, 6842, &, 2, 100, 0
1, 6842, &, 2, 101, 0
1, 6842, &, 4, 100, 0
1, 6842, &, 4, 101, 0
1, 6843, &, 2, 6, 16
1, 6843, &, 4, 6, 16
1, 6854, +, 2, 8193
1, 6854, +, 4, 8193
1, 6868, +, 2, 8199
1, 6868, +, 4, 8199
1, 6883, +, 2, 8208
1, 6883, +, 4, 8208
1, 6897, +, 2, 8221
1, 6897, +, 4, 8221
1, 6911, +, 2, 8237
1, 6911, +, 4, 8237
1, 6925, +, 2, 8256
1, 6925, +, 4, 8256
1, 6939, +, 2, 8279
1, 6939, +, 4, 8279
1, 6954, +, 2, 8308
1, 6954, +, 4, 8308
1, 6968, +, 2, 8338
1, 6968, +, 4, 8338
1, 6982, +, 2, 8372
1, 6982, +, 4, 8372
1, 6996, +, 2, 8409
1, 6996, +, 4, 8409
1, 7010, +, 2, 8450
1, 7010, +, 4, 8450
1, 7025, +, 2, 8497
1, 7025, +, 4, 8497
1, 7039, +, 2, 8545
1, 7039, +, 4, 8545
1, 7053, +, 2, 8597
1, 7053, +, 4, 8597
1, 7067, +, 2, 8652
1, 7067, +, 4, 8652
1, 7080, +, 2, 8704
1, 7080, +, 4, 8704
1, 7199, +, 2, 8704
1, 7199, +, 4, 8704
1, 7200, +, 2, 8704
1, 7200, +, 4, 8704
1, 7440, +, 2, 8704
1, 7440, +, 4, 8704
1, 7454, +, 2, 8698
1, 7454, +, 4, 8698
1, 7468, +, 2, 8682
1, 7468, +, 4, 8682
1, 7482, +, 2, 8655
1, 7482, +, 4, 8655
1, 7497, +, 2, 8615
1, 7497, +, 4, 8615
1, 7511, +, 2, 8567
1, 7511, +, 4, 8567
1, 7525, +, 2, 8509
1, 7525, +, 4, 8509
1, 7539, +, 2, 8440
1, 7539, +, 4, 8440
1, 7553, +, 2, 8360
1, 7553, +, 4, 8360
1, 7568, +, 2, 8263
1, 7568, +, 4, 8263
1, 7582, +, 2, 8162
1, 7582, +, 4, 8162
1, 7596, +, 2, 8050
1, 7596, +, 4, 8050
1, 7610, +, 2, 7928
1, 7610, +, 4, 7928
1, 7624, +, 2, 7796
1, 7624, +, 4, 7796
1, 7639, +, 2, 7642
1, 7639, +, 4, 7642
1, 7653, +, 2, 7488
1, 7653, +, 4, 7488
1, 7667, +, 2, 7323
1, 7667, +, 4, 7323
1, 7680, }, 2, 60, 64
1, 7680, }, 2, 72, 64
1, 7680, }, 4, 60, 64
1, 7680, +, 2, 7168
1, 7680, +, 4, 7168
1, 7680, {, 0, 43, 100
1, 7680, {, 0, 55, 100
1, 7680, {, 1, 43, 100
1, 7680, {, 1, 55, 100
1, 7680, {, 3, 31, 100
1, 7680, {, 9, 38, 100
1, 7680, {, 9, 57, 80
1, 7800, }, 9, 38, 64
1, 7800, }, 9, 57, 64
1, 7920, }, 0, 43, 64
1, 7920, }, 0, 55, 64
1, 7920, }, 1, 43, 64
1, 7920, }, 1, 55, 64
1, 7920, }, 3, 31, 64
1, 7920, {, 0, 42, 100
1, 7920, {, 0, 54, 100
1, 7920, {, 1, 42, 100
1, 7920, {, 1, 54, 100
1, 7920, {, 3, 30, 100
1, 7920, {, 9, 36, 100
1, 8040, }, 9, 36, 64
1, 8160, }, 0, 42, 64
1, 8160, }, 0, 54, 64
1, 8160, }, 1, 42, 64
1, 8160, }, 1, 54, 64
1, 8160, }, 3, 30, 64
1, 8160, {, 0, 43, 100
1, 8160, {, 0, 55, 100
1, 8160, {, 1, 43, 100
1, 8160, {, 1, 55, 100
1, 8160, {, 3, 31, 100
1, 8160, {, 9, 38, 100
1, 8160, {, 9, 36, 100
1, 8160, {, 9, 49, 70
1, 8280, }, 9, 38, 64
1, 8280, }, 9, 36, 64
1, 8280, }, 9, 49, 64
1, 8400, }, 0, 43, 64
1, 8400, }, 0, 55, 64
1, 8400, }, 1, 43, 64
1, 8400, }, 1, 55, 64
1, 8400, }, 3, 31, 64
1, 8400, {, 0, 42, 100
1, 8400, {, 0, 54, 100
1, 8400, {, 1, 42, 100
1, 8400, {, 1, 54, 100
1, 8400, {, 3, 30, 100
1, 8640, }, 0, 42, 64
1, 8640, }, 0, 54, 64
1, 8640, }, 1, 42, 64
1, 8640, }, 1, 54, 64
1, 8640, }, 3, 30, 64
1, 8640, {, 9, 38, 100
1, 8640, {, 0, 43, 100
1, 8640, {, 0, 55, 100
1, 8640, {, 1, 43, 100
1, 8640, {, 1, 55, 100
1, 8640, {, 3, 31, 100
1, 8640, {, 9, 57, 88
1, 8760, }, 9, 38, 64
1, 8760, }, 9, 57, 64
1, 8865, {, 9, 38, 56
1, 8877, }, 9, 38, 64
1, 8880, }, 0, 43, 64
1, 8880, }, 0, 55, 64
1, 8880, }, 1, 43, 64
1, 8880, }, 1, 55, 64
1, 8880, }, 3, 31, 64
1, 8880, {, 0, 42, 100
1, 8880, {, 0, 54, 100
1, 8880, {, 1, 42, 100
1, 8880, {, 1, 54, 100
1, 8880, {, 3, 30, 100
1, 8880, {, 9, 38, 72
1, 9000, }, 9, 38, 64
1, 9000, {, 9, 38, 80
1, 9120, }, 0, 42, 64
1, 9120, }, 0, 54, 64
1, 9120, }, 1, 42, 64
1, 9120, }, 1, 54, 64
1, 9120, }, 3, 30, 64
1, 9120, }, 9, 38, 64
1, 9120, {, 0, 40, 100
1, 9120, {, 0, 52, 100
1, 9120, {, 1, 40, 100
1, 9120, {, 1, 52, 100
1, 9120, {, 3, 29, 100
1, 9120, {, 9, 38, 104
1, 9240, }, 9, 38, 64
1, 9240, {, 9, 38, 90
1, 9360, }, 9, 38, 64
1, 9360, {, 9, 38, 76
1, 9480, }, 9, 38, 64
1, 9600, }, 0, 40, 64
1, 9600, }, 0, 52, 64
1, 9600, }, 1, 40, 64
1, 9600, }, 1, 52, 64
1, 9600, }, 3, 29, 64
1, 9600, {, 0, 37, 100
1, 9600, {, 0, 49, 100
1, 9600, {, 1, 37, 100
1, 9600, {, 1, 49, 100
1, 9600, {, 3, 25, 100
1, 9600, {, 9, 36, 100
1, 9600, {, 9, 57, 100
1, 9720, }, 9, 36, 64
1, 9720, }, 9, 57, 64
1, 9840, }, 0, 37, 64
1, 9840, }, 0, 49, 64
1, 9840, }, 1, 37, 64
1, 9840, }, 1, 49, 64
1, 9840, }, 3, 25, 64
1, 9840, {, 0, 37, 100
1, 9840, {, 0, 49, 100
1, 9840, {, 1, 37, 100
1, 9840, {, 1, 49, 100
1, 9840, {, 3, 25, 100
1, 10200, }, 0, 37, 64
1, 10200, }, 0, 49, 64
1, 10200, }, 1, 37, 64
1, 10200, }, 1, 49, 64
1, 10200, }, 3, 25, 64
1, 10440, {, 9, 50, 83
1, 10500, }, 9, 50, 64
1, 10500, {, 9, 50, 91
1, 10560, }, 9, 50, 64
1, 10560, +, 2, 8192
1, 10560, +, 4, 8192
1, 10560, {, 9, 50, 100
1, 10560, {, 2, 60, 100
1, 10560, {, 2, 72, 100
1, 10560, {, 4, 60, 100
1, 10620, }, 9, 50, 64
1, 10640, {, 9, 50, 93
1, 10680, +, 2, 8192
1, 10680, +, 4, 8192
1, 10682, &, 2, 100, 0
1, 10682, &, 2, 101, 0
1, 10682, &, 4, 100, 0
1, 10682, &, 4, 101, 0
1, 10683, &, 2, 6, 16
1, 10683, &, 4, 6, 16
1, 10694, +, 2, 8193
1, 10694, +, 4, 8193
1, 10700, }, 9, 50, 64
1, 10708, +, 2, 8199
1, 10708, +, 4, 8199
1, 10720, {, 9, 50, 89
1, 10723, +, 2, 8208
1, 10723, +, 4, 8208
1, 10737, +, 2, 8221
1, 10737, +, 4, 8221
1, 10751, +, 2, 8237
1, 10751, +, 4, 8237
1, 10765, +, 2, 8256
1, 10765, +, 4, 8256
1, 10779, +, 2, 8279
1, 10779, +, 4, 8279
1, 10780, }, 9, 50, 64
1, 10794, +, 2, 8308
1, 10794, +, 4, 8308
1, 10800, {, 9, 48, 86
1, 10808, +, 2, 8338
1, 10808, +, 4, 8338
1, 10822, +, 2, 8372
1, 10822, +, 4, 8372
1, 10836, +, 2, 8409
1, 10836, +, 4, 8409
1, 10850, +, 2, 8450
1, 10850, +, 4, 8450
1, 10860, }, 9, 48, 64
1, 10865, +, 2, 8497
1, 10865, +, 4, 8497
1, 10879, +, 2, 8545
1, 10879, +, 4, 8545
1, 10893, +, 2, 8597
1, 10893, +, 4, 8597
1, 10907, +, 2, 8652
1, 10907, +, 4, 8652
1, 10920, +, 2, 8704
1, 10920, +, 4, 8704
1, 10920, {, 9, 48, 85
1, 10980, }, 9, 48, 64
1, 11039, +, 2, 8704
1, 11039, +, 4, 8704
1, 11040, +, 2, 8704
1, 11040, +, 4, 8704
1, 11040, {, 9, 47, 92
1, 11100, }, 9, 47, 64
1, 11160, {, 9, 47, 98
1, 11220, }, 9, 47, 64
1, 11280, +, 2, 8704
1, 11280, +, 4, 8704
1, 11280, {, 9, 45, 105
1, 11294, +, 2, 8698
1, 11294, +, 4, 8698
1, 11309, +, 2, 8680
1, 11309, +, 4, 8680
1, 11323, +, 2, 8653
1, 11323, +, 4, 8653
1, 11337, +, 2, 8615
1, 11337, +, 4, 8615
1, 11340, }, 9, 45, 64
1, 11351, +, 2, 8567
1, 11351, +, 4, 8567
1, 11365, +, 2, 8509
1, 11365, +, 4, 8509
1, 11380, +, 2, 8434
1, 11380, +, 4, 8434
1, 11394, +, 2, 8354
1, 11394, +, 4, 8354
1, 11400, {, 9, 45, 112
1, 11408, +, 2, 8263
1, 11408, +, 4, 8263
1, 11422, +, 2, 8162
1, 11422, +, 4, 8162
1, 11436, +, 2, 8050
1, 11436, +, 4, 8050
1, 11451, +, 2, 7919
1, 11451, +, 4, 7919
1, 11460, }, 9, 45, 64
1, 11465, +, 2, 7786
1, 11465, +, 4, 7786
1, 11479, +, 2, 7642
1, 11479, +, 4, 7642
1, 11493, +, 2, 7488
1, 11493, +, 4, 7488
1, 11507, +, 2, 7323
1, 11507, +, 4, 7323
1, 11520, }, 2, 60, 64
1, 11520, }, 2, 72, 64
1, 11520, }, 4, 60, 64
1, 11520, +, 2, 7168
1, 11520, +, 4, 7168
1, 11520, {, 0, 37, 100
1, 11520, {, 0, 49, 100
1, 11520, {, 1, 37, 100
1, 11520, {, 1, 49, 100
1, 11520, {, 3, 25, 100
1, 11520, {, 9, 36, 100
1, 11520, {, 9, 57, 100
1, 11640, }, 9, 36, 64
1, 11640, }, 9, 57, 64
1, 11760, }, 0, 37, 64
1, 11760, }, 0, 49, 64
1, 11760, }, 1, 37, 64
1, 11760, }, 1, 49, 64
1, 11760, }, 3, 25, 64
1, 11760, {, 0, 37, 100
1, 11760, {, 0, 49, 100
1, 11760, {, 1, 37, 100
1, 11760, {, 1, 49, 100
1, 11760, {, 3, 25, 100
1, 12120, }, 0, 37, 64
1, 12120, }, 0, 49, 64
1, 12120, }, 1, 37, 64
1, 12120, }, 1, 49, 64
1, 12120, }, 3, 25, 64
1, 12480, +, 2, 8192
1, 12480, +, 4, 8192
1, 12480, {, 9, 38, 86
1, 12480, {, 2, 66, 100
1, 12480, {, 2, 54, 100
1, 12480, {, 4, 54, 100
1, 12600, }, 9, 38, 64
1, 12600, +, 2, 8192
1, 12600, +, 4, 8192
1, 12614, +, 2, 8195
1, 12614, +, 4, 8195
1, 12628, +, 2, 8206
1, 12628, +, 4, 8206
1, 12642, +, 2, 8224
1, 12642, +, 4, 8224
1, 12657, +, 2, 8250
1, 12657, +, 4, 8250
1, 12671, +, 2, 8282
1, 12671, +, 4, 8282
1, 12685, +, 2, 8321
1, 12685, +, 4, 8321
1, 12691, {, 9, 43, 74
1, 12699, +, 2, 8367
1, 12699, +, 4, 8367
1, 12713, +, 2, 8421
1, 12713, +, 4, 8421
1, 12720, }, 9, 43, 64
1, 12720, {, 9, 43, 100
1, 12728, +, 2, 8485
1, 12728, +, 4, 8485
1, 12742, +, 2, 8552
1, 12742, +, 4, 8552
1, 12756, +, 2, 8627
1, 12756, +, 4, 8627
1, 12770, +, 2, 8708
1, 12770, +, 4, 8708
1, 12784, +, 2, 8797
1, 12784, +, 4, 8797
1, 12799, +, 2, 8899
1, 12799, +, 4, 8899
1, 12813, +, 2, 9002
1, 12813, +, 4, 9002
1, 12827, +, 2, 9112
1, 12827, +, 4, 9112
1, 12840, }, 9, 43, 64
1, 12840, +, 2, 9216
1, 12840, +, 4, 9216
1, 12840, {, 9, 43, 106
1, 12936, {, 9, 50, 76
1, 12951, }, 9, 50, 64
1, 12960, }, 9, 43, 64
1, 12960, {, 9, 50, 95
1, 13080, }, 9, 50, 64
1, 13080, {, 9, 50, 89
1, 13200, }, 9, 50, 64
1, 13200, +, 2, 9216
1, 13200, +, 4, 9216
1, 13200, {, 9, 47, 83
1, 13214, +, 2, 9212
1, 13214, +, 4, 9212
1, 13228, +, 2, 9201
1, 13228, +, 4, 9201
1, 13243, +, 2, 9182
1, 13243, +, 4, 9182
1, 13257, +, 2, 9157
1, 13257, +, 4, 9157
1, 13271, +, 2, 9125
1, 13271, +, 4, 9125
1, 13285, +, 2, 9086
1, 13285, +, 4, 9086
1, 13299, +, 2, 9040
1, 13299, +, 4, 9040
1, 13314, +, 2, 8982
1, 13314, +, 4, 8982
1, 13320, }, 9, 47, 64
1, 13328, +, 2, 8922
1, 13328, +, 4, 8922
1, 13342, +, 2, 8855
1, 13342, +, 4, 8855
1, 13356, +, 2, 8780
1, 13356, +, 4, 8780
1, 13370, +, 2, 8699
1, 13370, +, 4, 8699
1, 13385, +, 2, 8604
1, 13385, +, 4, 8604
1, 13399, +, 2, 8508
1, 13399, +, 4, 8508
1, 13413, +, 2, 8405
1, 13413, +, 4, 8405
1, 13427, +, 2, 8295
1, 13427, +, 4, 8295
1, 13440, }, 2, 66, 64
1, 13440, }, 2, 54, 64
1, 13440, }, 4, 54, 64
1, 13440, +, 2, 8192
1, 13440, +, 4, 8192
1, 13440, {, 0, 37, 100
1, 13440, {, 0, 49, 100
1, 13440, {, 1, 37, 100
1, 13440, {, 1, 49, 100
1, 13440, {, 3, 25, 100
1, 13440, {, 9, 36, 100
1, 13440, {, 9, 57, 100
1, 13560, }, 9, 36, 64
1, 13560, }, 9, 57, 64
1, 13680, }, 0, 37, 64
1, 13680, }, 0, 49, 64
1, 13680, }, 1, 37, 64
1, 13680, }, 1, 49, 64
1, 13680, }, 3, 25, 64
1, 13680, {, 0, 37, 100
1, 13680, {, 0, 49, 100
1, 13680, {, 1, 37, 100
1, 13680, {, 1, 49, 100
1, 13680, {, 3, 25, 100
1, 13920, {, 9, 38, 92
1, 13980, }, 9, 38, 64
1, 13980, {, 9, 38, 84
1, 14040, }, 0, 37, 64
1, 14040, }, 0, 49, 64
1, 14040, }, 1, 37, 64
1, 14040, }, 1, 49, 64
1, 14040, }, 3, 25, 64
1, 14040, }, 9, 38, 64
1, 14040, {, 9, 38, 77
1, 14100, }, 9, 38, 64
1, 14100, {, 9, 38, 70
1, 14160, }, 9, 38, 64
1, 14160, {, 9, 38, 70
1, 14220, }, 9, 38, 64
1, 14220, {, 9, 38, 70
1, 14280, }, 9, 38, 64
1, 14280, {, 9, 38, 70
1, 14340, }, 9, 38, 64
1, 14340, {, 9, 38, 68
1, 14400, }, 9, 38, 64
1, 14400, +, 2, 8192
1, 14400, +, 4, 8192
1, 14400, {, 2, 60, 100
1, 14400, {, 2, 72, 100
1, 14400, {, 4, 60, 100
1, 14400, {, 9, 38, 88
1, 14460, }, 9, 38, 64
1, 14460, {, 9, 38, 79
1, 14520, }, 9, 38, 64
1, 14520, +, 2, 8192
1, 14520, +, 4, 8192
1, 14520, {, 9, 38, 69
1, 14522, &, 2, 100, 0
1, 14522, &, 2, 101, 0
1, 14522, &, 4, 100, 0
1, 14522, &, 4, 101, 0
1, 14523, &, 2, 6, 16
1, 14523, &, 4, 6, 16
1, 14534, +, 2, 8193
1, 14534, +, 4, 8193
1, 14548, +, 2, 8199
1, 14548, +, 4, 8199
1, 14563, +, 2, 8208
1, 14563, +, 4, 8208
1, 14577, +, 2, 8221
1, 14577, +, 4, 8221
1, 14580, }, 9, 38, 64
1, 14580, {, 9, 38, 68
1, 14591, +, 2, 8237
1, 14591, +, 4, 8237
1, 14605, +, 2, 8256
1, 14605, +, 4, 8256
1, 14619, +, 2, 8279
1, 14619, +, 4, 8279
1, 14634, +, 2, 8308
1, 14634, +, 4, 8308
1, 14640, }, 9, 38, 64
1, 14640, {, 9, 38, 72
1, 14648, +, 2, 8338
1, 14648, +, 4, 8338
1, 14662, +, 2, 8372
1, 14662, +, 4, 8372
1, 14676, +, 2, 8409
1, 14676, +, 4, 8409
1, 14690, +, 2, 8450
1, 14690, +, 4, 8450
1, 14700, }, 9, 38, 64
1, 14700, {, 9, 38, 76
1, 14705, +, 2, 8497
1, 14705, +, 4, 8497
1, 14719, +, 2, 8545
1, 14719, +, 4, 8545
1, 14733, +, 2, 8597
1, 14733, +, 4, 8597
1, 14747, +, 2, 8652
1, 14747, +, 4, 8652
1, 14760, }, 9, 38, 64
1, 14760, +, 2, 8704
1, 14760, +, 4, 8704
1, 14760, {, 9, 38, 81
1, 14820, }, 9, 38, 64
1, 14820, {, 9, 38, 85
1, 14879, +, 2, 8704
1, 14879, +, 4, 8704
1, 14880, }, 9, 38, 64
1, 14880, +, 2, 8704
1, 14880, +, 4, 8704
1, 14880, {, 9, 38, 100
1, 14960, }, 9, 38, 64
1, 15120, +, 2, 8704
1, 15120, +, 4, 8704
1, 15134, +, 2, 8698
1, 15134, +, 4, 8698
1, 15148, +, 2, 8682
1, 15148, +, 4, 8682
1, 15162, +, 2, 8655
1, 15162, +, 4, 8655
1, 15177, +, 2, 8615
1, 15177, +, 4, 8615
1, 15191, +, 2, 8567
1, 15191, +, 4, 8567
1, 15205, +, 2, 8509
1, 15205, +, 4, 8509
1, 15219, +, 2, 8440
1, 15219, +, 4, 8440
1, 15233, +, 2, 8360
1, 15233, +, 4, 8360
1, 15248, +, 2, 8263
1, 15248, +, 4, 8263
1, 15262, +, 2, 8162
1, 15262, +, 4, 8162
1, 15276, +, 2, 8050
1, 15276, +, 4, 8050
1, 15290, +, 2, 7928
1, 15290, +, 4, 7928
1, 15304, +, 2, 7796
1, 15304, +, 4, 7796
1, 15319, +, 2, 7642
1, 15319, +, 4, 7642
1, 15333, +, 2, 7488
1, 15333, +, 4, 7488
1, 15347, +, 2, 7323
1, 15347, +, 4, 7323
1, 15360, }, 4, 60, 64
1, 15360, +, 4, 8192
1, 15360, }, 2, 60, 64
1, 15360, }, 2, 72, 64
1, 15360, +, 2, 7168
1, 15360, {, 0, 43, 100
1, 15360, {, 0, 55, 100
1, 15360, {, 1, 43, 100
1, 15360, {, 1, 55, 100
1, 15360, {, 3, 31, 100
1, 15360, {, 9, 38, 100
1, 15360, {, 9, 57, 80
1, 15480, }, 9, 38, 64
1, 15480, }, 9, 57, 64
1, 15600, }, 0, 43, 64
1, 15600, }, 0, 55, 64
1, 15600, }, 1, 43, 64
1, 15600, }, 1, 55, 64
1, 15600, }, 3, 31, 64
1, 15600, {, 0, 42, 100
1, 15600, {, 0, 54, 100
1, 15600, {, 1, 42, 100
1, 15600, {, 1, 54, 100
1, 15600, {, 3, 30, 100
1, 15600, {, 9, 36, 100
1, 15720, }, 9, 36, 64
1, 15840, }, 0, 42, 64
1, 15840, }, 0, 54, 64
1, 15840, }, 1, 42, 64
1, 15840, }, 1, 54, 64
1, 15840, }, 3, 30, 64
1, 15840, {, 0, 43, 100
1, 15840, {, 0, 55, 100
1, 15840, {, 1, 43, 100
1, 15840, {, 1, 55, 100
1, 15840, {, 3, 31, 100
1, 15840, {, 9, 38, 100
1, 15840, {, 9, 36, 100
1, 15840, {, 9, 49, 70
1, 15960, }, 9, 38, 64
1, 15960, }, 9, 36, 64
1, 15960, }, 9, 49, 64
1, 16080, }, 0, 43, 64
1, 16080, }, 0, 55, 64
1, 16080, }, 1, 43, 64
1, 16080, }, 1, 55, 64
1, 16080, }, 3, 31, 64
1, 16080, {, 0, 42, 100
1, 16080, {, 0, 54, 100
1, 16080, {, 1, 42, 100
1, 16080, {, 1, 54, 100
1, 16080, {, 3, 30, 100
1, 16320, }, 0, 42, 64
1, 16320, }, 0, 54, 64
1, 16320, }, 1, 42, 64
1, 16320, }, 1, 54, 64
1, 16320, }, 3, 30, 64
1, 16320, {, 9, 38, 100
1, 16320, {, 0, 43, 100
1, 16320, {, 0, 55, 100
1, 16320, {, 1, 43, 100
1, 16320, {, 1, 55, 100
1, 16320, {, 3, 31, 100
1, 16320, {, 9, 57, 88
1, 16440, }, 9, 38, 64
1, 16440, }, 9, 57, 64
1, 16560, }, 0, 43, 64
1, 16560, }, 0, 55, 64
1, 16560, }, 1, 43, 64
1, 16560, }, 1, 55, 64
1, 16560, }, 3, 31, 64
1, 16560, {, 0, 42, 100
1, 16560, {, 0, 54, 100
1, 16560, {, 1, 42, 100
1, 16560, {, 1, 54, 100
1, 16560, {, 3, 30, 100
1, 16800, }, 0, 42, 64
1, 16800, }, 0, 54, 64
1, 16800, }, 1, 42, 64
1, 16800, }, 1, 54, 64
1, 16800, }, 3, 30, 64
1, 16800, {, 0, 40, 100
1, 16800, {, 0, 52, 100
1, 16800, {, 1, 40, 100
1, 16800, {, 1, 52, 100
1, 16800, {, 3, 29, 100
1, 16800, {, 9, 38, 104
1, 16920, }, 9, 38, 64
1, 16920, {, 9, 38, 90
1, 17040, }, 9, 38, 64
1, 17040, {, 9, 38, 76
1, 17160, }, 9, 38, 64
1, 17160, {, 9, 38, 88
1, 17280, +, 2, 8192
1, 17280, }, 0, 40, 64
1, 17280, }, 0, 52, 64
1, 17280, }, 1, 40, 64
1, 17280, }, 1, 52, 64
1, 17280, }, 3, 29, 64
1, 17280, }, 9, 38, 64
1, 17280, {, 0, 37, 100
1, 17280, {, 0, 49, 100
1, 17280, {, 1, 37, 100
1, 17280, {, 1, 49, 100
1, 17280, {, 3, 25, 100
1, 17280, {, 9, 36, 100
1, 17280, {, 9, 57, 100
1, 17400, }, 0, 37, 64
1, 17400, }, 0, 49, 64
1, 17400, }, 1, 37, 64
1, 17400, }, 1, 49, 64
1, 17400, }, 9, 36, 64
1, 17400, }, 9, 57, 64
1, 17520, }, 3, 25, 64
1, 17520, {, 0, 37, 100
1, 17520, {, 0, 49, 100
1, 17520, {, 1, 37, 100
1, 17520, {, 1, 49, 100
1, 17520, {, 3, 25, 100
1, 17520, {, 9, 36, 80
1, 17640, }, 0, 37, 64
1, 17640, }, 0, 49, 64
1, 17640, }, 1, 37, 64
1, 17640, }, 1, 49, 64
1, 17640, }, 9, 36, 64
1, 17760, }, 3, 25, 64
1, 17760, {, 0, 40, 100
1, 17760, {, 0, 52, 100
1, 17760, {, 1, 40, 100
1, 17760, {, 1, 52, 100
1, 17760, {, 3, 28, 100
1, 17760, {, 9, 38, 100
1, 17760, {, 9, 46, 90
1, 17880, }, 9, 38, 64
1, 17880, }, 9, 46, 64
1, 18000, }, 3, 28, 64
1, 18000, +, 0, 3840
1, 18000, +, 0, 3840
1, 18000, +, 1, 3840
1, 18000, +, 1, 3840
1, 18000, {, 3, 27, 100
1, 18239, +, 0, 3840
1, 18239, +, 0, 3840
1, 18239, +, 1, 3840
1, 18239, +, 1, 3840
1, 18240, }, 0, 40, 64
1, 18240, }, 0, 52, 64
1, 18240, }, 1, 40, 64
1, 18240, }, 1, 52, 64
1, 18240, }, 3, 27, 64
1, 18240, +, 0, 8192
1, 18240, +, 1, 8192
1, 18240, {, 9, 36, 100
1, 18240, {, 3, 25, 100
1, 18240, {, 0, 37, 100
1, 18240, +, 0, 8192
1, 18240, {, 1, 37, 100
1, 18240, +, 1, 8192
1, 18240, {, 0, 49, 100
1, 18240, {, 1, 49, 100
1, 18240, {, 9, 46, 70
1, 18360, }, 9, 36, 64
1, 18360, }, 0, 37, 64
1, 18360, }, 1, 37, 64
1, 18360, }, 0, 49, 64
1, 18360, }, 1, 49, 64
1, 18360, }, 9, 46, 64
1, 18480, }, 3, 25, 64
1, 18480, {, 3, 25, 100
1, 18480, {, 0, 37, 100
1, 18480, {, 0, 49, 100
1, 18480, {, 1, 37, 100
1, 18480, {, 1, 49, 100
1, 18480, {, 9, 36, 80
1, 18600, }, 0, 37, 64
1, 18600, }, 0, 49, 64
1, 18600, }, 1, 37, 64
1, 18600, }, 1, 49, 64
1, 18600, }, 9, 36, 64
1, 18720, }, 3, 25, 64
1, 18720, {, 3, 30, 100
1, 18720, {, 0, 42, 100
1, 18720, {, 0, 54, 100
1, 18720, {, 1, 42, 100
1, 18720, {, 1, 54, 100
1, 18720, {, 9, 38, 100
1, 18720, {, 9, 46, 90
1, 18840, }, 9, 38, 64
1, 18840, }, 9, 46, 64
1, 18960, }, 3, 30, 64
1, 18960, +, 0, 256
1, 18960, +, 0, 256
1, 18960, +, 1, 256
1, 18960, +, 1, 256
1, 18960, {, 3, 28, 100
1, 19199, +, 0, 256
1, 19199, +, 0, 256
1, 19199, +, 1, 256
1, 19199, +, 1, 256
1, 19200, }, 0, 42, 64
1, 19200, }, 0, 54, 64
1, 19200, }, 1, 42, 64
1, 19200, }, 1, 54, 64
1, 19200, }, 3, 28, 64
1, 19200, +, 0, 8192
1, 19200, +, 1, 8192
1, 19200, {, 9, 36, 100
1, 19200, {, 3, 25, 100
1, 19200, {, 0, 37, 100
1, 19200, +, 0, 8192
1, 19200, {, 1, 37, 100
1, 19200, +, 1, 8192
1, 19200, {, 0, 49, 100
1, 19200, {, 1, 49, 100
1, 19200, {, 9, 46, 70
1, 19320, }, 9, 36, 64
1, 19320, }, 0, 37, 64
1, 19320, }, 1, 37, 64
1, 19320, }, 0, 49, 64
1, 19320, }, 1, 49, 64
1, 19320, }, 9, 46, 64
1, 19440, }, 3, 25, 64
1, 19440, {, 3, 25, 100
1, 19440, {, 0, 37, 100
1, 19440, {, 0, 49, 100
1, 19440, {, 1, 37, 100
1, 19440, {, 1, 49, 100
1, 19440, {, 9, 36, 80
1, 19560, }, 0, 37, 64
1, 19560, }, 0, 49, 64
1, 19560, }, 1, 37, 64
1, 19560, }, 1, 49, 64
1, 19560, }, 9, 36, 64
1, 19680, }, 3, 25, 64
1, 19680, {, 3, 32, 100
1, 19680, {, 0, 44, 100
1, 19680, {, 0, 56, 100
1, 19680, {, 1, 44, 100
1, 19680, {, 1, 56, 100
1, 19680, {, 9, 38, 100
1, 19680, {, 9, 46, 90
1, 19800, }, 9, 38, 64
1, 19800, }, 9, 46, 64
1, 19920, }, 3, 32, 64
1, 19920, }, 0, 44, 64
1, 19920, }, 0, 56, 64
1, 19920, }, 1, 44, 64
1, 19920, }, 1, 56, 64
1, 19920, {, 3, 25, 100
1, 19920, {, 0, 49, 80
1, 19920, {, 0, 37, 80
1, 19920, {, 1, 49, 80
1, 19920, {, 1, 37, 80
1, 20040, }, 0, 49, 64
1, 20040, }, 0, 37, 64
1, 20040, }, 1, 49, 64
1, 20040, }, 1, 37, 64
1, 20160, }, 3, 25, 64
1, 20160, {, 9, 36, 100
1, 20160, {, 3, 28, 100
1, 20160, {, 0, 40, 100
1, 20160, {, 0, 52, 100
1, 20160, {, 1, 40, 100
1, 20160, {, 1, 52, 100
1, 20160, {, 9, 46, 70
1, 20280, }, 9, 36, 64
1, 20280, }, 9, 46, 64
1, 20400, }, 3, 28, 64
1, 20400, +, 0, 3840
1, 20400, +, 0, 3840
1, 20400, +, 1, 3840
1, 20400, +, 1, 3840
1, 20400, {, 3, 27, 100
1, 20400, {, 9, 36, 80
1, 20520, }, 9, 36, 64
1, 20639, +, 0, 3840
1, 20639, +, 0, 3840
1, 20639, +, 1, 3840
1, 20639, +, 1, 3840
1, 20640, }, 0, 40, 64
1, 20640, }, 0, 52, 64
1, 20640, }, 1, 40, 64
1, 20640, }, 1, 52, 64
1, 20640, }, 3, 27, 64
1, 20640, {, 3, 24, 100
1, 20640, {, 9, 38, 100
1, 20640, {, 9, 46, 90
1, 20640, +, 0, 8192
1, 20640, +, 0, 8192
1, 20640, {, 0, 49, 80
1, 20640, {, 0, 37, 80
1, 20640, +, 1, 8192
1, 20640, +, 1, 8192
1, 20640, {, 1, 49, 80
1, 20640, {, 1, 37, 80
1, 20760, }, 9, 38, 64
1, 20760, }, 9, 46, 64
1, 20760, }, 0, 49, 64
1, 20760, }, 0, 37, 64
1, 20760, }, 1, 49, 64
1, 20760, }, 1, 37, 64
1, 20880, }, 3, 24, 64
1, 20880, {, 3, 28, 100
1, 20880, {, 0, 40, 100
1, 20880, {, 0, 52, 100
1, 20880, {, 1, 40, 100
1, 20880, {, 1, 52, 100
1, 21120, }, 3, 28, 64
1, 21120, }, 0, 40, 64
1, 21120, }, 0, 52, 64
1, 21120, }, 1, 40, 64
1, 21120, }, 1, 52, 64
1, 21120, {, 9, 36, 100
1, 21120, {, 3, 25, 100
1, 21120, {, 0, 37, 100
1, 21120, {, 0, 49, 100
1, 21120, {, 1, 37, 100
1, 21120, {, 1, 49, 100
1, 21120, {, 9, 46, 70
1, 21240, }, 9, 36, 64
1, 21240, }, 0, 37, 64
1, 21240, }, 0, 49, 64
1, 21240, }, 1, 37, 64
1, 21240, }, 1, 49, 64
1, 21240, }, 9, 46, 64
1, 21360, }, 3, 25, 64
1, 21360, {, 3, 25, 100
1, 21360, {, 0, 37, 100
1, 21360, {, 0, 49, 100
1, 21360, {, 1, 37, 100
1, 21360, {, 1, 49, 100
1, 21360, {, 9, 36, 80
1, 21480, }, 0, 37, 64
1, 21480, }, 0, 49, 64
1, 21480, }, 1, 37, 64
1, 21480, }, 1, 49, 64
1, 21480, }, 9, 36, 64
1, 21600, }, 3, 25, 64
1, 21600, {, 3, 28, 100
1, 21600, {, 0, 40, 100
1, 21600, {, 0, 52, 100
1, 21600, {, 1, 40, 100
1, 21600, {, 1, 52, 100
1, 21600, {, 9, 38, 100
1, 21600, {, 9, 46, 90
1, 21720, }, 9, 38, 64
1, 21720, }, 9, 46, 64
1, 21840, }, 3, 28, 64
1, 21840, +, 0, 3840
1, 21840, +, 0, 3840
1, 21840, +, 1, 3840
1, 21840, +, 1, 3840
1, 21840, {, 3, 27, 100
1, 22079, +, 0, 3840
1, 22079, +, 0, 3840
1, 22079, +, 1, 3840
1, 22079, +, 1, 3840
1, 22080, }, 0, 40, 64
1, 22080, }, 0, 52, 64
1, 22080, }, 1, 40, 64
1, 22080, }, 1, 52, 64
1, 22080, }, 3, 27, 64
1, 22080, +, 0, 8192
1, 22080, +, 1, 8192
1, 22080, {, 9, 36, 100
1, 22080, {, 3, 25, 100
1, 22080, {, 0, 37, 100
1, 22080, +, 0, 8192
1, 22080, {, 1, 37, 100
1, 22080, +, 1, 8192
1, 22080, {, 0, 49, 100
1, 22080, {, 1, 49, 100
1, 22080, {, 9, 46, 70
1, 22200, }, 9, 36, 64
1, 22200, }, 0, 37, 64
1, 22200, }, 1, 37, 64
1, 22200, }, 0, 49, 64
1, 22200, }, 1, 49, 64
1, 22200, }, 9, 46, 64
1, 22320, }, 3, 25, 64
1, 22320, {, 3, 25, 100
1, 22320, {, 0, 37, 100
1, 22320, {, 0, 49, 100
1, 22320, {, 1, 37, 100
1, 22320, {, 1, 49, 100
1, 22320, {, 9, 36, 80
1, 22440, }, 0, 37, 64
1, 22440, }, 0, 49, 64
1, 22440, }, 1, 37, 64
1, 22440, }, 1, 49, 64
1, 22440, }, 9, 36, 64
1, 22560, }, 3, 25, 64
1, 22560, {, 3, 30, 100
1, 22560, {, 0, 42, 100
1, 22560, {, 0, 54, 100
1, 22560, {, 1, 42, 100
1, 22560, {, 1, 54, 100
1, 22560, {, 9, 38, 100
1, 22560, {, 9, 46, 90
1, 22680, }, 9, 38, 64
1, 22680, }, 9, 46, 64
1, 22800, }, 3, 30, 64
1, 22800, +, 0, 256
1, 22800, +, 0, 256
1, 22800, +, 1, 256
1, 22800, +, 1, 256
1, 22800, {, 3, 28, 100
1, 23039, +, 0, 256
1, 23039, +, 0, 256
1, 23039, +, 1, 256
1, 23039, +, 1, 256
1, 23040, }, 0, 42, 64
1, 23040, }, 0, 54, 64
1, 23040, }, 1, 42, 64
1, 23040, }, 1, 54, 64
1, 23040, }, 3, 28, 64
1, 23040, +, 0, 8192
1, 23040, +, 1, 8192
1, 23040, {, 9, 36, 100
1, 23040, {, 3, 25, 100
1, 23040, {, 0, 37, 100
1, 23040, +, 0, 8192
1, 23040, {, 1, 37, 100
1, 23040, +, 1, 8192
1, 23040, {, 0, 49, 100
1, 23040, {, 1, 49, 100
1, 23040, {, 9, 46, 70
1, 23160, }, 9, 36, 64
1, 23160, }, 0, 37, 64
1, 23160, }, 1, 37, 64
1, 23160, }, 0, 49, 64
1, 23160, }, 1, 49, 64
1, 23160, }, 9, 46, 64
1, 23280, }, 3, 25, 64
1, 23280, {, 3, 25, 100
1, 23280, {, 0, 37, 100
1, 23280, {, 0, 49, 100
1, 23280, {, 1, 37, 100
1, 23280, {, 1, 49, 100
1, 23280, {, 9, 36, 80
1, 23400, }, 0, 37, 64
1, 23400, }, 0, 49, 64
1, 23400, }, 1, 37, 64
1, 23400, }, 1, 49, 64
1, 23400, }, 9, 36, 64
1, 23520, }, 3, 25, 64
1, 23520, {, 3, 32, 100
1, 23520, {, 0, 44, 100
1, 23520, {, 0, 56, 100
1, 23520, {, 1, 44, 100
1, 23520, {, 1, 56, 100
1, 23520, {, 9, 38, 100
1, 23520, {, 9, 46, 90
1, 23640, }, 9, 38, 64
1, 23640, }, 9, 46, 64
1, 23760, }, 3, 32, 64
1, 23760, }, 0, 44, 64
1, 23760, }, 0, 56, 64
1, 23760, }, 1, 44, 64
1, 23760, }, 1, 56, 64
1, 23760, {, 3, 25, 100
1, 23760, {, 0, 49, 80
1, 23760, {, 0, 37, 80
1, 23760, {, 1, 49, 80
1, 23760, {, 1, 37, 80
1, 23880, }, 0, 49, 64
1, 23880, }, 0, 37, 64
1, 23880, }, 1, 49, 64
1, 23880, }, 1, 37, 64
1, 24000, }, 3, 25, 64
1, 24000, {, 9, 36, 100
1, 24000, {, 3, 31, 100
1, 24000, {, 0, 55, 100
1, 24000, {, 0, 43, 100
1, 24000, {, 1, 55, 100
1, 24000, {, 1, 43, 100
1, 24000, {, 9, 46, 70
1, 24120, }, 9, 36, 64
1, 24120, }, 9, 46, 64
1, 24240, }, 3, 31, 64
1, 24240, }, 0, 55, 64
1, 24240, }, 0, 43, 64
1, 24240, }, 1, 55, 64
1, 24240, }, 1, 43, 64
1, 24240, {, 3, 28, 100
1, 24240, {, 0, 52, 100
1, 24240, {, 0, 40, 100
1, 24240, {, 1, 52, 100
1, 24240, {, 1, 40, 100
1, 24240, {, 9, 36, 80
1, 24360, }, 9, 36, 64
1, 24480, {, 9, 38, 100
1, 24480, {, 9, 46, 90
1, 24600, }, 9, 38, 64
1, 24600, }, 9, 46, 64
1, 24960, }, 3, 28, 64
1, 24960, }, 0, 52, 64
1, 24960, }, 0, 40, 64
1, 24960, }, 1, 52, 64
1, 24960, }, 1, 40, 64
1, 24960, {, 3, 25, 100
1, 24960, {, 0, 37, 100
1, 24960, {, 0, 49, 100
1, 24960, {, 1, 37, 100
1, 24960, {, 1, 49, 100
1, 24960, {, 9, 36, 100
1, 24960, {, 9, 46, 70
1, 25080, }, 0, 37, 64
1, 25080, }, 0, 49, 64
1, 25080, }, 1, 37, 64
1, 25080, }, 1, 49, 64
1, 25080, }, 9, 36, 64
1, 25080, }, 9, 46, 64
1, 25200, }, 3, 25, 64
1, 25200, {, 3, 25, 100
1, 25200, {, 0, 37, 100
1, 25200, {, 0, 49, 100
1, 25200, {, 1, 37, 100
1, 25200, {, 1, 49, 100
1, 25200, {, 9, 36, 80
1, 25320, }, 0, 37, 64
1, 25320, }, 0, 49, 64
1, 25320, }, 1, 37, 64
1, 25320, }, 1, 49, 64
1, 25320, }, 9, 36, 64
1, 25440, }, 3, 25, 64
1, 25440, {, 3, 28, 100
1, 25440, {, 0, 40, 100
1, 25440, {, 0, 52, 100
1, 25440, {, 1, 40, 100
1, 25440, {, 1, 52, 100
1, 25440, {, 9, 38, 100
1, 25440, {, 9, 46, 90
1, 25560, }, 9, 38, 64
1, 25560, }, 9, 46, 64
1, 25680, }, 3, 28, 64
1, 25680, +, 0, 3840
1, 25680, +, 0, 3840
1, 25680, +, 1, 3840
1, 25680, +, 1, 3840
1, 25680, {, 3, 27, 100
1, 25919, +, 0, 3840
1, 25919, +, 0, 3840
1, 25919, +, 1, 3840
1, 25919, +, 1, 3840
1, 25920, }, 0, 40, 64
1, 25920, }, 0, 52, 64
1, 25920, }, 1, 40, 64
1, 25920, }, 1, 52, 64
1, 25920, }, 3, 27, 64
1, 25920, +, 0, 8192
1, 25920, +, 1, 8192
1, 25920, {, 9, 36, 100
1, 25920, {, 3, 25, 100
1, 25920, {, 0, 37, 100
1, 25920, +, 0, 8192
1, 25920, {, 1, 37, 100
1, 25920, +, 1, 8192
1, 25920, {, 0, 49, 100
1, 25920, {, 1, 49, 100
1, 25920, {, 9, 46, 70
1, 26040, }, 9, 36, 64
1, 26040, }, 0, 37, 64
1, 26040, }, 1, 37, 64
1, 26040, }, 0, 49, 64
1, 26040, }, 1, 49, 64
1, 26040, }, 9, 46, 64
1, 26160, }, 3, 25, 64
1, 26160, {, 3, 25, 100
1, 26160, {, 0, 37, 100
1, 26160, {, 0, 49, 100
1, 26160, {, 1, 37, 100
1, 26160, {, 1, 49, 100
1, 26160, {, 9, 36, 80
1, 26280, }, 0, 37, 64
1, 26280, }, 0, 49, 64
1, 26280, }, 1, 37, 64
1, 26280, }, 1, 49, 64
1, 26280, }, 9, 36, 64
1, 26400, }, 3, 25, 64
1, 26400, {, 3, 30, 100
1, 26400, {, 0, 42, 100
1, 26400, {, 0, 54, 100
1, 26400, {, 1, 42, 100
1, 26400, {, 1, 54, 100
1, 26400, {, 9, 38, 100
1, 26400, {, 9, 46, 90
1, 26520, }, 9, 38, 64
1, 26520, }, 9, 46, 64
1, 26640, }, 3, 30, 64
1, 26640, +, 0, 256
1, 26640, +, 0, 256
1, 26640, +, 1, 256
1, 26640, +, 1, 256
1, 26640, {, 3, 28, 100
1, 26879, +, 0, 256
1, 26879, +, 0, 256
1, 26879, +, 1, 256
1, 26879, +, 1, 256
1, 26880, }, 0, 42, 64
1, 26880, }, 0, 54, 64
1, 26880, }, 1, 42, 64
1, 26880, }, 1, 54, 64
1, 26880, }, 3, 28, 64
1, 26880, +, 0, 8192
1, 26880, +, 1, 8192
1, 26880, {, 9, 36, 100
1, 26880, {, 3, 25, 100
1, 26880, {, 0, 37, 100
1, 26880, +, 0, 8192
1, 26880, {, 1, 37, 100
1, 26880, +, 1, 8192
1, 26880, {, 0, 49, 100
1, 26880, {, 1, 49, 100
1, 26880, {, 9, 46, 70
1, 27000, }, 9, 36, 64
1, 27000, }, 0, 37, 64
1, 27000, }, 1, 37, 64
1, 27000, }, 0, 49, 64
1, 27000, }, 1, 49, 64
1, 27000, }, 9, 46, 64
1, 27120, }, 3, 25, 64
1, 27120, {, 3, 25, 100
1, 27120, {, 0, 37, 100
1, 27120, {, 0, 49, 100
1, 27120, {, 1, 37, 100
1, 27120, {, 1, 49, 100
1, 27120, {, 9, 36, 80
1, 27240, }, 0, 37, 64
1, 27240, }, 0, 49, 64
1, 27240, }, 1, 37, 64
1, 27240, }, 1, 49, 64
1, 27240, }, 9, 36, 64
1, 27360, }, 3, 25, 64
1, 27360, {, 3, 32, 100
1, 27360, {, 0, 44, 100
1, 27360, {, 0, 56, 100
1, 27360, {, 1, 44, 100
1, 27360, {, 1, 56, 100
1, 27360, {, 9, 38, 100
1, 27360, {, 9, 46, 90
1, 27480, }, 9, 38, 64
1, 27480, }, 9, 46, 64
1, 27600, }, 3, 32, 64
1, 27600, }, 0, 44, 64
1, 27600, }, 0, 56, 64
1, 27600, }, 1, 44, 64
1, 27600, }, 1, 56, 64
1, 27600, {, 3, 25, 100
1, 27600, {, 0, 49, 80
1, 27600, {, 0, 37, 80
1, 27600, {, 1, 49, 80
1, 27600, {, 1, 37, 80
1, 27720, }, 0, 49, 64
1, 27720, }, 0, 37, 64
1, 27720, }, 1, 49, 64
1, 27720, }, 1, 37, 64
1, 27840, }, 3, 25, 64
1, 27840, {, 9, 36, 100
1, 27840, {, 3, 28, 100
1, 27840, {, 0, 40, 100
1, 27840, {, 0, 52, 100
1, 27840, {, 1, 40, 100
1, 27840, {, 1, 52, 100
1, 27840, {, 9, 46, 70
1, 27960, }, 9, 36, 64
1, 27960, }, 9, 46, 64
1, 28080, }, 3, 28, 64
1, 28080, +, 0, 3840
1, 28080, +, 0, 3840
1, 28080, +, 1, 3840
1, 28080, +, 1, 3840
1, 28080, {, 3, 27, 100
1, 28080, {, 9, 36, 80
1, 28200, }, 9, 36, 64
1, 28319, +, 0, 3840
1, 28319, +, 0, 3840
1, 28319, +, 1, 3840
1, 28319, +, 1, 3840
1, 28320, }, 0, 40, 64
1, 28320, }, 0, 52, 64
1, 28320, }, 1, 40, 64
1, 28320, }, 1, 52, 64
1, 28320, }, 3, 27, 64
1, 28320, {, 3, 24, 100
1, 28320, {, 9, 38, 100
1, 28320, {, 9, 46, 90
1, 28320, +, 0, 8192
1, 28320, +, 0, 8192
1, 28320, {, 0, 49, 80
1, 28320, {, 0, 37, 80
1, 28320, +, 1, 8192
1, 28320, +, 1, 8192
1, 28320, {, 1, 49, 80
1, 28320, {, 1, 37, 80
1, 28440, }, 9, 38, 64
1, 28440, }, 9, 46, 64
1, 28440, }, 0, 49, 64
1, 28440, }, 0, 37, 64
1, 28440, }, 1, 49, 64
1, 28440, }, 1, 37, 64
1, 28560, }, 3, 24, 64
1, 28560, {, 3, 28, 100
1, 28560, {, 0, 40, 100
1, 28560, {, 0, 52, 100
1, 28560, {, 1, 40, 100
1, 28560, {, 1, 52, 100
1, 28800, }, 3, 28, 64
1, 28800, }, 0, 40, 64
1, 28800, }, 0, 52, 64
1, 28800, }, 1, 40, 64
1, 28800, }, 1, 52, 64
1, 28800, {, 9, 36, 100
1, 28800, {, 3, 25, 100
1, 28800, {, 0, 37, 100
1, 28800, {, 0, 49, 100
1, 28800, {, 1, 37, 100
1, 28800, {, 1, 49, 100
1, 28800, {, 9, 46, 70
1, 28920, }, 9, 36, 64
1, 28920, }, 0, 37, 64
1, 28920, }, 0, 49, 64
1, 28920, }, 1, 37, 64
1, 28920, }, 1, 49, 64
1, 28920, }, 9, 46, 64
1, 29040, }, 3, 25, 64
1, 29040, {, 3, 25, 100
1, 29040, {, 0, 37, 100
1, 29040, {, 0, 49, 100
1, 29040, {, 1, 37, 100
1, 29040, {, 1, 49, 100
1, 29040, {, 9, 36, 80
1, 29160, }, 0, 37, 64
1, 29160, }, 0, 49, 64
1, 29160, }, 1, 37, 64
1, 29160, }, 1, 49, 64
1, 29160, }, 9, 36, 64
1, 29280, }, 3, 25, 64
1, 29280, {, 3, 28, 100
1, 29280, {, 0, 40, 100
1, 29280, {, 0, 52, 100
1, 29280, {, 1, 40, 100
1, 29280, {, 1, 52, 100
1, 29280, {, 9, 38, 100
1, 29280, {, 9, 46, 90
1, 29400, }, 9, 38, 64
1, 29400, }, 9, 46, 64
1, 29520, }, 3, 28, 64
1, 29520, +, 0, 3840
1, 29520, +, 0, 3840
1, 29520, +, 1, 3840
1, 29520, +, 1, 3840
1, 29520, {, 3, 27, 100
1, 29759, +, 0, 3840
1, 29759, +, 0, 3840
1, 29759, +, 1, 3840
1, 29759, +, 1, 3840
1, 29760, }, 0, 40, 64
1, 29760, }, 0, 52, 64
1, 29760, }, 1, 40, 64
1, 29760, }, 1, 52, 64
1, 29760, }, 3, 27, 64
1, 29760, +, 0, 8192
1, 29760, +, 1, 8192
1, 29760, {, 9, 36, 100
1, 29760, {, 3, 25, 100
1, 29760, {, 0, 37, 100
1, 29760, +, 0, 8192
1, 29760, {, 1, 37, 100
1, 29760, +, 1, 8192
1, 29760, {, 0, 49, 100
1, 29760, {, 1, 49, 100
1, 29760, {, 9, 46, 70
1, 29880, }, 9, 36, 64
1, 29880, }, 0, 37, 64
1, 29880, }, 1, 37, 64
1, 29880, }, 0, 49, 64
1, 29880, }, 1, 49, 64
1, 29880, }, 9, 46, 64
1, 30000, }, 3, 25, 64
1, 30000, {, 3, 25, 100
1, 30000, {, 0, 37, 100
1, 30000, {, 0, 49, 100
1, 30000, {, 1, 37, 100
1, 30000, {, 1, 49, 100
1, 30000, {, 9, 36, 80
1, 30120, }, 0, 37, 64
1, 30120, }, 0, 49, 64
1, 30120, }, 1, 37, 64
1, 30120, }, 1, 49, 64
1, 30120, }, 9, 36, 64
1, 30240, }, 3, 25, 64
1, 30240, {, 3, 30, 100
1, 30240, {, 0, 42, 100
1, 30240, {, 0, 54, 100
1, 30240, {, 1, 42, 100
1, 30240, {, 1, 54, 100
1, 30240, {, 9, 38, 100
1, 30240, {, 9, 46, 90
1, 30360, }, 9, 38, 64
1, 30360, }, 9, 46, 64
1, 30480, }, 3, 30, 64
1, 30480, +, 0, 256
1, 30480, +, 0, 256
1, 30480, +, 1, 256
1, 30480, +, 1, 256
1, 30480, {, 3, 28, 100
1, 30719, +, 0, 256
1, 30719, +, 0, 256
1, 30719, +, 1, 256
1, 30719, +, 1, 256
1, 30720, }, 0, 42, 64
1, 30720, }, 0, 54, 64
1, 30720, }, 1, 42, 64
1, 30720, }, 1, 54, 64
1, 30720, }, 3, 28, 64
1, 30720, +, 0, 8192
1, 30720, +, 1, 8192
1, 30720, {, 9, 36, 100
1, 30720, {, 3, 25, 100
1, 30720, {, 0, 37, 100
1, 30720, +, 0, 8192
1, 30720, {, 1, 37, 100
1, 30720, +, 1, 8192
1, 30720, {, 0, 49, 100
1, 30720, {, 1, 49, 100
1, 30720, {, 9, 46, 70
1, 30840, }, 9, 36, 64
1, 30840, }, 0, 37, 64
1, 30840, }, 1, 37, 64
1, 30840, }, 0, 49, 64
1, 30840, }, 1, 49, 64
1, 30840, }, 9, 46, 64
1, 30960, }, 3, 25, 64
1, 30960, {, 3, 25, 100
1, 30960, {, 0, 37, 100
1, 30960, {, 0, 49, 100
1, 30960, {, 1, 37, 100
1, 30960, {, 1, 49, 100
1, 30960, {, 9, 36, 80
1, 31080, }, 0, 37, 64
1, 31080, }, 0, 49, 64
1, 31080, }, 1, 37, 64
1, 31080, }, 1, 49, 64
1, 31080, }, 9, 36, 64
1, 31200, }, 3, 25, 64
1, 31200, {, 3, 32, 100
1, 31200, {, 0, 44, 100
1, 31200, {, 0, 56, 100
1, 31200, {, 1, 44, 100
1, 31200, {, 1, 56, 100
1, 31200, {, 9, 38, 100
1, 31200, {, 9, 46, 90
1, 31320, }, 9, 38, 64
1, 31320, }, 9, 46, 64
1, 31440, }, 3, 32, 64
1, 31440, }, 0, 44, 64
1, 31440, }, 0, 56, 64
1, 31440, }, 1, 44, 64
1, 31440, }, 1, 56, 64
1, 31440, {, 3, 25, 100
1, 31440, {, 0, 49, 80
1, 31440, {, 0, 37, 80
1, 31440, {, 1, 49, 80
1, 31440, {, 1, 37, 80
1, 31560, }, 0, 49, 64
1, 31560, }, 0, 37, 64
1, 31560, }, 1, 49, 64
1, 31560, }, 1, 37, 64
1, 31680, }, 3, 25, 64
1, 31680, {, 3, 31, 100
1, 31680, {, 0, 55, 100
1, 31680, {, 0, 43, 100
1, 31680, {, 1, 55, 100
1, 31680, {, 1, 43, 100
1, 31680, {, 9, 36, 100
1, 31680, {, 9, 38, 80
1, 31680, {, 9, 46, 70
1, 31800, }, 9, 36, 64
1, 31800, }, 9, 38, 64
1, 31800, }, 9, 46, 64
1, 31920, }, 3, 31, 64
1, 31920, }, 0, 55, 64
1, 31920, }, 0, 43, 64
1, 31920, }, 1, 55, 64
1, 31920, }, 1, 43, 64
1, 31920, {, 3, 28, 100
1, 31920, {, 0, 52, 100
1, 31920, {, 0, 40, 100
1, 31920, {, 1, 52, 100
1, 31920, {, 1, 40, 100
1, 31920, {, 9, 36, 80
1, 31920, {, 9, 38, 100
1, 31920, {, 9, 57, 100
1, 32040, }, 9, 36, 64
1, 32040, }, 9, 38, 64
1, 32040, }, 9, 57, 64
1, 34080, {, 9, 41, 112
1, 34084, {, 9, 43, 112
1, 34200, }, 9, 41, 64
1, 34204, }, 9, 43, 64
1, 34560, }, 3, 28, 64
1, 34560, }, 0, 52, 64
1, 34560, }, 0, 40, 64
1, 34560, }, 1, 52, 64
1, 34560, }, 1, 40, 64
1, 34560, {, 3, 25, 100
1, 34560, {, 0, 37, 100
1, 34560, {, 0, 49, 100
1, 34560, {, 1, 37, 100
1, 34560, {, 1, 49, 100
1, 34560, {, 9, 36, 100
1, 34560, {, 9, 57, 100
1, 34680, }, 0, 37, 64
1, 34680, }, 0, 49, 64
1, 34680, }, 1, 37, 64
1, 34680, }, 1, 49, 64
1, 34680, }, 9, 36, 64
1, 34680, }, 9, 57, 64
1, 34800, }, 3, 25, 64
1, 34800, {, 3, 25, 100
1, 34800, {, 0, 37, 100
1, 34800, {, 0, 49, 100
1, 34800, {, 1, 37, 100
1, 34800, {, 1, 49, 100
1, 34800, {, 9, 36, 80
1, 34920, }, 0, 37, 64
1, 34920, }, 0, 49, 64
1, 34920, }, 1, 37, 64
1, 34920, }, 1, 49, 64
1, 34920, }, 9, 36, 64
1, 35040, }, 3, 25, 64
1, 35040, {, 3, 28, 100
1, 35040, {, 0, 40, 100
1, 35040, {, 0, 52, 100
1, 35040, {, 1, 40, 100
1, 35040, {, 1, 52, 100
1, 35040, {, 9, 38, 100
1, 35040, {, 9, 46, 90
1, 35160, }, 9, 38, 64
1, 35160, }, 9, 46, 64
1, 35280, }, 3, 28, 64
1, 35280, +, 0, 3840
1, 35280, +, 0, 3840
1, 35280, +, 1, 3840
1, 35280, +, 1, 3840
1, 35280, {, 3, 27, 100
1, 35519, +, 0, 3840
1, 35519, +, 0, 3840
1, 35519, +, 1, 3840
1, 35519, +, 1, 3840
1, 35520, }, 0, 40, 64
1, 35520, }, 0, 52, 64
1, 35520, }, 1, 40, 64
1, 35520, }, 1, 52, 64
1, 35520, }, 3, 27, 64
1, 35520, +, 0, 8192
1, 35520, +, 1, 8192
1, 35520, {, 9, 36, 100
1, 35520, {, 3, 25, 100
1, 35520, {, 0, 37, 100
1, 35520, +, 0, 8192
1, 35520, {, 1, 37, 100
1, 35520, +, 1, 8192
1, 35520, {, 0, 49, 100
1, 35520, {, 1, 49, 100
1, 35520, {, 9, 46, 70
1, 35640, }, 9, 36, 64
1, 35640, }, 0, 37, 64
1, 35640, }, 1, 37, 64
1, 35640, }, 0, 49, 64
1, 35640, }, 1, 49, 64
1, 35640, }, 9, 46, 64
1, 35760, }, 3, 25, 64
1, 35760, {, 3, 25, 100
1, 35760, {, 0, 37, 100
1, 35760, {, 0, 49, 100
1, 35760, {, 1, 37, 100
1, 35760, {, 1, 49, 100
1, 35760, {, 9, 36, 80
1, 35880, }, 0, 37, 64
1, 35880, }, 0, 49, 64
1, 35880, }, 1, 37, 64
1, 35880, }, 1, 49, 64
1, 35880, }, 9, 36, 64
1, 36000, }, 3, 25, 64
1, 36000, {, 3, 30, 100
1, 36000, {, 0, 42, 100
1, 36000, {, 0, 54, 100
1, 36000, {, 1, 42, 100
1, 36000, {, 1, 54, 100
1, 36000, {, 9, 38, 100
1, 36000, {, 9, 46, 90
1, 36120, }, 9, 38, 64
1, 36120, }, 9, 46, 64
1, 36240, }, 3, 30, 64
1, 36240, +, 0, 256
1, 36240, +, 0, 256
1, 36240, +, 1, 256
1, 36240, +, 1, 256
1, 36240, {, 3, 28, 100
1, 36479, +, 0, 256
1, 36479, +, 0, 256
1, 36479, +, 1, 256
1, 36479, +, 1, 256
1, 36480, }, 0, 42, 64
1, 36480, }, 0, 54, 64
1, 36480, }, 1, 42, 64
1, 36480, }, 1, 54, 64
1, 36480, }, 3, 28, 64
1, 36480, +, 0, 8192
1, 36480, +, 1, 8192
1, 36480, {, 9, 36, 100
1, 36480, {, 3, 25, 100
1, 36480, {, 0, 37, 100
1, 36480, +, 0, 8192
1, 36480, {, 1, 37, 100
1, 36480, +, 1, 8192
1, 36480, {, 0, 49, 100
1, 36480, {, 1, 49, 100
1, 36480, {, 9, 46, 70
1, 36600, }, 9, 36, 64
1, 36600, }, 0, 37, 64
1, 36600, }, 1, 37, 64
1, 36600, }, 0, 49, 64
1, 36600, }, 1, 49, 64
1, 36600, }, 9, 46, 64
1, 36720, }, 3, 25, 64
1, 36720, {, 3, 25, 100
1, 36720, {, 0, 37, 100
1, 36720, {, 0, 49, 100
1, 36720, {, 1, 37, 100
1, 36720, {, 1, 49, 100
1, 36720, {, 9, 36, 80
1, 36840, }, 0, 37, 64
1, 36840, }, 0, 49, 64
1, 36840, }, 1, 37, 64
1, 36840, }, 1, 49, 64
1, 36840, }, 9, 36, 64
1, 36960, }, 3, 25, 64
1, 36960, {, 3, 32, 100
1, 36960, {, 0, 44, 100
1, 36960, {, 0, 56, 100
1, 36960, {, 1, 44, 100
1, 36960, {, 1, 56, 100
1, 36960, {, 9, 38, 100
1, 36960, {, 9, 46, 90
1, 37080, }, 9, 38, 64
1, 37080, }, 9, 46, 64
1, 37200, }, 3, 32, 64
1, 37200, }, 0, 44, 64
1, 37200, }, 0, 56, 64
1, 37200, }, 1, 44, 64
1, 37200, }, 1, 56, 64
1, 37200, {, 3, 25, 100
1, 37200, {, 0, 49, 80
1, 37200, {, 0, 37, 80
1, 37200, {, 1, 49, 80
1, 37200, {, 1, 37, 80
1, 37320, }, 0, 49, 64
1, 37320, }, 0, 37, 64
1, 37320, }, 1, 49, 64
1, 37320, }, 1, 37, 64
1, 37440, }, 3, 25, 64
1, 37440, {, 9, 36, 100
1, 37440, {, 3, 28, 100
1, 37440, {, 0, 40, 100
1, 37440, {, 0, 52, 100
1, 37440, {, 1, 40, 100
1, 37440, {, 1, 52, 100
1, 37440, {, 9, 46, 70
1, 37560, }, 9, 36, 64
1, 37560, }, 9, 46, 64
1, 37680, }, 3, 28, 64
1, 37680, +, 0, 3840
1, 37680, +, 0, 3840
1, 37680, +, 1, 3840
1, 37680, +, 1, 3840
1, 37680, {, 3, 27, 100
1, 37680, {, 9, 36, 80
1, 37800, }, 9, 36, 64
1, 37919, +, 0, 3840
1, 37919, +, 0, 3840
1, 37919, +, 1, 3840
1, 37919, +, 1, 3840
1, 37920, }, 0, 40, 64
1, 37920, }, 0, 52, 64
1, 37920, }, 1, 40, 64
1, 37920, }, 1, 52, 64
1, 37920, }, 3, 27, 64
1, 37920, {, 3, 24, 100
1, 37920, {, 9, 38, 100
1, 37920, {, 9, 46, 90
1, 37920, +, 0, 8192
1, 37920, +, 0, 8192
1, 37920, {, 0, 49, 80
1, 37920, {, 0, 37, 80
1, 37920, +, 1, 8192
1, 37920, +, 1, 8192
1, 37920, {, 1, 49, 80
1, 37920, {, 1, 37, 80
1, 38040, }, 9, 38, 64
1, 38040, }, 9, 46, 64
1, 38040, }, 0, 49, 64
1, 38040, }, 0, 37, 64
1, 38040, }, 1, 49, 64
1, 38040, }, 1, 37, 64
1, 38160, }, 3, 24, 64
1, 38160, {, 3, 28, 100
1, 38160, {, 0, 40, 100
1, 38160, {, 0, 52, 100
1, 38160, {, 1, 40, 100
1, 38160, {, 1, 52, 100
1, 38400, }, 3, 28, 64
1, 38400, }, 0, 40, 64
1, 38400, }, 0, 52, 64
1, 38400, }, 1, 40, 64
1, 38400, }, 1, 52, 64
1, 38400, {, 9, 36, 100
1, 38400, {, 3, 25, 100
1, 38400, {, 0, 37, 100
1, 38400, {, 0, 49, 100
1, 38400, {, 1, 37, 100
1, 38400, {, 1, 49, 100
1, 38400, {, 9, 46, 70
1, 38520, }, 9, 36, 64
1, 38520, }, 0, 37, 64
1, 38520, }, 0, 49, 64
1, 38520, }, 1, 37, 64
1, 38520, }, 1, 49, 64
1, 38520, }, 9, 46, 64
1, 38640, }, 3, 25, 64
1, 38640, {, 3, 25, 100
1, 38640, {, 0, 37, 100
1, 38640, {, 0, 49, 100
1, 38640, {, 1, 37, 100
1, 38640, {, 1, 49, 100
1, 38640, {, 9, 36, 80
1, 38760, }, 0, 37, 64
1, 38760, }, 0, 49, 64
1, 38760, }, 1, 37, 64
1, 38760, }, 1, 49, 64
1, 38760, }, 9, 36, 64
1, 38880, }, 3, 25, 64
1, 38880, {, 3, 28, 100
1, 38880, {, 0, 40, 100
1, 38880, {, 0, 52, 100
1, 38880, {, 1, 40, 100
1, 38880, {, 1, 52, 100
1, 38880, {, 9, 38, 100
1, 38880, {, 9, 46, 90
1, 39000, }, 9, 38, 64
1, 39000, }, 9, 46, 64
1, 39120, }, 3, 28, 64
1, 39120, +, 0, 3840
1, 39120, +, 0, 3840
1, 39120, +, 1, 3840
1, 39120, +, 1, 3840
1, 39120, {, 3, 27, 100
1, 39359, +, 0, 3840
1, 39359, +, 0, 3840
1, 39359, +, 1, 3840
1, 39359, +, 1, 3840
1, 39360, }, 0, 40, 64
1, 39360, }, 0, 52, 64
1, 39360, }, 1, 40, 64
1, 39360, }, 1, 52, 64
1, 39360, }, 3, 27, 64
1, 39360, +, 0, 8192
1, 39360, +, 1, 8192
1, 39360, {, 9, 36, 100
1, 39360, {, 3, 25, 100
1, 39360, {, 0, 37, 100
1, 39360, +, 0, 8192
1, 39360, {, 1, 37, 100
1, 39360, +, 1, 8192
1, 39360, {, 0, 49, 100
1, 39360, {, 1, 49, 100
1, 39360, {, 9, 46, 70
1, 39480, }, 9, 36, 64
1, 39480, }, 0, 37, 64
1, 39480, }, 1, 37, 64
1, 39480, }, 0, 49, 64
1, 39480, }, 1, 49, 64
1, 39480, }, 9, 46, 64
1, 39600, }, 3, 25, 64
1, 39600, {, 3, 25, 100
1, 39600, {, 0, 37, 100
1, 39600, {, 0, 49, 100
1, 39600, {, 1, 37, 100
1, 39600, {, 1, 49, 100
1, 39600, {, 9, 36, 80
1, 39720, }, 0, 37, 64
1, 39720, }, 0, 49, 64
1, 39720, }, 1, 37, 64
1, 39720, }, 1, 49, 64
1, 39720, }, 9, 36, 64
1, 39840, }, 3, 25, 64
1, 39840, {, 3, 30, 100
1, 39840, {, 0, 42, 100
1, 39840, {, 0, 54, 100
1, 39840, {, 1, 42, 100
1, 39840, {, 1, 54, 100
1, 39840, {, 9, 38, 100
1, 39840, {, 9, 46, 90
1, 39960, }, 9, 38, 64
1, 39960, }, 9, 46, 64
1, 40080, }, 3, 30, 64
1, 40080, +, 0, 256
1, 40080, +, 0, 256
1, 40080, +, 1, 256
1, 40080, +, 1, 256
1, 40080, {, 3, 28, 100
1, 40319, +, 0, 256
1, 40319, +, 0, 256
1, 40319, +, 1, 256
1, 40319, +, 1, 256
1, 40320, }, 0, 42, 64
1, 40320, }, 0, 54, 64
1, 40320, }, 1, 42, 64
1, 40320, }, 1, 54, 64
1, 40320, }, 3, 28, 64
1, 40320, +, 0, 8192
1, 40320, +, 1, 8192
1, 40320, {, 9, 36, 100
1, 40320, {, 3, 25, 100
1, 40320, {, 0, 37, 100
1, 40320, +, 0, 8192
1, 40320, {, 1, 37, 100
1, 40320, +, 1, 8192
1, 40320, {, 0, 49, 100
1, 40320, {, 1, 49, 100
1, 40320, {, 9, 46, 70
1, 40440, }, 9, 36, 64
1, 40440, }, 0, 37, 64
1, 40440, }, 1, 37, 64
1, 40440, }, 0, 49, 64
1, 40440, }, 1, 49, 64
1, 40440, }, 9, 46, 64
1, 40560, }, 3, 25, 64
1, 40560, {, 3, 25, 100
1, 40560, {, 0, 37, 100
1, 40560, {, 0, 49, 100
1, 40560, {, 1, 37, 100
1, 40560, {, 1, 49, 100
1, 40560, {, 9, 36, 80
1, 40680, }, 0, 37, 64
1, 40680, }, 0, 49, 64
1, 40680, }, 1, 37, 64
1, 40680, }, 1, 49, 64
1, 40680, }, 9, 36, 64
1, 40800, }, 3, 25, 64
1, 40800, {, 3, 32, 100
1, 40800, {, 0, 44, 100
1, 40800, {, 0, 56, 100
1, 40800, {, 1, 44, 100
1, 40800, {, 1, 56, 100
1, 40800, {, 9, 38, 100
1, 40800, {, 9, 46, 90
1, 40920, }, 9, 38, 64
1, 40920, }, 9, 46, 64
1, 41040, }, 3, 32, 64
1, 41040, }, 0, 44, 64
1, 41040, }, 0, 56, 64
1, 41040, }, 1, 44, 64
1, 41040, }, 1, 56, 64
1, 41040, {, 3, 25, 100
1, 41040, {, 0, 49, 80
1, 41040, {, 0, 37, 80
1, 41040, {, 1, 49, 80
1, 41040, {, 1, 37, 80
1, 41160, }, 0, 49, 64
1, 41160, }, 0, 37, 64
1, 41160, }, 1, 49, 64
1, 41160, }, 1, 37, 64
1, 41280, }, 3, 25, 64
1, 41280, {, 9, 36, 100
1, 41280, {, 3, 31, 100
1, 41280, {, 0, 55, 100
1, 41280, {, 0, 43, 100
1, 41280, {, 1, 55, 100
1, 41280, {, 1, 43, 100
1, 41280, {, 9, 46, 70
1, 41400, }, 9, 36, 64
1, 41400, }, 9, 46, 64
1, 41520, }, 3, 31, 64
1, 41520, }, 0, 55, 64
1, 41520, }, 0, 43, 64
1, 41520, }, 1, 55, 64
1, 41520, }, 1, 43, 64
1, 41520, {, 3, 28, 100
1, 41520, {, 0, 52, 100
1, 41520, {, 0, 40, 100
1, 41520, {, 1, 52, 100
1, 41520, {, 1, 40, 100
1, 41520, {, 9, 36, 80
1, 41640, }, 9, 36, 64
1, 41760, {, 9, 38, 100
1, 41760, {, 9, 46, 90
1, 41880, }, 9, 38, 64
1, 41880, }, 9, 46, 64
1, 42240, }, 3, 28, 64
1, 42240, }, 0, 52, 64
1, 42240, }, 0, 40, 64
1, 42240, }, 1, 52, 64
1, 42240, }, 1, 40, 64
1, 42240, {, 3, 25, 100
1, 42240, &, 3, 7, 127
1, 42240, {, 0, 37, 100
1, 42240, {, 0, 49, 100
1, 42240, &, 0, 7, 94
1, 42240, {, 1, 37, 100
1, 42240, {, 1, 49, 100
1, 42240, &, 1, 7, 94
1, 42240, {, 9, 36, 100
1, 42240, &, 9, 7, 110
1, 42240, {, 9, 57, 100
1, 42300, &, 3, 7, 126
1, 42310, &, 9, 7, 108
1, 42321, &, 1, 7, 93
1, 42323, &, 0, 7, 93
1, 42360, }, 0, 37, 64
1, 42360, }, 0, 49, 64
1, 42360, }, 1, 37, 64
1, 42360, }, 1, 49, 64
1, 42360, }, 9, 36, 64
1, 42360, }, 9, 57, 64
1, 42361, &, 3, 7, 125
1, 42379, &, 9, 7, 108
1, 42403, &, 1, 7, 92
1, 42406, &, 0, 7, 92
1, 42421, &, 3, 7, 124
1, 42449, &, 9, 7, 107
1, 42480, }, 3, 25, 64
1, 42480, {, 1, 37, 100
1, 42480, {, 1, 49, 100
1, 42480, {, 0, 37, 100
1, 42480, {, 0, 49, 100
1, 42480, {, 3, 25, 100
1, 42480, {, 9, 36, 80
1, 42482, &, 3, 7, 123
1, 42485, &, 1, 7, 91
1, 42489, &, 0, 7, 91
1, 42519, &, 9, 7, 106
1, 42542, &, 3, 7, 122
1, 42567, &, 1, 7, 89
1, 42572, &, 0, 7, 90
1, 42589, &, 9, 7, 105
1, 42600, }, 1, 37, 64
1, 42600, }, 1, 49, 64
1, 42600, }, 0, 37, 64
1, 42600, }, 0, 49, 64
1, 42600, }, 9, 36, 64
1, 42603, &, 3, 7, 121
1, 42648, &, 1, 7, 89
1, 42655, &, 0, 7, 89
1, 42659, &, 9, 7, 104
1, 42663, &, 3, 7, 120
1, 42720, }, 3, 25, 64
1, 42720, {, 1, 40, 100
1, 42720, {, 1, 52, 100
1, 42720, {, 0, 40, 100
1, 42720, {, 0, 52, 100
1, 42720, {, 9, 38, 100
1, 42720, {, 3, 28, 100
1, 42720, {, 9, 46, 90
1, 42724, &, 3, 7, 119
1, 42728, &, 9, 7, 103
1, 42730, &, 1, 7, 88
1, 42738, &, 0, 7, 88
1, 42784, &, 3, 7, 118
1, 42798, &, 9, 7, 102
1, 42812, &, 1, 7, 87
1, 42821, &, 0, 7, 87
1, 42840, }, 9, 38, 64
1, 42840, }, 9, 46, 64
1, 42845, &, 3, 7, 117
1, 42868, &, 9, 7, 101
1, 42893, &, 1, 7, 86
1, 42904, &, 0, 7, 86
1, 42905, &, 3, 7, 116
1, 42938, &, 9, 7, 100
1, 42960, }, 3, 28, 64
1, 42960, +, 1, 3840
1, 42960, +, 1, 3840
1, 42960, +, 0, 3840
1, 42960, +, 0, 3840
1, 42960, {, 3, 27, 100
1, 42966, &, 3, 7, 115
1, 42975, &, 1, 7, 85
1, 42986, &, 0, 7, 85
1, 43008, &, 9, 7, 99
1, 43026, &, 3, 7, 114
1, 43057, &, 1, 7, 84
1, 43069, &, 0, 7, 84
1, 43077, &, 9, 7, 98
1, 43087, &, 3, 7, 113
1, 43138, &, 1, 7, 83
1, 43147, &, 9, 7, 97
1, 43147, &, 3, 7, 112
1, 43152, &, 0, 7, 83
1, 43199, +, 1, 3840
1, 43199, +, 1, 3840
1, 43199, +, 0, 3840
1, 43199, +, 0, 3840
1, 43200, }, 1, 40, 64
1, 43200, }, 1, 52, 64
1, 43200, }, 0, 40, 64
1, 43200, }, 0, 52, 64
1, 43200, }, 3, 27, 64
1, 43200, +, 1, 8192
1, 43200, +, 0, 8192
1, 43200, {, 9, 36, 100
1, 43200, {, 3, 25, 100
1, 43200, {, 1, 37, 100
1, 43200, +, 1, 8192
1, 43200, {, 0, 37, 100
1, 43200, +, 0, 8192
1, 43200, {, 1, 49, 100
1, 43200, {, 0, 49, 100
1, 43200, {, 9, 46, 70
1, 43207, &, 3, 7, 111
1, 43217, &, 9, 7, 96
1, 43220, &, 1, 7, 82
1, 43235, &, 0, 7, 82
1, 43268, &, 3, 7, 110
1, 43287, &, 9, 7, 95
1, 43302, &, 1, 7, 81
1, 43318, &, 0, 7, 81
1, 43320, }, 9, 36, 64
1, 43320, }, 1, 37, 64
1, 43320, }, 0, 37, 64
1, 43320, }, 1, 49, 64
1, 43320, }, 0, 49, 64
1, 43320, }, 9, 46, 64
1, 43328, &, 3, 7, 109
1, 43357, &, 9, 7, 94
1, 43384, &, 1, 7, 80
1, 43389, &, 3, 7, 108
1, 43401, &, 0, 7, 80
1, 43427, &, 9, 7, 93
1, 43440, }, 3, 25, 64
1, 43440, {, 1, 37, 100
1, 43440, {, 1, 49, 100
1, 43440, {, 3, 25, 100
1, 43440, {, 0, 37, 100
1, 43440, {, 0, 49, 100
1, 43440, {, 9, 36, 80
1, 43449, &, 3, 7, 107
1, 43465, &, 1, 7, 79
1, 43484, &, 0, 7, 79
1, 43496, &, 9, 7, 92
1, 43510, &, 3, 7, 106
1, 43547, &, 1, 7, 78
1, 43560, }, 1, 37, 64
1, 43560, }, 1, 49, 64
1, 43560, }, 0, 37, 64
1, 43560, }, 0, 49, 64
1, 43560, }, 9, 36, 64
1, 43566, &, 9, 7, 91
1, 43567, &, 0, 7, 78
1, 43570, &, 3, 7, 105
1, 43629, &, 1, 7, 77
1, 43631, &, 3, 7, 104
1, 43636, &, 9, 7, 90
1, 43650, &, 0, 7, 77
1, 43680, }, 3, 25, 64
1, 43680, {, 1, 42, 100
1, 43680, {, 1, 54, 100
1, 43680, {, 3, 30, 100
1, 43680, {, 9, 38, 100
1, 43680, {, 9, 46, 90
1, 43680, {, 0, 42, 100
1, 43680, {, 0, 54, 100
1, 43691, &, 3, 7, 103
1, 43706, &, 9, 7, 89
1, 43710, &, 1, 7, 76
1, 43733, &, 0, 7, 76
1, 43752, &, 3, 7, 102
1, 43776, &, 9, 7, 88
1, 43792, &, 1, 7, 75
1, 43800, }, 9, 38, 64
1, 43800, }, 9, 46, 64
1, 43812, &, 3, 7, 101
1, 43816, &, 0, 7, 75
1, 43845, &, 9, 7, 87
1, 43873, &, 3, 7, 100
1, 43874, &, 1, 7, 74
1, 43899, &, 0, 7, 74
1, 43915, &, 9, 7, 86
1, 43920, }, 3, 30, 64
1, 43920, +, 1, 256
1, 43920, +, 1, 256
1, 43920, +, 0, 256
1, 43920, +, 0, 256
1, 43920, {, 3, 28, 100
1, 43933, &, 3, 7, 99
1, 43955, &, 1, 7, 73
1, 43982, &, 0, 7, 73
1, 43985, &, 9, 7, 85
1, 43994, &, 3, 7, 98
1, 44037, &, 1, 7, 72
1, 44054, &, 3, 7, 97
1, 44055, &, 9, 7, 84
1, 44065, &, 0, 7, 72
1, 44115, &, 3, 7, 96
1, 44119, &, 1, 7, 71
1, 44125, &, 9, 7, 83
1, 44148, &, 0, 7, 71
1, 44159, +, 1, 256
1, 44159, +, 1, 256
1, 44159, +, 0, 256
1, 44159, +, 0, 256
1, 44160, }, 1, 42, 64
1, 44160, }, 1, 54, 64
1, 44160, }, 0, 42, 64
1, 44160, }, 0, 54, 64
1, 44160, }, 3, 28, 64
1, 44160, +, 1, 8192
1, 44160, +, 0, 8192
1, 44160, {, 3, 25, 100
1, 44160, {, 9, 36, 100
1, 44160, {, 1, 37, 100
1, 44160, +, 1, 8192
1, 44160, {, 0, 37, 100
1, 44160, +, 0, 8192
1, 44160, {, 1, 49, 100
1, 44160, {, 0, 49, 100
1, 44160, {, 9, 46, 70
1, 44175, &, 3, 7, 95
1, 44195, &, 9, 7, 82
1, 44201, &, 1, 7, 70
1, 44231, &, 0, 7, 70
1, 44235, &, 3, 7, 94
1, 44264, &, 9, 7, 81
1, 44280, }, 9, 36, 64
1, 44280, }, 1, 37, 64
1, 44280, }, 0, 37, 64
1, 44280, }, 1, 49, 64
1, 44280, }, 0, 49, 64
1, 44280, }, 9, 46, 64
1, 44282, &, 1, 7, 69
1, 44296, &, 3, 7, 93
1, 44314, &, 0, 7, 69
1, 44334, &, 9, 7, 80
1, 44356, &, 3, 7, 92
1, 44364, &, 1, 7, 68
1, 44397, &, 0, 7, 68
1, 44400, }, 3, 25, 64
1, 44400, {, 3, 25, 100
1, 44400, {, 1, 37, 100
1, 44400, {, 1, 49, 100
1, 44400, {, 0, 37, 100
1, 44400, {, 0, 49, 100
1, 44400, {, 9, 36, 80
1, 44404, &, 9, 7, 79
1, 44417, &, 3, 7, 91
1, 44446, &, 1, 7, 67
1, 44474, &, 9, 7, 78
1, 44477, &, 3, 7, 90
1, 44480, &, 0, 7, 67
1, 44520, }, 1, 37, 64
1, 44520, }, 1, 49, 64
1, 44520, }, 0, 37, 64
1, 44520, }, 0, 49, 64
1, 44520, }, 9, 36, 64
1, 44527, &, 1, 7, 66
1, 44538, &, 3, 7, 89
1, 44544, &, 9, 7, 77
1, 44563, &, 0, 7, 66
1, 44598, &, 3, 7, 88
1, 44609, &, 1, 7, 65
1, 44613, &, 9, 7, 76
1, 44640, }, 3, 25, 64
1, 44640, {, 0, 44, 100
1, 44640, {, 0, 56, 100
1, 44640, {, 3, 32, 100
1, 44640, {, 1, 44, 100
1, 44640, {, 1, 56, 100
1, 44640, {, 9, 38, 100
1, 44640, {, 9, 46, 90
1, 44646, &, 0, 7, 65
1, 44659, &, 3, 7, 87
1, 44683, &, 9, 7, 75
1, 44691, &, 1, 7, 64
1, 44719, &, 3, 7, 86
1, 44729, &, 0, 7, 64
1, 44753, &, 9, 7, 74
1, 44760, }, 9, 38, 64
1, 44760, }, 9, 46, 64
1, 44772, &, 1, 7, 63
1, 44780, &, 3, 7, 85
1, 44812, &, 0, 7, 63
1, 44823, &, 9, 7, 73
1, 44840, &, 3, 7, 84
1, 44854, &, 1, 7, 62
1, 44880, }, 0, 44, 64
1, 44880, }, 0, 56, 64
1, 44880, }, 3, 32, 64
1, 44880, }, 1, 44, 64
1, 44880, }, 1, 56, 64
1, 44880, {, 3, 25, 100
1, 44880, {, 0, 49, 80
1, 44880, {, 0, 37, 80
1, 44880, {, 1, 49, 80
1, 44880, {, 1, 37, 80
1, 44893, &, 9, 7, 72
1, 44895, &, 0, 7, 62
1, 44901, &, 3, 7, 83
1, 44936, &, 1, 7, 61
1, 44961, &, 3, 7, 82
1, 44963, &, 9, 7, 71
1, 44978, &, 0, 7, 61
1, 45000, }, 0, 49, 64
1, 45000, }, 0, 37, 64
1, 45000, }, 1, 49, 64
1, 45000, }, 1, 37, 64
1, 45018, &, 1, 7, 60
1, 45022, &, 3, 7, 81
1, 45032, &, 9, 7, 70
1, 45061, &, 0, 7, 60
1, 45082, &, 3, 7, 80
1, 45099, &, 1, 7, 59
1, 45102, &, 9, 7, 69
1, 45120, }, 3, 25, 64
1, 45120, {, 0, 40, 100
1, 45120, {, 0, 52, 100
1, 45120, {, 3, 28, 100
1, 45120, {, 1, 40, 100
1, 45120, {, 1, 52, 100
1, 45120, {, 9, 36, 100
1, 45120, {, 9, 46, 70
1, 45142, &, 3, 7, 79
1, 45144, &, 0, 7, 59
1, 45172, &, 9, 7, 68
1, 45181, &, 1, 7, 58
1, 45203, &, 3, 7, 78
1, 45227, &, 0, 7, 58
1, 45240, }, 9, 36, 64
1, 45240, }, 9, 46, 64
1, 45242, &, 9, 7, 67
1, 45263, &, 1, 7, 57
1, 45263, &, 3, 7, 77
1, 45310, &, 0, 7, 57
1, 45312, &, 9, 7, 66
1, 45324, &, 3, 7, 76
1, 45344, &, 1, 7, 56
1, 45360, }, 3, 28, 64
1, 45360, +, 0, 3840
1, 45360, +, 0, 3840
1, 45360, +, 1, 3840
1, 45360, +, 1, 3840
1, 45360, {, 3, 27, 100
1, 45360, {, 9, 36, 80
1, 45381, &, 9, 7, 65
1, 45384, &, 3, 7, 75
1, 45393, &, 0, 7, 56
1, 45426, &, 1, 7, 55
1, 45445, &, 3, 7, 74
1, 45451, &, 9, 7, 64
1, 45476, &, 0, 7, 55
1, 45480, }, 9, 36, 64
1, 45505, &, 3, 7, 73
1, 45508, &, 1, 7, 54
1, 45521, &, 9, 7, 63
1, 45559, &, 0, 7, 54
1, 45566, &, 3, 7, 72
1, 45589, &, 1, 7, 53
1, 45591, &, 9, 7, 62
1, 45599, +, 0, 3840
1, 45599, +, 0, 3840
1, 45599, +, 1, 3840
1, 45599, +, 1, 3840
1, 45600, }, 0, 40, 64
1, 45600, }, 0, 52, 64
1, 45600, }, 1, 40, 64
1, 45600, }, 1, 52, 64
1, 45600, }, 3, 27, 64
1, 45600, {, 3, 24, 100
1, 45600, {, 9, 38, 100
1, 45600, {, 9, 46, 90
1, 45600, +, 0, 8192
1, 45600, +, 0, 8192
1, 45600, {, 0, 49, 80
1, 45600, {, 0, 37, 80
1, 45600, +, 1, 8192
1, 45600, +, 1, 8192
1, 45600, {, 1, 49, 80
1, 45600, {, 1, 37, 80
1, 45626, &, 3, 7, 71
1, 45642, &, 0, 7, 53
1, 45661, &, 9, 7, 61
1, 45671, &, 1, 7, 52
1, 45687, &, 3, 7, 70
1, 45720, }, 9, 38, 64
1, 45720, }, 9, 46, 64
1, 45720, }, 0, 49, 64
1, 45720, }, 0, 37, 64
1, 45720, }, 1, 49, 64
1, 45720, }, 1, 37, 64
1, 45725, &, 0, 7, 52
1, 45731, &, 9, 7, 60
1, 45747, &, 3, 7, 69
1, 45753, &, 1, 7, 51
1, 45800, &, 9, 7, 59
1, 45808, &, 0, 7, 51
1, 45808, &, 3, 7, 68
1, 45835, &, 1, 7, 50
1, 45840, }, 3, 24, 64
1, 45840, {, 0, 40, 100
1, 45840, {, 0, 52, 100
1, 45840, {, 3, 28, 100
1, 45840, {, 1, 40, 100
1, 45840, {, 1, 52, 100
1, 45868, &, 3, 7, 67
1, 45870, &, 9, 7, 58
1, 45891, &, 0, 7, 50
1, 45916, &, 1, 7, 49
1, 45929, &, 3, 7, 66
1, 45940, &, 9, 7, 57
1, 45974, &, 0, 7, 49
1, 45989, &, 3, 7, 65
1, 45998, &, 1, 7, 48
1, 46010, &, 9, 7, 56
1, 46050, &, 3, 7, 64
1, 46057, &, 0, 7, 48
1, 46080, }, 0, 40, 64
1, 46080, }, 0, 52, 64
1, 46080, }, 3, 28, 64
1, 46080, }, 1, 40, 64
1, 46080, }, 1, 52, 64
1, 46080, {, 1, 37, 100
1, 46080, {, 1, 49, 100
1, 46080, &, 1, 7, 47
1, 46080, {, 9, 36, 100
1, 46080, &, 9, 7, 55
1, 46080, {, 3, 25, 100
1, 46080, {, 0, 37, 100
1, 46080, {, 0, 49, 100
1, 46080, {, 9, 46, 70
1, 46110, &, 3, 7, 63
1, 46140, &, 0, 7, 47
1, 46149, &, 9, 7, 54
1, 46161, &, 1, 7, 46
1, 46170, &, 3, 7, 62
1, 46200, }, 1, 37, 64
1, 46200, }, 1, 49, 64
1, 46200, }, 9, 36, 64
1, 46200, }, 0, 37, 64
1, 46200, }, 0, 49, 64
1, 46200, }, 9, 46, 64
1, 46219, &, 9, 7, 53
1, 46223, &, 0, 7, 46
1, 46231, &, 3, 7, 61
1, 46243, &, 1, 7, 45
1, 46289, &, 9, 7, 52
1, 46291, &, 3, 7, 60
1, 46306, &, 0, 7, 45
1, 46320, }, 3, 25, 64
1, 46320, {, 1, 37, 100
1, 46320, {, 1, 49, 100
1, 46320, {, 3, 25, 100
1, 46320, {, 0, 37, 100
1, 46320, {, 0, 49, 100
1, 46320, {, 9, 36, 80
1, 46325, &, 1, 7, 44
1, 46352, &, 3, 7, 59
1, 46359, &, 9, 7, 51
1, 46389, &, 0, 7, 44
1, 46406, &, 1, 7, 43
1, 46412, &, 3, 7, 58
1, 46429, &, 9, 7, 50
1, 46440, }, 1, 37, 64
1, 46440, }, 1, 49, 64
1, 46440, }, 0, 37, 64
1, 46440, }, 0, 49, 64
1, 46440, }, 9, 36, 64
1, 46472, &, 0, 7, 43
1, 46473, &, 3, 7, 57
1, 46488, &, 1, 7, 42
1, 46498, &, 9, 7, 49
1, 46533, &, 3, 7, 56
1, 46554, &, 0, 7, 42
1, 46560, }, 3, 25, 64
1, 46560, {, 1, 40, 100
1, 46560, {, 1, 52, 100
1, 46560, {, 9, 38, 100
1, 46560, {, 9, 46, 90
1, 46560, {, 3, 28, 100
1, 46560, {, 0, 40, 100
1, 46560, {, 0, 52, 100
1, 46568, &, 9, 7, 48
1, 46570, &, 1, 7, 41
1, 46594, &, 3, 7, 55
1, 46637, &, 0, 7, 41
1, 46638, &, 9, 7, 47
1, 46652, &, 1, 7, 40
1, 46654, &, 3, 7, 54
1, 46680, }, 9, 38, 64
1, 46680, }, 9, 46, 64
1, 46708, &, 9, 7, 46
1, 46715, &, 3, 7, 53
1, 46720, &, 0, 7, 40
1, 46733, &, 1, 7, 39
1, 46775, &, 3, 7, 52
1, 46778, &, 9, 7, 45
1, 46800, }, 3, 28, 64
1, 46800, +, 0, 3840
1, 46800, +, 0, 3840
1, 46800, +, 1, 3840
1, 46800, +, 1, 3840
1, 46800, {, 3, 27, 100
1, 46803, &, 0, 7, 39
1, 46815, &, 1, 7, 38
1, 46836, &, 3, 7, 51
1, 46848, &, 9, 7, 44
1, 46886, &, 0, 7, 38
1, 46896, &, 3, 7, 50
1, 46897, &, 1, 7, 37
1, 46917, &, 9, 7, 43
1, 46957, &, 3, 7, 49
1, 46969, &, 0, 7, 37
1, 46978, &, 1, 7, 36
1, 46987, &, 9, 7, 42
1, 47017, &, 3, 7, 48
1, 47039, +, 0, 3840
1, 47039, +, 0, 3840
1, 47039, +, 1, 3840
1, 47039, +, 1, 3840
1, 47040, }, 1, 40, 64
1, 47040, }, 1, 52, 64
1, 47040, }, 0, 40, 64
1, 47040, }, 0, 52, 64
1, 47040, }, 3, 27, 64
1, 47040, +, 0, 8192
1, 47040, +, 1, 8192
1, 47040, {, 9, 36, 100
1, 47040, {, 3, 25, 100
1, 47040, {, 0, 37, 100
1, 47040, +, 0, 8192
1, 47040, {, 1, 37, 100
1, 47040, +, 1, 8192
1, 47040, {, 0, 49, 100
1, 47040, {, 1, 49, 100
1, 47040, {, 9, 46, 70
1, 47052, &, 0, 7, 36
1, 47057, &, 9, 7, 41
1, 47060, &, 1, 7, 35
1, 47077, &, 3, 7, 47
1, 47127, &, 9, 7, 40
1, 47135, &, 0, 7, 35
1, 47138, &, 3, 7, 46
1, 47142, &, 1, 7, 34
1, 47160, }, 9, 36, 64
1, 47160, }, 0, 37, 64
1, 47160, }, 1, 37, 64
1, 47160, }, 0, 49, 64
1, 47160, }, 1, 49, 64
1, 47160, }, 9, 46, 64
1, 47197, &, 9, 7, 39
1, 47198, &, 3, 7, 45
1, 47218, &, 0, 7, 34
1, 47223, &, 1, 7, 33
1, 47259, &, 3, 7, 44
1, 47266, &, 9, 7, 38
1, 47280, }, 3, 25, 64
1, 47280, {, 0, 37, 100
1, 47280, {, 0, 49, 100
1, 47280, {, 1, 37, 100
1, 47280, {, 1, 49, 100
1, 47280, {, 3, 25, 100
1, 47280, {, 9, 36, 80
1, 47301, &, 0, 7, 33
1, 47305, &, 1, 7, 32
1, 47319, &, 3, 7, 43
1, 47336, &, 9, 7, 37
1, 47380, &, 3, 7, 42
1, 47384, &, 0, 7, 32
1, 47387, &, 1, 7, 31
1, 47400, }, 0, 37, 64
1, 47400, }, 0, 49, 64
1, 47400, }, 1, 37, 64
1, 47400, }, 1, 49, 64
1, 47400, }, 9, 36, 64
1, 47406, &, 9, 7, 36
1, 47440, &, 3, 7, 41
1, 47467, &, 0, 7, 31
1, 47469, &, 1, 7, 30
1, 47476, &, 9, 7, 35
1, 47501, &, 3, 7, 40
1, 47520, }, 3, 25, 64
1, 47520, {, 0, 42, 100
1, 47520, {, 0, 54, 100
1, 47520, {, 1, 42, 100
1, 47520, {, 1, 54, 100
1, 47520, {, 9, 38, 100
1, 47520, {, 9, 46, 90
1, 47520, {, 3, 30, 100
1, 47546, &, 9, 7, 34
1, 47550, &, 0, 7, 30
1, 47550, &, 1, 7, 29
1, 47561, &, 3, 7, 39
1, 47616, &, 9, 7, 33
1, 47622, &, 3, 7, 38
1, 47632, &, 1, 7, 28
1, 47633, &, 0, 7, 29
1, 47640, }, 9, 38, 64
1, 47640, }, 9, 46, 64
1, 47682, &, 3, 7, 37
1, 47685, &, 9, 7, 32
1, 47714, &, 1, 7, 27
1, 47716, &, 0, 7, 28
1, 47743, &, 3, 7, 36
1, 47755, &, 9, 7, 31
1, 47760, }, 3, 30, 64
1, 47760, +, 1, 256
1, 47760, +, 1, 256
1, 47760, +, 0, 256
1, 47760, +, 0, 256
1, 47760, {, 3, 28, 100
1, 47795, &, 1, 7, 26
1, 47799, &, 0, 7, 27
1, 47803, &, 3, 7, 35
1, 47825, &, 9, 7, 30
1, 47864, &, 3, 7, 34
1, 47877, &, 1, 7, 25
1, 47882, &, 0, 7, 26
1, 47895, &, 9, 7, 29
1, 47924, &, 3, 7, 33
1, 47959, &, 1, 7, 24
1, 47965, &, 0, 7, 25
1, 47965, &, 9, 7, 28
1, 47985, &, 3, 7, 32
1, 47999, +, 1, 256
1, 47999, +, 1, 256
1, 47999, +, 0, 256
1, 47999, +, 0, 256
1, 48000, }, 0, 42, 64
1, 48000, }, 0, 54, 64
1, 48000, }, 1, 42, 64
1, 48000, }, 1, 54, 64
1, 48000, }, 3, 28, 64
1, 48000, +, 1, 8192
1, 48000, +, 0, 8192
1, 48000, {, 9, 36, 100
1, 48000, {, 3, 25, 100
1, 48000, {, 1, 37, 100
1, 48000, +, 1, 8192
1, 48000, {, 0, 37, 100
1, 48000, +, 0, 8192
1, 48000, {, 1, 49, 100
1, 48000, {, 0, 49, 100
1, 48000, {, 9, 46, 70
1, 48034, &, 9, 7, 27
1, 48040, &, 1, 7, 23
1, 48045, &, 3, 7, 31
1, 48048, &, 0, 7, 24
1, 48104, &, 9, 7, 26
1, 48105, &, 3, 7, 30
1, 48120, }, 9, 36, 64
1, 48120, }, 1, 37, 64
1, 48120, }, 0, 37, 64
1, 48120, }, 1, 49, 64
1, 48120, }, 0, 49, 64
1, 48120, }, 9, 46, 64
1, 48122, &, 1, 7, 22
1, 48131, &, 0, 7, 23
1, 48166, &, 3, 7, 29
1, 48174, &, 9, 7, 25
1, 48204, &, 1, 7, 21
1, 48214, &, 0, 7, 22
1, 48226, &, 3, 7, 28
1, 48240, }, 3, 25, 64
1, 48240, {, 1, 37, 100
1, 48240, {, 1, 49, 100
1, 48240, {, 0, 37, 100
1, 48240, {, 0, 49, 100
1, 48240, {, 3, 25, 100
1, 48240, {, 9, 36, 80
1, 48244, &, 9, 7, 24
1, 48286, &, 1, 7, 20
1, 48287, &, 3, 7, 27
1, 48297, &, 0, 7, 21
1, 48314, &, 9, 7, 23
1, 48347, &, 3, 7, 26
1, 48360, }, 1, 37, 64
1, 48360, }, 1, 49, 64
1, 48360, }, 0, 37, 64
1, 48360, }, 0, 49, 64
1, 48360, }, 9, 36, 64
1, 48367, &, 1, 7, 19
1, 48380, &, 0, 7, 20
1, 48384, &, 9, 7, 22
1, 48408, &, 3, 7, 25
1, 48449, &, 1, 7, 18
1, 48453, &, 9, 7, 21
1, 48463, &, 0, 7, 19
1, 48468, &, 3, 7, 24
1, 48480, }, 3, 25, 64
1, 48480, {, 1, 44, 100
1, 48480, {, 1, 56, 100
1, 48480, {, 9, 38, 100
1, 48480, {, 9, 46, 90
1, 48480, {, 0, 44, 100
1, 48480, {, 0, 56, 100
1, 48480, {, 3, 32, 100
1, 48523, &, 9, 7, 20
1, 48529, &, 3, 7, 23
1, 48531, &, 1, 7, 17
1, 48546, &, 0, 7, 18
1, 48589, &, 3, 7, 22
1, 48593, &, 9, 7, 19
1, 48600, }, 9, 38, 64
1, 48600, }, 9, 46, 64
1, 48612, &, 1, 7, 16
1, 48629, &, 0, 7, 17
1, 48650, &, 3, 7, 21
1, 48663, &, 9, 7, 18
1, 48694, &, 1, 7, 15
1, 48710, &, 3, 7, 20
1, 48712, &, 0, 7, 16
1, 48720, }, 1, 44, 64
1, 48720, }, 1, 56, 64
1, 48720, }, 0, 44, 64
1, 48720, }, 0, 56, 64
1, 48720, }, 3, 32, 64
1, 48720, {, 3, 25, 100
1, 48720, {, 1, 49, 80
1, 48720, {, 1, 37, 80
1, 48720, {, 0, 49, 80
1, 48720, {, 0, 37, 80
1, 48733, &, 9, 7, 17
1, 48771, &, 3, 7, 19
1, 48776, &, 1, 7, 14
1, 48795, &, 0, 7, 15
1, 48802, &, 9, 7, 16
1, 48831, &, 3, 7, 18
1, 48840, }, 1, 49, 64
1, 48840, }, 1, 37, 64
1, 48840, }, 0, 49, 64
1, 48840, }, 0, 37, 64
1, 48857, &, 1, 7, 13
1, 48872, &, 9, 7, 15
1, 48878, &, 0, 7, 14
1, 48892, &, 3, 7, 17
1, 48939, &, 1, 7, 12
1, 48942, &, 9, 7, 14
1, 48952, &, 3, 7, 16
1, 48960, }, 3, 25, 64
1, 48960, {, 0, 55, 100
1, 48960, {, 0, 43, 100
1, 48960, {, 1, 55, 100
1, 48960, {, 1, 43, 100
1, 48960, {, 9, 36, 100
1, 48960, {, 3, 31, 100
1, 48960, {, 9, 46, 70
1, 48961, &, 0, 7, 13
1, 49012, &, 3, 7, 15
1, 49012, &, 9, 7, 13
1, 49021, &, 1, 7, 11
1, 49044, &, 0, 7, 12
1, 49073, &, 3, 7, 14
1, 49080, }, 9, 36, 64
1, 49080, }, 9, 46, 64
1, 49082, &, 9, 7, 12
1, 49103, &, 1, 7, 10
1, 49127, &, 0, 7, 11
1, 49133, &, 3, 7, 13
1, 49152, &, 9, 7, 11
1, 49184, &, 1, 7, 9
1, 49194, &, 3, 7, 12
1, 49200, }, 0, 55, 64
1, 49200, }, 0, 43, 64
1, 49200, }, 1, 55, 64
1, 49200, }, 1, 43, 64
1, 49200, }, 3, 31, 64
1, 49200, {, 0, 52, 100
1, 49200, {, 0, 40, 100
1, 49200, {, 1, 52, 100
1, 49200, {, 1, 40, 100
1, 49200, {, 3, 28, 100
1, 49200, {, 9, 36, 80
1, 49210, &, 0, 7, 10
1, 49221, &, 9, 7, 10
1, 49254, &, 3, 7, 11
1, 49266, &, 1, 7, 8
1, 49291, &, 9, 7, 9
1, 49293, &, 0, 7, 9
1, 49315, &, 3, 7, 10
1, 49320, }, 9, 36, 64
1, 49348, &, 1, 7, 7
1, 49361, &, 9, 7, 8
1, 49375, &, 3, 7, 9
1, 49376, &, 0, 7, 8
1, 49429, &, 1, 7, 6
1, 49431, &, 9, 7, 7
1, 49436, &, 3, 7, 8
1, 49440, {, 9, 38, 100
1, 49440, {, 9, 46, 90
1, 49459, &, 0, 7, 7
1, 49496, &, 3, 7, 7
1, 49501, &, 9, 7, 6
1, 49511, &, 1, 7, 5
1, 49542, &, 0, 7, 6
1, 49557, &, 3, 7, 6
1, 49560, }, 9, 38, 64
1, 49560, }, 9, 46, 64
1, 49570, &, 9, 7, 5
1, 49593, &, 1, 7, 4
1, 49617, &, 3, 7, 5
1, 49625, &, 0, 7, 5
1, 49640, &, 9, 7, 4
1, 49674, &, 1, 7, 3
1, 49678, &, 3, 7, 4
1, 49708, &, 0, 7, 4
1, 49710, &, 9, 7, 3
1, 49738, &, 3, 7, 3
1, 49756, &, 1, 7, 2
1, 49780, &, 9, 7, 2
1, 49791, &, 0, 7, 3
1, 49799, &, 3, 7, 2
1, 49838, &, 1, 7, 1
1, 49850, &, 9, 7, 1
1, 49859, &, 3, 7, 1
1, 49874, &, 0, 7, 2
1, 49919, &, 1, 7, 0
1, 49919, &, 9, 7, 0
1, 49919, &, 3, 7, 0
1, 49920, }, 1, 40, 64
1, 49920, }, 1, 52, 64
1, 49920, +, 1, 8192
1, 49920, }, 3, 28, 64
1, 49920, }, 0, 52, 64
1, 49920, }, 0, 40, 64
1, 49957, &, 0, 7, 1
1, 50039, &, 0, 7, 0
1, 51840, +, 0, 8192
1, 51840, +, 1, 8192
1, 51840, +, 2, 8192
1, 51840, +, 4, 8192
1, 51840, \
0, 0, >

