0, 0, <, 1, 14, 192
1, 0, /
1, 0, ~, "Seymour's Theme"
1, 0, |, "By Unregistered User"
1, 0, (, "Copyright © 2001 by NoteWorthy Software, Inc."
1, 0, (, "All Rights Reserved"
1, 0, |, "Generated by NoteWorthy Composer"
1, 0, $, 4, 2, 24, 8
1, 0, \
2, 0, /
2, 0, `, 0
2, 0, ~, "Staff"
2, 0, &, 0, 7, 127
2, 0, &, 0, 10, 64
2, 0, ;, 0, 49
2, 0, {, 0, 79, 110
2, 576, {, 0, 79, 0
2, 576, {, 0, 71, 110
2, 960, {, 0, 71, 0
2, 960, {, 0, 83, 110
2, 3550, {, 0, 83, 0
2, 3744, {, 0, 78, 110
2, 4320, {, 0, 78, 0
2, 4320, {, 0, 70, 110
2, 4704, {, 0, 70, 0
2, 4704, {, 0, 82, 110
2, 7264, {, 0, 82, 0
2, 7488, {, 0, 75, 110
2, 8064, {, 0, 75, 0
2, 8064, {, 0, 67, 110
2, 8448, {, 0, 67, 0
2, 8448, {, 0, 79, 110
2, 11038, {, 0, 79, 0
2, 11232, {, 0, 74, 110
2, 11808, {, 0, 74, 0
2, 11808, {, 0, 65, 110
2, 12192, {, 0, 65, 0
2, 12192, {, 0, 77, 110
2, 14736, {, 0, 77, 0
2, 14736, \
3, 0, /
3, 0, `, 0
3, 0, ~, "Staff-1"
3, 0, &, 1, 7, 127
3, 0, &, 1, 10, 64
3, 0, ;, 1, 49
3, 0, {, 1, 55, 110
3, 576, {, 1, 55, 0
3, 576, {, 1, 47, 110
3, 960, {, 1, 47, 0
3, 960, {, 1, 59, 110
3, 3550, {, 1, 59, 0
3, 3744, {, 1, 54, 110
3, 4318, {, 1, 54, 0
3, 4320, {, 1, 46, 110
3, 4704, {, 1, 46, 0
3, 4704, {, 1, 58, 110
3, 7264, {, 1, 58, 0
3, 7488, {, 1, 51, 110
3, 8032, {, 1, 51, 0
3, 8064, {, 1, 43, 110
3, 8400, {, 1, 43, 0
3, 8448, {, 1, 55, 110
3, 11038, {, 1, 55, 0
3, 11232, {, 1, 50, 110
3, 11806, {, 1, 50, 0
3, 11808, {, 1, 41, 110
3, 12192, {, 1, 41, 0
3, 12192, {, 1, 53, 110
3, 14736, {, 1, 53, 0
3, 14736, \
4, 0, /
4, 0, `, 0
4, 0, ~, "Staff-2"
4, 0, &, 2, 7, 127
4, 0, &, 2, 10, 64
4, 0, ;, 2, 49
4, 0, {, 2, 62, 110
4, 576, {, 2, 62, 0
4, 576, {, 2, 54, 110
4, 960, {, 2, 54, 0
4, 960, {, 2, 65, 110
4, 3520, {, 2, 65, 0
4, 3744, {, 2, 61, 110
4, 4320, {, 2, 61, 0
4, 4320, {, 2, 53, 110
4, 4704, {, 2, 53, 0
4, 4704, {, 2, 64, 110
4, 7264, {, 2, 64, 0
4, 7488, {, 2, 58, 110
4, 8064, {, 2, 58, 0
4, 8064, {, 2, 50, 110
4, 8448, {, 2, 50, 0
4, 8448, {, 2, 61, 110
4, 11038, {, 2, 61, 0
4, 11232, {, 2, 57, 110
4, 11808, {, 2, 57, 0
4, 11808, {, 2, 48, 110
4, 12192, {, 2, 48, 0
4, 12192, {, 2, 59, 110
4, 14736, {, 2, 59, 0
4, 14736, \
5, 0, /
5, 0, `, 0
5, 0, ~, "Staff-3"
5, 0, &, 3, 7, 127
5, 0, &, 3, 10, 114
5, 0, ;, 3, 49
5, 20928, {, 3, 67, 110
5, 20928, {, 3, 79, 110
5, 21120, {, 3, 67, 0
5, 21120, {, 3, 79, 0
5, 21120, {, 3, 59, 110
5, 21120, {, 3, 71, 110
5, 21312, {, 3, 59, 0
5, 21312, {, 3, 71, 0
5, 21312, {, 3, 71, 110
5, 21312, {, 3, 83, 110
5, 23952, {, 3, 71, 0
5, 23952, {, 3, 83, 0
5, 24000, {, 3, 66, 110
5, 24000, {, 3, 78, 110
5, 24192, {, 3, 66, 0
5, 24192, {, 3, 78, 0
5, 24192, {, 3, 58, 110
5, 24192, {, 3, 70, 110
5, 24384, {, 3, 58, 0
5, 24384, {, 3, 70, 0
5, 24384, {, 3, 70, 110
5, 24384, {, 3, 82, 110
5, 27024, {, 3, 70, 0
5, 27024, {, 3, 82, 0
5, 27072, {, 3, 63, 110
5, 27072, {, 3, 75, 110
5, 27264, {, 3, 63, 0
5, 27264, {, 3, 75, 0
5, 27264, {, 3, 55, 110
5, 27264, {, 3, 67, 110
5, 27456, {, 3, 55, 0
5, 27456, {, 3, 67, 0
5, 27456, {, 3, 67, 110
5, 27456, {, 3, 79, 110
5, 30096, {, 3, 67, 0
5, 30096, {, 3, 79, 0
5, 30144, {, 3, 62, 110
5, 30144, {, 3, 74, 110
5, 30304, {, 3, 62, 0
5, 30304, {, 3, 74, 0
5, 30336, {, 3, 53, 110
5, 30336, {, 3, 65, 110
5, 30496, {, 3, 53, 0
5, 30496, {, 3, 65, 0
5, 30528, {, 3, 65, 110
5, 30528, {, 3, 77, 110
5, 33168, {, 3, 65, 0
5, 33168, {, 3, 77, 0
5, 33216, {, 3, 79, 110
5, 33216, {, 3, 91, 110
5, 33408, {, 3, 79, 0
5, 33408, {, 3, 91, 0
5, 33408, {, 3, 71, 110
5, 33408, {, 3, 83, 110
5, 33600, {, 3, 71, 0
5, 33600, {, 3, 83, 0
5, 33600, {, 3, 83, 110
5, 33600, {, 3, 95, 110
5, 36240, {, 3, 83, 0
5, 36240, {, 3, 95, 0
5, 36288, {, 3, 78, 110
5, 36288, {, 3, 90, 110
5, 36480, {, 3, 78, 0
5, 36480, {, 3, 90, 0
5, 36480, {, 3, 70, 110
5, 36480, {, 3, 82, 110
5, 36672, {, 3, 70, 0
5, 36672, {, 3, 82, 0
5, 36672, {, 3, 82, 110
5, 36672, {, 3, 94, 110
5, 39312, {, 3, 82, 0
5, 39312, {, 3, 94, 0
5, 39360, {, 3, 75, 110
5, 39360, {, 3, 87, 110
5, 39552, {, 3, 75, 0
5, 39552, {, 3, 87, 0
5, 39552, {, 3, 67, 110
5, 39552, {, 3, 79, 110
5, 39744, {, 3, 67, 0
5, 39744, {, 3, 79, 0
5, 39744, {, 3, 79, 110
5, 39744, {, 3, 91, 110
5, 42384, {, 3, 79, 0
5, 42384, {, 3, 91, 0
5, 42432, {, 3, 74, 110
5, 42432, {, 3, 86, 110
5, 42624, {, 3, 74, 0
5, 42624, {, 3, 86, 0
5, 42624, {, 3, 65, 110
5, 42624, {, 3, 77, 110
5, 42816, {, 3, 65, 0
5, 42816, {, 3, 77, 0
5, 42816, {, 3, 77, 110
5, 42816, {, 3, 89, 110
5, 45456, {, 3, 77, 0
5, 45456, {, 3, 89, 0
5, 45456, \
6, 0, /
6, 0, `, 0
6, 0, ~, "Staff-4"
6, 0, &, 5, 7, 127
6, 0, &, 5, 10, 64
6, 0, ;, 5, 49
6, 0, {, 5, 69, 110
6, 0, {, 5, 70, 110
6, 576, {, 5, 69, 0
6, 576, {, 5, 70, 0
6, 576, {, 5, 61, 110
6, 576, {, 5, 62, 110
6, 960, {, 5, 61, 0
6, 960, {, 5, 62, 0
6, 960, {, 5, 73, 110
6, 960, {, 5, 74, 110
6, 3552, {, 5, 73, 0
6, 3552, {, 5, 74, 0
6, 3744, {, 5, 68, 110
6, 3744, {, 5, 69, 110
6, 4320, {, 5, 68, 0
6, 4320, {, 5, 69, 0
6, 4320, {, 5, 60, 110
6, 4320, {, 5, 61, 110
6, 4704, {, 5, 60, 0
6, 4704, {, 5, 61, 0
6, 4704, {, 5, 72, 110
6, 4704, {, 5, 73, 110
6, 7296, {, 5, 72, 0
6, 7296, {, 5, 73, 0
6, 7488, {, 5, 65, 110
6, 7488, {, 5, 66, 110
6, 8064, {, 5, 65, 0
6, 8064, {, 5, 66, 0
6, 8064, {, 5, 57, 110
6, 8064, {, 5, 58, 110
6, 8448, {, 5, 57, 0
6, 8448, {, 5, 58, 0
6, 8448, {, 5, 69, 110
6, 8448, {, 5, 70, 110
6, 11040, {, 5, 69, 0
6, 11040, {, 5, 70, 0
6, 11232, {, 5, 64, 110
6, 11232, {, 5, 65, 110
6, 11808, {, 5, 64, 0
6, 11808, {, 5, 65, 0
6, 11808, {, 5, 56, 110
6, 11808, {, 5, 57, 110
6, 12192, {, 5, 56, 0
6, 12192, {, 5, 57, 0
6, 12192, {, 5, 67, 110
6, 12192, {, 5, 68, 110
6, 14784, {, 5, 67, 0
6, 14784, {, 5, 68, 0
6, 14784, \
7, 0, /
7, 0, `, 0
7, 0, ~, "Staff-5"
7, 0, &, 6, 7, 127
7, 0, &, 6, 10, 29
7, 0, ;, 6, 46
7, 14784, &, 6, 7, 127
7, 14784, {, 6, 42, 127
7, 14848, {, 6, 42, 0
7, 14848, {, 6, 49, 127
7, 14912, {, 6, 49, 0
7, 14912, {, 6, 54, 127
7, 14976, {, 6, 54, 0
7, 14976, {, 6, 56, 127
7, 15040, {, 6, 56, 0
7, 15040, {, 6, 59, 126
7, 15052, &, 6, 7, 126
7, 15104, {, 6, 59, 0
7, 15104, {, 6, 62, 125
7, 15128, &, 6, 7, 125
7, 15168, {, 6, 62, 0
7, 15168, {, 6, 66, 124
7, 15204, &, 6, 7, 124
7, 15232, {, 6, 66, 0
7, 15232, {, 6, 69, 123
7, 15280, &, 6, 7, 123
7, 15296, {, 6, 69, 0
7, 15296, {, 6, 73, 122
7, 15356, &, 6, 7, 122
7, 15360, {, 6, 73, 0
7, 15360, {, 6, 75, 121
7, 15424, {, 6, 75, 0
7, 15424, {, 6, 78, 120
7, 15432, &, 6, 7, 121
7, 15488, {, 6, 78, 0
7, 15488, {, 6, 80, 119
7, 15508, &, 6, 7, 120
7, 15552, {, 6, 80, 0
7, 15552, {, 6, 42, 118
7, 15552, {, 6, 81, 118
7, 15584, &, 6, 7, 119
7, 15616, {, 6, 42, 0
7, 15616, {, 6, 81, 0
7, 15616, {, 6, 49, 117
7, 15660, &, 6, 7, 118
7, 15680, {, 6, 49, 0
7, 15680, {, 6, 54, 116
7, 15737, &, 6, 7, 117
7, 15744, {, 6, 54, 0
7, 15744, {, 6, 56, 115
7, 15808, {, 6, 56, 0
7, 15808, {, 6, 59, 114
7, 15813, &, 6, 7, 116
7, 15872, {, 6, 59, 0
7, 15872, {, 6, 62, 113
7, 15889, &, 6, 7, 115
7, 15936, {, 6, 62, 0
7, 15936, {, 6, 66, 112
7, 15965, &, 6, 7, 114
7, 16000, {, 6, 66, 0
7, 16000, {, 6, 69, 111
7, 16041, &, 6, 7, 113
7, 16064, {, 6, 69, 0
7, 16064, {, 6, 73, 110
7, 16117, &, 6, 7, 112
7, 16128, {, 6, 73, 0
7, 16128, {, 6, 75, 109
7, 16192, {, 6, 75, 0
7, 16192, {, 6, 78, 108
7, 16193, &, 6, 7, 111
7, 16256, {, 6, 78, 0
7, 16256, {, 6, 80, 107
7, 16269, &, 6, 7, 110
7, 16320, {, 6, 80, 0
7, 16320, {, 6, 42, 106
7, 16320, {, 6, 81, 106
7, 16345, &, 6, 7, 109
7, 16384, {, 6, 42, 0
7, 16384, {, 6, 81, 0
7, 16384, {, 6, 49, 105
7, 16422, &, 6, 7, 108
7, 16448, {, 6, 49, 0
7, 16448, {, 6, 54, 104
7, 16498, &, 6, 7, 107
7, 16512, {, 6, 54, 0
7, 16512, {, 6, 56, 103
7, 16574, &, 6, 7, 106
7, 16576, {, 6, 56, 0
7, 16576, {, 6, 59, 102
7, 16640, {, 6, 59, 0
7, 16640, {, 6, 62, 101
7, 16650, &, 6, 7, 105
7, 16704, {, 6, 62, 0
7, 16704, {, 6, 66, 100
7, 16726, &, 6, 7, 104
7, 16768, {, 6, 66, 0
7, 16768, {, 6, 69, 99
7, 16802, &, 6, 7, 103
7, 16832, {, 6, 69, 0
7, 16832, {, 6, 73, 98
7, 16878, &, 6, 7, 102
7, 16896, {, 6, 73, 0
7, 16896, {, 6, 75, 97
7, 16954, &, 6, 7, 101
7, 16960, {, 6, 75, 0
7, 16960, {, 6, 78, 96
7, 17024, {, 6, 78, 0
7, 17024, {, 6, 80, 95
7, 17030, &, 6, 7, 100
7, 17088, {, 6, 80, 0
7, 17088, {, 6, 42, 94
7, 17088, {, 6, 81, 94
7, 17107, &, 6, 7, 99
7, 17152, {, 6, 42, 0
7, 17152, {, 6, 81, 0
7, 17152, {, 6, 49, 93
7, 17183, &, 6, 7, 98
7, 17216, {, 6, 49, 0
7, 17216, {, 6, 54, 92
7, 17259, &, 6, 7, 97
7, 17280, {, 6, 54, 0
7, 17280, {, 6, 56, 91
7, 17335, &, 6, 7, 96
7, 17344, {, 6, 56, 0
7, 17344, {, 6, 59, 89
7, 17408, {, 6, 59, 0
7, 17408, {, 6, 62, 87
7, 17411, &, 6, 7, 95
7, 17472, {, 6, 62, 0
7, 17472, {, 6, 66, 85
7, 17487, &, 6, 7, 94
7, 17536, {, 6, 66, 0
7, 17536, {, 6, 69, 83
7, 17563, &, 6, 7, 93
7, 17600, {, 6, 69, 0
7, 17600, {, 6, 73, 81
7, 17639, &, 6, 7, 92
7, 17664, {, 6, 73, 0
7, 17664, {, 6, 75, 79
7, 17715, &, 6, 7, 91
7, 17728, {, 6, 75, 0
7, 17728, {, 6, 78, 77
7, 17792, {, 6, 78, 0
7, 17792, &, 6, 7, 90
7, 17792, {, 6, 80, 75
7, 17854, {, 6, 80, 0
7, 17856, {, 6, 42, 75
7, 17856, {, 6, 81, 75
7, 17920, {, 6, 42, 0
7, 17920, {, 6, 81, 0
7, 17920, &, 6, 7, 127
7, 17920, {, 6, 49, 127
7, 17984, {, 6, 49, 0
7, 17984, {, 6, 54, 127
7, 18048, {, 6, 54, 0
7, 18048, {, 6, 56, 127
7, 18112, {, 6, 56, 0
7, 18112, {, 6, 59, 126
7, 18124, &, 6, 7, 126
7, 18176, {, 6, 59, 0
7, 18176, {, 6, 62, 125
7, 18200, &, 6, 7, 125
7, 18240, {, 6, 62, 0
7, 18240, {, 6, 66, 124
7, 18276, &, 6, 7, 124
7, 18304, {, 6, 66, 0
7, 18304, {, 6, 69, 123
7, 18352, &, 6, 7, 123
7, 18368, {, 6, 69, 0
7, 18368, {, 6, 73, 122
7, 18428, &, 6, 7, 122
7, 18432, {, 6, 73, 0
7, 18432, {, 6, 75, 121
7, 18496, {, 6, 75, 0
7, 18496, {, 6, 78, 120
7, 18504, &, 6, 7, 121
7, 18560, {, 6, 78, 0
7, 18560, {, 6, 80, 119
7, 18580, &, 6, 7, 120
7, 18624, {, 6, 80, 0
7, 18624, {, 6, 42, 118
7, 18624, {, 6, 81, 118
7, 18656, &, 6, 7, 119
7, 18688, {, 6, 42, 0
7, 18688, {, 6, 81, 0
7, 18688, {, 6, 49, 117
7, 18732, &, 6, 7, 118
7, 18752, {, 6, 49, 0
7, 18752, {, 6, 54, 116
7, 18809, &, 6, 7, 117
7, 18816, {, 6, 54, 0
7, 18816, {, 6, 56, 115
7, 18880, {, 6, 56, 0
7, 18880, {, 6, 59, 114
7, 18885, &, 6, 7, 116
7, 18944, {, 6, 59, 0
7, 18944, {, 6, 62, 113
7, 18961, &, 6, 7, 115
7, 19008, {, 6, 62, 0
7, 19008, {, 6, 66, 112
7, 19037, &, 6, 7, 114
7, 19072, {, 6, 66, 0
7, 19072, {, 6, 69, 111
7, 19113, &, 6, 7, 113
7, 19136, {, 6, 69, 0
7, 19136, {, 6, 73, 110
7, 19189, &, 6, 7, 112
7, 19200, {, 6, 73, 0
7, 19200, {, 6, 75, 109
7, 19264, {, 6, 75, 0
7, 19264, {, 6, 78, 108
7, 19265, &, 6, 7, 111
7, 19328, {, 6, 78, 0
7, 19328, {, 6, 80, 107
7, 19341, &, 6, 7, 110
7, 19392, {, 6, 80, 0
7, 19392, {, 6, 42, 106
7, 19392, {, 6, 81, 106
7, 19417, &, 6, 7, 109
7, 19456, {, 6, 42, 0
7, 19456, {, 6, 81, 0
7, 19456, {, 6, 49, 105
7, 19494, &, 6, 7, 108
7, 19520, {, 6, 49, 0
7, 19520, {, 6, 54, 104
7, 19570, &, 6, 7, 107
7, 19584, {, 6, 54, 0
7, 19584, {, 6, 56, 103
7, 19646, &, 6, 7, 106
7, 19648, {, 6, 56, 0
7, 19648, {, 6, 59, 102
7, 19712, {, 6, 59, 0
7, 19712, {, 6, 62, 101
7, 19722, &, 6, 7, 105
7, 19776, {, 6, 62, 0
7, 19776, {, 6, 66, 100
7, 19798, &, 6, 7, 104
7, 19840, {, 6, 66, 0
7, 19840, {, 6, 69, 99
7, 19874, &, 6, 7, 103
7, 19904, {, 6, 69, 0
7, 19904, {, 6, 73, 98
7, 19950, &, 6, 7, 102
7, 19968, {, 6, 73, 0
7, 19968, {, 6, 75, 97
7, 20026, &, 6, 7, 101
7, 20032, {, 6, 75, 0
7, 20032, {, 6, 78, 96
7, 20096, {, 6, 78, 0
7, 20096, {, 6, 80, 95
7, 20102, &, 6, 7, 100
7, 20160, {, 6, 80, 0
7, 20160, {, 6, 42, 94
7, 20160, {, 6, 81, 94
7, 20179, &, 6, 7, 99
7, 20224, {, 6, 42, 0
7, 20224, {, 6, 81, 0
7, 20224, {, 6, 49, 93
7, 20255, &, 6, 7, 98
7, 20288, {, 6, 49, 0
7, 20288, {, 6, 54, 92
7, 20331, &, 6, 7, 97
7, 20352, {, 6, 54, 0
7, 20352, {, 6, 56, 91
7, 20407, &, 6, 7, 96
7, 20416, {, 6, 56, 0
7, 20416, {, 6, 59, 89
7, 20480, {, 6, 59, 0
7, 20480, {, 6, 62, 87
7, 20483, &, 6, 7, 95
7, 20544, {, 6, 62, 0
7, 20544, {, 6, 66, 85
7, 20559, &, 6, 7, 94
7, 20608, {, 6, 66, 0
7, 20608, {, 6, 69, 83
7, 20635, &, 6, 7, 93
7, 20672, {, 6, 69, 0
7, 20672, {, 6, 73, 81
7, 20711, &, 6, 7, 92
7, 20736, {, 6, 73, 0
7, 20736, {, 6, 75, 79
7, 20787, &, 6, 7, 91
7, 20800, {, 6, 75, 0
7, 20800, {, 6, 78, 77
7, 20864, {, 6, 78, 0
7, 20864, &, 6, 7, 90
7, 20864, {, 6, 80, 75
7, 20926, {, 6, 80, 0
7, 20928, {, 6, 48, 75
7, 20928, {, 6, 81, 75
7, 20992, {, 6, 48, 0
7, 20992, {, 6, 81, 0
7, 20992, &, 6, 7, 127
7, 20992, {, 6, 55, 127
7, 21056, {, 6, 55, 0
7, 21056, {, 6, 60, 127
7, 21120, {, 6, 60, 0
7, 21120, {, 6, 64, 127
7, 21184, {, 6, 64, 0
7, 21184, {, 6, 67, 126
7, 21196, &, 6, 7, 126
7, 21248, {, 6, 67, 0
7, 21248, {, 6, 71, 125
7, 21272, &, 6, 7, 125
7, 21312, {, 6, 71, 0
7, 21312, {, 6, 72, 124
7, 21348, &, 6, 7, 124
7, 21376, {, 6, 72, 0
7, 21376, {, 6, 75, 123
7, 21424, &, 6, 7, 123
7, 21440, {, 6, 75, 0
7, 21440, {, 6, 79, 122
7, 21500, &, 6, 7, 122
7, 21504, {, 6, 79, 0
7, 21504, {, 6, 83, 121
7, 21568, {, 6, 83, 0
7, 21568, {, 6, 88, 120
7, 21576, &, 6, 7, 121
7, 21632, {, 6, 88, 0
7, 21632, {, 6, 91, 119
7, 21652, &, 6, 7, 120
7, 21696, {, 6, 91, 0
7, 21696, {, 6, 48, 118
7, 21696, {, 6, 95, 118
7, 21728, &, 6, 7, 119
7, 21760, {, 6, 48, 0
7, 21760, {, 6, 95, 0
7, 21760, {, 6, 55, 117
7, 21804, &, 6, 7, 118
7, 21824, {, 6, 55, 0
7, 21824, {, 6, 60, 116
7, 21881, &, 6, 7, 117
7, 21888, {, 6, 60, 0
7, 21888, {, 6, 64, 115
7, 21952, {, 6, 64, 0
7, 21952, {, 6, 67, 114
7, 21957, &, 6, 7, 116
7, 22016, {, 6, 67, 0
7, 22016, {, 6, 71, 113
7, 22033, &, 6, 7, 115
7, 22080, {, 6, 71, 0
7, 22080, {, 6, 72, 112
7, 22109, &, 6, 7, 114
7, 22144, {, 6, 72, 0
7, 22144, {, 6, 75, 111
7, 22185, &, 6, 7, 113
7, 22208, {, 6, 75, 0
7, 22208, {, 6, 79, 110
7, 22261, &, 6, 7, 112
7, 22272, {, 6, 79, 0
7, 22272, {, 6, 83, 109
7, 22336, {, 6, 83, 0
7, 22336, {, 6, 88, 108
7, 22337, &, 6, 7, 111
7, 22400, {, 6, 88, 0
7, 22400, {, 6, 91, 107
7, 22413, &, 6, 7, 110
7, 22464, {, 6, 91, 0
7, 22464, {, 6, 48, 106
7, 22464, {, 6, 95, 106
7, 22489, &, 6, 7, 109
7, 22528, {, 6, 48, 0
7, 22528, {, 6, 95, 0
7, 22528, {, 6, 55, 105
7, 22566, &, 6, 7, 108
7, 22592, {, 6, 55, 0
7, 22592, {, 6, 60, 104
7, 22642, &, 6, 7, 107
7, 22656, {, 6, 60, 0
7, 22656, {, 6, 64, 103
7, 22718, &, 6, 7, 106
7, 22720, {, 6, 64, 0
7, 22720, {, 6, 67, 102
7, 22784, {, 6, 67, 0
7, 22784, {, 6, 71, 101
7, 22794, &, 6, 7, 105
7, 22848, {, 6, 71, 0
7, 22848, {, 6, 72, 100
7, 22870, &, 6, 7, 104
7, 22912, {, 6, 72, 0
7, 22912, {, 6, 75, 99
7, 22946, &, 6, 7, 103
7, 22976, {, 6, 75, 0
7, 22976, {, 6, 79, 98
7, 23022, &, 6, 7, 102
7, 23040, {, 6, 79, 0
7, 23040, {, 6, 83, 97
7, 23098, &, 6, 7, 101
7, 23104, {, 6, 83, 0
7, 23104, {, 6, 88, 96
7, 23168, {, 6, 88, 0
7, 23168, {, 6, 91, 95
7, 23174, &, 6, 7, 100
7, 23232, {, 6, 91, 0
7, 23232, {, 6, 48, 94
7, 23232, {, 6, 95, 94
7, 23251, &, 6, 7, 99
7, 23296, {, 6, 48, 0
7, 23296, {, 6, 95, 0
7, 23296, {, 6, 55, 93
7, 23327, &, 6, 7, 98
7, 23360, {, 6, 55, 0
7, 23360, {, 6, 60, 92
7, 23403, &, 6, 7, 97
7, 23424, {, 6, 60, 0
7, 23424, {, 6, 64, 91
7, 23479, &, 6, 7, 96
7, 23488, {, 6, 64, 0
7, 23488, {, 6, 67, 89
7, 23552, {, 6, 67, 0
7, 23552, {, 6, 71, 87
7, 23555, &, 6, 7, 95
7, 23616, {, 6, 71, 0
7, 23616, {, 6, 72, 85
7, 23631, &, 6, 7, 94
7, 23680, {, 6, 72, 0
7, 23680, {, 6, 75, 83
7, 23707, &, 6, 7, 93
7, 23744, {, 6, 75, 0
7, 23744, {, 6, 79, 81
7, 23783, &, 6, 7, 92
7, 23808, {, 6, 79, 0
7, 23808, {, 6, 83, 79
7, 23859, &, 6, 7, 91
7, 23872, {, 6, 83, 0
7, 23872, {, 6, 88, 77
7, 23936, {, 6, 88, 0
7, 23936, &, 6, 7, 90
7, 23936, {, 6, 91, 75
7, 23998, {, 6, 91, 0
7, 24000, {, 6, 47, 75
7, 24000, {, 6, 95, 75
7, 24064, {, 6, 47, 0
7, 24064, {, 6, 95, 0
7, 24064, &, 6, 7, 127
7, 24064, {, 6, 54, 127
7, 24128, {, 6, 54, 0
7, 24128, {, 6, 59, 127
7, 24192, {, 6, 59, 0
7, 24192, {, 6, 61, 127
7, 24256, {, 6, 61, 0
7, 24256, {, 6, 64, 126
7, 24268, &, 6, 7, 126
7, 24320, {, 6, 64, 0
7, 24320, {, 6, 67, 125
7, 24344, &, 6, 7, 125
7, 24384, {, 6, 67, 0
7, 24384, {, 6, 71, 124
7, 24420, &, 6, 7, 124
7, 24448, {, 6, 71, 0
7, 24448, {, 6, 74, 123
7, 24496, &, 6, 7, 123
7, 24512, {, 6, 74, 0
7, 24512, {, 6, 78, 122
7, 24572, &, 6, 7, 122
7, 24576, {, 6, 78, 0
7, 24576, {, 6, 80, 121
7, 24640, {, 6, 80, 0
7, 24640, {, 6, 83, 120
7, 24648, &, 6, 7, 121
7, 24704, {, 6, 83, 0
7, 24704, {, 6, 85, 119
7, 24724, &, 6, 7, 120
7, 24768, {, 6, 85, 0
7, 24768, {, 6, 47, 118
7, 24768, {, 6, 86, 118
7, 24800, &, 6, 7, 119
7, 24832, {, 6, 47, 0
7, 24832, {, 6, 86, 0
7, 24832, {, 6, 54, 117
7, 24876, &, 6, 7, 118
7, 24896, {, 6, 54, 0
7, 24896, {, 6, 59, 116
7, 24953, &, 6, 7, 117
7, 24960, {, 6, 59, 0
7, 24960, {, 6, 61, 115
7, 25024, {, 6, 61, 0
7, 25024, {, 6, 64, 114
7, 25029, &, 6, 7, 116
7, 25088, {, 6, 64, 0
7, 25088, {, 6, 67, 113
7, 25105, &, 6, 7, 115
7, 25152, {, 6, 67, 0
7, 25152, {, 6, 71, 112
7, 25181, &, 6, 7, 114
7, 25216, {, 6, 71, 0
7, 25216, {, 6, 74, 111
7, 25257, &, 6, 7, 113
7, 25280, {, 6, 74, 0
7, 25280, {, 6, 78, 110
7, 25333, &, 6, 7, 112
7, 25344, {, 6, 78, 0
7, 25344, {, 6, 80, 109
7, 25408, {, 6, 80, 0
7, 25408, {, 6, 83, 108
7, 25409, &, 6, 7, 111
7, 25472, {, 6, 83, 0
7, 25472, {, 6, 85, 107
7, 25485, &, 6, 7, 110
7, 25536, {, 6, 85, 0
7, 25536, {, 6, 47, 106
7, 25536, {, 6, 86, 106
7, 25561, &, 6, 7, 109
7, 25600, {, 6, 47, 0
7, 25600, {, 6, 86, 0
7, 25600, {, 6, 54, 105
7, 25638, &, 6, 7, 108
7, 25664, {, 6, 54, 0
7, 25664, {, 6, 59, 104
7, 25714, &, 6, 7, 107
7, 25728, {, 6, 59, 0
7, 25728, {, 6, 61, 103
7, 25790, &, 6, 7, 106
7, 25792, {, 6, 61, 0
7, 25792, {, 6, 64, 102
7, 25856, {, 6, 64, 0
7, 25856, {, 6, 67, 101
7, 25866, &, 6, 7, 105
7, 25920, {, 6, 67, 0
7, 25920, {, 6, 71, 100
7, 25942, &, 6, 7, 104
7, 25984, {, 6, 71, 0
7, 25984, {, 6, 74, 99
7, 26018, &, 6, 7, 103
7, 26048, {, 6, 74, 0
7, 26048, {, 6, 78, 98
7, 26094, &, 6, 7, 102
7, 26112, {, 6, 78, 0
7, 26112, {, 6, 80, 97
7, 26170, &, 6, 7, 101
7, 26176, {, 6, 80, 0
7, 26176, {, 6, 83, 96
7, 26240, {, 6, 83, 0
7, 26240, {, 6, 85, 95
7, 26246, &, 6, 7, 100
7, 26304, {, 6, 85, 0
7, 26304, {, 6, 47, 94
7, 26304, {, 6, 86, 94
7, 26323, &, 6, 7, 99
7, 26368, {, 6, 47, 0
7, 26368, {, 6, 86, 0
7, 26368, {, 6, 54, 93
7, 26399, &, 6, 7, 98
7, 26432, {, 6, 54, 0
7, 26432, {, 6, 59, 92
7, 26475, &, 6, 7, 97
7, 26496, {, 6, 59, 0
7, 26496, {, 6, 61, 91
7, 26551, &, 6, 7, 96
7, 26560, {, 6, 61, 0
7, 26560, {, 6, 64, 89
7, 26624, {, 6, 64, 0
7, 26624, {, 6, 67, 87
7, 26627, &, 6, 7, 95
7, 26688, {, 6, 67, 0
7, 26688, {, 6, 71, 85
7, 26703, &, 6, 7, 94
7, 26752, {, 6, 71, 0
7, 26752, {, 6, 74, 83
7, 26779, &, 6, 7, 93
7, 26816, {, 6, 74, 0
7, 26816, {, 6, 78, 81
7, 26855, &, 6, 7, 92
7, 26880, {, 6, 78, 0
7, 26880, {, 6, 80, 79
7, 26931, &, 6, 7, 91
7, 26944, {, 6, 80, 0
7, 26944, {, 6, 83, 77
7, 27008, {, 6, 83, 0
7, 27008, &, 6, 7, 90
7, 27008, {, 6, 85, 75
7, 27070, {, 6, 85, 0
7, 27072, {, 6, 48, 75
7, 27072, {, 6, 86, 75
7, 27136, {, 6, 48, 0
7, 27136, {, 6, 86, 0
7, 27136, &, 6, 7, 127
7, 27136, {, 6, 55, 127
7, 27200, {, 6, 55, 0
7, 27200, {, 6, 60, 127
7, 27264, {, 6, 60, 0
7, 27264, {, 6, 64, 127
7, 27328, {, 6, 64, 0
7, 27328, {, 6, 67, 126
7, 27340, &, 6, 7, 126
7, 27392, {, 6, 67, 0
7, 27392, {, 6, 71, 125
7, 27416, &, 6, 7, 125
7, 27456, {, 6, 71, 0
7, 27456, {, 6, 72, 124
7, 27492, &, 6, 7, 124
7, 27520, {, 6, 72, 0
7, 27520, {, 6, 75, 123
7, 27568, &, 6, 7, 123
7, 27584, {, 6, 75, 0
7, 27584, {, 6, 79, 122
7, 27644, &, 6, 7, 122
7, 27648, {, 6, 79, 0
7, 27648, {, 6, 83, 121
7, 27712, {, 6, 83, 0
7, 27712, {, 6, 88, 120
7, 27720, &, 6, 7, 121
7, 27776, {, 6, 88, 0
7, 27776, {, 6, 91, 119
7, 27796, &, 6, 7, 120
7, 27840, {, 6, 91, 0
7, 27840, {, 6, 48, 118
7, 27840, {, 6, 95, 118
7, 27872, &, 6, 7, 119
7, 27904, {, 6, 48, 0
7, 27904, {, 6, 95, 0
7, 27904, {, 6, 55, 117
7, 27948, &, 6, 7, 118
7, 27968, {, 6, 55, 0
7, 27968, {, 6, 60, 116
7, 28025, &, 6, 7, 117
7, 28032, {, 6, 60, 0
7, 28032, {, 6, 64, 115
7, 28096, {, 6, 64, 0
7, 28096, {, 6, 67, 114
7, 28101, &, 6, 7, 116
7, 28160, {, 6, 67, 0
7, 28160, {, 6, 71, 113
7, 28177, &, 6, 7, 115
7, 28224, {, 6, 71, 0
7, 28224, {, 6, 72, 112
7, 28253, &, 6, 7, 114
7, 28288, {, 6, 72, 0
7, 28288, {, 6, 75, 111
7, 28329, &, 6, 7, 113
7, 28352, {, 6, 75, 0
7, 28352, {, 6, 79, 110
7, 28405, &, 6, 7, 112
7, 28416, {, 6, 79, 0
7, 28416, {, 6, 83, 109
7, 28480, {, 6, 83, 0
7, 28480, {, 6, 88, 108
7, 28481, &, 6, 7, 111
7, 28544, {, 6, 88, 0
7, 28544, {, 6, 91, 107
7, 28557, &, 6, 7, 110
7, 28608, {, 6, 91, 0
7, 28608, {, 6, 48, 106
7, 28608, {, 6, 95, 106
7, 28633, &, 6, 7, 109
7, 28672, {, 6, 48, 0
7, 28672, {, 6, 95, 0
7, 28672, {, 6, 55, 105
7, 28710, &, 6, 7, 108
7, 28736, {, 6, 55, 0
7, 28736, {, 6, 60, 104
7, 28786, &, 6, 7, 107
7, 28800, {, 6, 60, 0
7, 28800, {, 6, 64, 103
7, 28862, &, 6, 7, 106
7, 28864, {, 6, 64, 0
7, 28864, {, 6, 67, 102
7, 28928, {, 6, 67, 0
7, 28928, {, 6, 71, 101
7, 28938, &, 6, 7, 105
7, 28992, {, 6, 71, 0
7, 28992, {, 6, 72, 100
7, 29014, &, 6, 7, 104
7, 29056, {, 6, 72, 0
7, 29056, {, 6, 75, 99
7, 29090, &, 6, 7, 103
7, 29120, {, 6, 75, 0
7, 29120, {, 6, 79, 98
7, 29166, &, 6, 7, 102
7, 29184, {, 6, 79, 0
7, 29184, {, 6, 83, 97
7, 29242, &, 6, 7, 101
7, 29248, {, 6, 83, 0
7, 29248, {, 6, 88, 96
7, 29312, {, 6, 88, 0
7, 29312, {, 6, 91, 95
7, 29318, &, 6, 7, 100
7, 29376, {, 6, 91, 0
7, 29376, {, 6, 48, 94
7, 29376, {, 6, 95, 94
7, 29395, &, 6, 7, 99
7, 29440, {, 6, 48, 0
7, 29440, {, 6, 95, 0
7, 29440, {, 6, 55, 93
7, 29471, &, 6, 7, 98
7, 29504, {, 6, 55, 0
7, 29504, {, 6, 60, 92
7, 29547, &, 6, 7, 97
7, 29568, {, 6, 60, 0
7, 29568, {, 6, 64, 91
7, 29623, &, 6, 7, 96
7, 29632, {, 6, 64, 0
7, 29632, {, 6, 67, 89
7, 29696, {, 6, 67, 0
7, 29696, {, 6, 71, 87
7, 29699, &, 6, 7, 95
7, 29760, {, 6, 71, 0
7, 29760, {, 6, 72, 85
7, 29775, &, 6, 7, 94
7, 29824, {, 6, 72, 0
7, 29824, {, 6, 75, 83
7, 29851, &, 6, 7, 93
7, 29888, {, 6, 75, 0
7, 29888, {, 6, 79, 81
7, 29927, &, 6, 7, 92
7, 29952, {, 6, 79, 0
7, 29952, {, 6, 83, 79
7, 30003, &, 6, 7, 91
7, 30016, {, 6, 83, 0
7, 30016, {, 6, 88, 77
7, 30080, {, 6, 88, 0
7, 30080, &, 6, 7, 90
7, 30080, {, 6, 91, 75
7, 30142, {, 6, 91, 0
7, 30144, {, 6, 47, 75
7, 30144, {, 6, 95, 75
7, 30208, {, 6, 47, 0
7, 30208, {, 6, 95, 0
7, 30208, &, 6, 7, 127
7, 30208, {, 6, 54, 127
7, 30272, {, 6, 54, 0
7, 30272, {, 6, 59, 127
7, 30336, {, 6, 59, 0
7, 30336, {, 6, 61, 127
7, 30400, {, 6, 61, 0
7, 30400, {, 6, 64, 126
7, 30412, &, 6, 7, 126
7, 30464, {, 6, 64, 0
7, 30464, {, 6, 67, 125
7, 30488, &, 6, 7, 125
7, 30528, {, 6, 67, 0
7, 30528, {, 6, 71, 124
7, 30564, &, 6, 7, 124
7, 30592, {, 6, 71, 0
7, 30592, {, 6, 74, 123
7, 30640, &, 6, 7, 123
7, 30656, {, 6, 74, 0
7, 30656, {, 6, 78, 122
7, 30716, &, 6, 7, 122
7, 30720, {, 6, 78, 0
7, 30720, {, 6, 80, 121
7, 30784, {, 6, 80, 0
7, 30784, {, 6, 83, 120
7, 30792, &, 6, 7, 121
7, 30848, {, 6, 83, 0
7, 30848, {, 6, 85, 119
7, 30868, &, 6, 7, 120
7, 30912, {, 6, 85, 0
7, 30912, {, 6, 47, 118
7, 30912, {, 6, 86, 118
7, 30944, &, 6, 7, 119
7, 30976, {, 6, 47, 0
7, 30976, {, 6, 86, 0
7, 30976, {, 6, 54, 117
7, 31020, &, 6, 7, 118
7, 31040, {, 6, 54, 0
7, 31040, {, 6, 59, 116
7, 31097, &, 6, 7, 117
7, 31104, {, 6, 59, 0
7, 31104, {, 6, 61, 115
7, 31168, {, 6, 61, 0
7, 31168, {, 6, 64, 114
7, 31173, &, 6, 7, 116
7, 31232, {, 6, 64, 0
7, 31232, {, 6, 67, 113
7, 31249, &, 6, 7, 115
7, 31296, {, 6, 67, 0
7, 31296, {, 6, 71, 112
7, 31325, &, 6, 7, 114
7, 31360, {, 6, 71, 0
7, 31360, {, 6, 74, 111
7, 31401, &, 6, 7, 113
7, 31424, {, 6, 74, 0
7, 31424, {, 6, 78, 110
7, 31477, &, 6, 7, 112
7, 31488, {, 6, 78, 0
7, 31488, {, 6, 80, 109
7, 31552, {, 6, 80, 0
7, 31552, {, 6, 83, 108
7, 31553, &, 6, 7, 111
7, 31616, {, 6, 83, 0
7, 31616, {, 6, 85, 107
7, 31629, &, 6, 7, 110
7, 31680, {, 6, 85, 0
7, 31680, {, 6, 47, 106
7, 31680, {, 6, 86, 106
7, 31705, &, 6, 7, 109
7, 31744, {, 6, 47, 0
7, 31744, {, 6, 86, 0
7, 31744, {, 6, 54, 105
7, 31782, &, 6, 7, 108
7, 31808, {, 6, 54, 0
7, 31808, {, 6, 59, 104
7, 31858, &, 6, 7, 107
7, 31872, {, 6, 59, 0
7, 31872, {, 6, 61, 103
7, 31934, &, 6, 7, 106
7, 31936, {, 6, 61, 0
7, 31936, {, 6, 64, 102
7, 32000, {, 6, 64, 0
7, 32000, {, 6, 67, 101
7, 32010, &, 6, 7, 105
7, 32064, {, 6, 67, 0
7, 32064, {, 6, 71, 100
7, 32086, &, 6, 7, 104
7, 32128, {, 6, 71, 0
7, 32128, {, 6, 74, 99
7, 32162, &, 6, 7, 103
7, 32192, {, 6, 74, 0
7, 32192, {, 6, 78, 98
7, 32238, &, 6, 7, 102
7, 32256, {, 6, 78, 0
7, 32256, {, 6, 80, 97
7, 32314, &, 6, 7, 101
7, 32320, {, 6, 80, 0
7, 32320, {, 6, 83, 96
7, 32384, {, 6, 83, 0
7, 32384, {, 6, 85, 95
7, 32390, &, 6, 7, 100
7, 32448, {, 6, 85, 0
7, 32448, {, 6, 47, 94
7, 32448, {, 6, 86, 94
7, 32467, &, 6, 7, 99
7, 32512, {, 6, 47, 0
7, 32512, {, 6, 86, 0
7, 32512, {, 6, 54, 93
7, 32543, &, 6, 7, 98
7, 32576, {, 6, 54, 0
7, 32576, {, 6, 59, 92
7, 32619, &, 6, 7, 97
7, 32640, {, 6, 59, 0
7, 32640, {, 6, 61, 91
7, 32695, &, 6, 7, 96
7, 32704, {, 6, 61, 0
7, 32704, {, 6, 64, 89
7, 32768, {, 6, 64, 0
7, 32768, {, 6, 67, 87
7, 32771, &, 6, 7, 95
7, 32832, {, 6, 67, 0
7, 32832, {, 6, 71, 85
7, 32847, &, 6, 7, 94
7, 32896, {, 6, 71, 0
7, 32896, {, 6, 74, 83
7, 32923, &, 6, 7, 93
7, 32960, {, 6, 74, 0
7, 32960, {, 6, 78, 81
7, 32999, &, 6, 7, 92
7, 33024, {, 6, 78, 0
7, 33024, {, 6, 80, 79
7, 33075, &, 6, 7, 91
7, 33088, {, 6, 80, 0
7, 33088, {, 6, 83, 77
7, 33152, {, 6, 83, 0
7, 33152, &, 6, 7, 90
7, 33152, {, 6, 85, 75
7, 33214, {, 6, 85, 0
7, 33216, {, 6, 48, 75
7, 33216, {, 6, 86, 75
7, 33280, {, 6, 48, 0
7, 33280, {, 6, 86, 0
7, 33280, &, 6, 7, 127
7, 33280, {, 6, 55, 127
7, 33344, {, 6, 55, 0
7, 33344, {, 6, 60, 127
7, 33408, {, 6, 60, 0
7, 33408, {, 6, 64, 127
7, 33472, {, 6, 64, 0
7, 33472, {, 6, 67, 126
7, 33484, &, 6, 7, 126
7, 33536, {, 6, 67, 0
7, 33536, {, 6, 71, 125
7, 33560, &, 6, 7, 125
7, 33600, {, 6, 71, 0
7, 33600, {, 6, 72, 124
7, 33636, &, 6, 7, 124
7, 33664, {, 6, 72, 0
7, 33664, {, 6, 75, 123
7, 33712, &, 6, 7, 123
7, 33728, {, 6, 75, 0
7, 33728, {, 6, 79, 122
7, 33788, &, 6, 7, 122
7, 33792, {, 6, 79, 0
7, 33792, {, 6, 83, 121
7, 33856, {, 6, 83, 0
7, 33856, {, 6, 88, 120
7, 33864, &, 6, 7, 121
7, 33920, {, 6, 88, 0
7, 33920, {, 6, 91, 119
7, 33940, &, 6, 7, 120
7, 33984, {, 6, 91, 0
7, 33984, {, 6, 48, 118
7, 33984, {, 6, 95, 118
7, 34016, &, 6, 7, 119
7, 34048, {, 6, 48, 0
7, 34048, {, 6, 95, 0
7, 34048, {, 6, 55, 117
7, 34092, &, 6, 7, 118
7, 34112, {, 6, 55, 0
7, 34112, {, 6, 60, 116
7, 34169, &, 6, 7, 117
7, 34176, {, 6, 60, 0
7, 34176, {, 6, 64, 115
7, 34240, {, 6, 64, 0
7, 34240, {, 6, 67, 114
7, 34245, &, 6, 7, 116
7, 34304, {, 6, 67, 0
7, 34304, {, 6, 71, 113
7, 34321, &, 6, 7, 115
7, 34368, {, 6, 71, 0
7, 34368, {, 6, 72, 112
7, 34397, &, 6, 7, 114
7, 34432, {, 6, 72, 0
7, 34432, {, 6, 75, 111
7, 34473, &, 6, 7, 113
7, 34496, {, 6, 75, 0
7, 34496, {, 6, 79, 110
7, 34549, &, 6, 7, 112
7, 34560, {, 6, 79, 0
7, 34560, {, 6, 83, 109
7, 34624, {, 6, 83, 0
7, 34624, {, 6, 88, 108
7, 34625, &, 6, 7, 111
7, 34688, {, 6, 88, 0
7, 34688, {, 6, 91, 107
7, 34701, &, 6, 7, 110
7, 34752, {, 6, 91, 0
7, 34752, {, 6, 48, 106
7, 34752, {, 6, 95, 106
7, 34777, &, 6, 7, 109
7, 34816, {, 6, 48, 0
7, 34816, {, 6, 95, 0
7, 34816, {, 6, 55, 105
7, 34854, &, 6, 7, 108
7, 34880, {, 6, 55, 0
7, 34880, {, 6, 60, 104
7, 34930, &, 6, 7, 107
7, 34944, {, 6, 60, 0
7, 34944, {, 6, 64, 103
7, 35006, &, 6, 7, 106
7, 35008, {, 6, 64, 0
7, 35008, {, 6, 67, 102
7, 35072, {, 6, 67, 0
7, 35072, {, 6, 71, 101
7, 35082, &, 6, 7, 105
7, 35136, {, 6, 71, 0
7, 35136, {, 6, 72, 100
7, 35158, &, 6, 7, 104
7, 35200, {, 6, 72, 0
7, 35200, {, 6, 75, 99
7, 35234, &, 6, 7, 103
7, 35264, {, 6, 75, 0
7, 35264, {, 6, 79, 98
7, 35310, &, 6, 7, 102
7, 35328, {, 6, 79, 0
7, 35328, {, 6, 83, 97
7, 35386, &, 6, 7, 101
7, 35392, {, 6, 83, 0
7, 35392, {, 6, 88, 96
7, 35456, {, 6, 88, 0
7, 35456, {, 6, 91, 95
7, 35462, &, 6, 7, 100
7, 35520, {, 6, 91, 0
7, 35520, {, 6, 48, 94
7, 35520, {, 6, 95, 94
7, 35539, &, 6, 7, 99
7, 35584, {, 6, 48, 0
7, 35584, {, 6, 95, 0
7, 35584, {, 6, 55, 93
7, 35615, &, 6, 7, 98
7, 35648, {, 6, 55, 0
7, 35648, {, 6, 60, 92
7, 35691, &, 6, 7, 97
7, 35712, {, 6, 60, 0
7, 35712, {, 6, 64, 91
7, 35767, &, 6, 7, 96
7, 35776, {, 6, 64, 0
7, 35776, {, 6, 67, 89
7, 35840, {, 6, 67, 0
7, 35840, {, 6, 71, 87
7, 35843, &, 6, 7, 95
7, 35904, {, 6, 71, 0
7, 35904, {, 6, 72, 85
7, 35919, &, 6, 7, 94
7, 35968, {, 6, 72, 0
7, 35968, {, 6, 75, 83
7, 35995, &, 6, 7, 93
7, 36032, {, 6, 75, 0
7, 36032, {, 6, 79, 81
7, 36071, &, 6, 7, 92
7, 36096, {, 6, 79, 0
7, 36096, {, 6, 83, 79
7, 36147, &, 6, 7, 91
7, 36160, {, 6, 83, 0
7, 36160, {, 6, 88, 77
7, 36224, {, 6, 88, 0
7, 36224, &, 6, 7, 90
7, 36224, {, 6, 91, 75
7, 36286, {, 6, 91, 0
7, 36288, {, 6, 47, 75
7, 36288, {, 6, 95, 75
7, 36352, {, 6, 47, 0
7, 36352, {, 6, 95, 0
7, 36352, &, 6, 7, 127
7, 36352, {, 6, 54, 127
7, 36416, {, 6, 54, 0
7, 36416, {, 6, 59, 127
7, 36480, {, 6, 59, 0
7, 36480, {, 6, 61, 127
7, 36544, {, 6, 61, 0
7, 36544, {, 6, 64, 126
7, 36556, &, 6, 7, 126
7, 36608, {, 6, 64, 0
7, 36608, {, 6, 67, 125
7, 36632, &, 6, 7, 125
7, 36672, {, 6, 67, 0
7, 36672, {, 6, 71, 124
7, 36708, &, 6, 7, 124
7, 36736, {, 6, 71, 0
7, 36736, {, 6, 74, 123
7, 36784, &, 6, 7, 123
7, 36800, {, 6, 74, 0
7, 36800, {, 6, 78, 122
7, 36860, &, 6, 7, 122
7, 36864, {, 6, 78, 0
7, 36864, {, 6, 80, 121
7, 36928, {, 6, 80, 0
7, 36928, {, 6, 83, 120
7, 36936, &, 6, 7, 121
7, 36992, {, 6, 83, 0
7, 36992, {, 6, 85, 119
7, 37012, &, 6, 7, 120
7, 37056, {, 6, 85, 0
7, 37056, {, 6, 47, 118
7, 37056, {, 6, 86, 118
7, 37088, &, 6, 7, 119
7, 37120, {, 6, 47, 0
7, 37120, {, 6, 86, 0
7, 37120, {, 6, 54, 117
7, 37164, &, 6, 7, 118
7, 37184, {, 6, 54, 0
7, 37184, {, 6, 59, 116
7, 37241, &, 6, 7, 117
7, 37248, {, 6, 59, 0
7, 37248, {, 6, 61, 115
7, 37312, {, 6, 61, 0
7, 37312, {, 6, 64, 114
7, 37317, &, 6, 7, 116
7, 37376, {, 6, 64, 0
7, 37376, {, 6, 67, 113
7, 37393, &, 6, 7, 115
7, 37440, {, 6, 67, 0
7, 37440, {, 6, 71, 112
7, 37469, &, 6, 7, 114
7, 37504, {, 6, 71, 0
7, 37504, {, 6, 74, 111
7, 37545, &, 6, 7, 113
7, 37568, {, 6, 74, 0
7, 37568, {, 6, 78, 110
7, 37621, &, 6, 7, 112
7, 37632, {, 6, 78, 0
7, 37632, {, 6, 80, 109
7, 37696, {, 6, 80, 0
7, 37696, {, 6, 83, 108
7, 37697, &, 6, 7, 111
7, 37760, {, 6, 83, 0
7, 37760, {, 6, 85, 107
7, 37773, &, 6, 7, 110
7, 37824, {, 6, 85, 0
7, 37824, {, 6, 47, 106
7, 37824, {, 6, 86, 106
7, 37849, &, 6, 7, 109
7, 37888, {, 6, 47, 0
7, 37888, {, 6, 86, 0
7, 37888, {, 6, 54, 105
7, 37926, &, 6, 7, 108
7, 37952, {, 6, 54, 0
7, 37952, {, 6, 59, 104
7, 38002, &, 6, 7, 107
7, 38016, {, 6, 59, 0
7, 38016, {, 6, 61, 103
7, 38078, &, 6, 7, 106
7, 38080, {, 6, 61, 0
7, 38080, {, 6, 64, 102
7, 38144, {, 6, 64, 0
7, 38144, {, 6, 67, 101
7, 38154, &, 6, 7, 105
7, 38208, {, 6, 67, 0
7, 38208, {, 6, 71, 100
7, 38230, &, 6, 7, 104
7, 38272, {, 6, 71, 0
7, 38272, {, 6, 74, 99
7, 38306, &, 6, 7, 103
7, 38336, {, 6, 74, 0
7, 38336, {, 6, 78, 98
7, 38382, &, 6, 7, 102
7, 38400, {, 6, 78, 0
7, 38400, {, 6, 80, 97
7, 38458, &, 6, 7, 101
7, 38464, {, 6, 80, 0
7, 38464, {, 6, 83, 96
7, 38528, {, 6, 83, 0
7, 38528, {, 6, 85, 95
7, 38534, &, 6, 7, 100
7, 38592, {, 6, 85, 0
7, 38592, {, 6, 47, 94
7, 38592, {, 6, 86, 94
7, 38611, &, 6, 7, 99
7, 38656, {, 6, 47, 0
7, 38656, {, 6, 86, 0
7, 38656, {, 6, 54, 93
7, 38687, &, 6, 7, 98
7, 38720, {, 6, 54, 0
7, 38720, {, 6, 59, 92
7, 38763, &, 6, 7, 97
7, 38784, {, 6, 59, 0
7, 38784, {, 6, 61, 91
7, 38839, &, 6, 7, 96
7, 38848, {, 6, 61, 0
7, 38848, {, 6, 64, 89
7, 38912, {, 6, 64, 0
7, 38912, {, 6, 67, 87
7, 38915, &, 6, 7, 95
7, 38976, {, 6, 67, 0
7, 38976, {, 6, 71, 85
7, 38991, &, 6, 7, 94
7, 39040, {, 6, 71, 0
7, 39040, {, 6, 74, 83
7, 39067, &, 6, 7, 93
7, 39104, {, 6, 74, 0
7, 39104, {, 6, 78, 81
7, 39143, &, 6, 7, 92
7, 39168, {, 6, 78, 0
7, 39168, {, 6, 80, 79
7, 39219, &, 6, 7, 91
7, 39232, {, 6, 80, 0
7, 39232, {, 6, 83, 77
7, 39296, {, 6, 83, 0
7, 39296, &, 6, 7, 90
7, 39296, {, 6, 85, 75
7, 39358, {, 6, 85, 0
7, 39360, {, 6, 48, 75
7, 39360, {, 6, 86, 75
7, 39424, {, 6, 48, 0
7, 39424, {, 6, 86, 0
7, 39424, &, 6, 7, 127
7, 39424, {, 6, 55, 127
7, 39488, {, 6, 55, 0
7, 39488, {, 6, 60, 127
7, 39552, {, 6, 60, 0
7, 39552, {, 6, 64, 127
7, 39616, {, 6, 64, 0
7, 39616, {, 6, 67, 126
7, 39628, &, 6, 7, 126
7, 39680, {, 6, 67, 0
7, 39680, {, 6, 71, 125
7, 39704, &, 6, 7, 125
7, 39744, {, 6, 71, 0
7, 39744, {, 6, 72, 124
7, 39780, &, 6, 7, 124
7, 39808, {, 6, 72, 0
7, 39808, {, 6, 75, 123
7, 39856, &, 6, 7, 123
7, 39872, {, 6, 75, 0
7, 39872, {, 6, 79, 122
7, 39932, &, 6, 7, 122
7, 39936, {, 6, 79, 0
7, 39936, {, 6, 83, 121
7, 40000, {, 6, 83, 0
7, 40000, {, 6, 88, 120
7, 40008, &, 6, 7, 121
7, 40064, {, 6, 88, 0
7, 40064, {, 6, 91, 119
7, 40084, &, 6, 7, 120
7, 40128, {, 6, 91, 0
7, 40128, {, 6, 48, 118
7, 40128, {, 6, 95, 118
7, 40160, &, 6, 7, 119
7, 40192, {, 6, 48, 0
7, 40192, {, 6, 95, 0
7, 40192, {, 6, 55, 117
7, 40236, &, 6, 7, 118
7, 40256, {, 6, 55, 0
7, 40256, {, 6, 60, 116
7, 40313, &, 6, 7, 117
7, 40320, {, 6, 60, 0
7, 40320, {, 6, 64, 115
7, 40384, {, 6, 64, 0
7, 40384, {, 6, 67, 114
7, 40389, &, 6, 7, 116
7, 40448, {, 6, 67, 0
7, 40448, {, 6, 71, 113
7, 40465, &, 6, 7, 115
7, 40512, {, 6, 71, 0
7, 40512, {, 6, 72, 112
7, 40541, &, 6, 7, 114
7, 40576, {, 6, 72, 0
7, 40576, {, 6, 75, 111
7, 40617, &, 6, 7, 113
7, 40640, {, 6, 75, 0
7, 40640, {, 6, 79, 110
7, 40693, &, 6, 7, 112
7, 40704, {, 6, 79, 0
7, 40704, {, 6, 83, 109
7, 40768, {, 6, 83, 0
7, 40768, {, 6, 88, 108
7, 40769, &, 6, 7, 111
7, 40832, {, 6, 88, 0
7, 40832, {, 6, 91, 107
7, 40845, &, 6, 7, 110
7, 40896, {, 6, 91, 0
7, 40896, {, 6, 48, 106
7, 40896, {, 6, 95, 106
7, 40921, &, 6, 7, 109
7, 40960, {, 6, 48, 0
7, 40960, {, 6, 95, 0
7, 40960, {, 6, 55, 105
7, 40998, &, 6, 7, 108
7, 41024, {, 6, 55, 0
7, 41024, {, 6, 60, 104
7, 41074, &, 6, 7, 107
7, 41088, {, 6, 60, 0
7, 41088, {, 6, 64, 103
7, 41150, &, 6, 7, 106
7, 41152, {, 6, 64, 0
7, 41152, {, 6, 67, 102
7, 41216, {, 6, 67, 0
7, 41216, {, 6, 71, 101
7, 41226, &, 6, 7, 105
7, 41280, {, 6, 71, 0
7, 41280, {, 6, 72, 100
7, 41302, &, 6, 7, 104
7, 41344, {, 6, 72, 0
7, 41344, {, 6, 75, 99
7, 41378, &, 6, 7, 103
7, 41408, {, 6, 75, 0
7, 41408, {, 6, 79, 98
7, 41454, &, 6, 7, 102
7, 41472, {, 6, 79, 0
7, 41472, {, 6, 83, 97
7, 41530, &, 6, 7, 101
7, 41536, {, 6, 83, 0
7, 41536, {, 6, 88, 96
7, 41600, {, 6, 88, 0
7, 41600, {, 6, 91, 95
7, 41606, &, 6, 7, 100
7, 41664, {, 6, 91, 0
7, 41664, {, 6, 48, 94
7, 41664, {, 6, 95, 94
7, 41683, &, 6, 7, 99
7, 41728, {, 6, 48, 0
7, 41728, {, 6, 95, 0
7, 41728, {, 6, 55, 93
7, 41759, &, 6, 7, 98
7, 41792, {, 6, 55, 0
7, 41792, {, 6, 60, 92
7, 41835, &, 6, 7, 97
7, 41856, {, 6, 60, 0
7, 41856, {, 6, 64, 91
7, 41911, &, 6, 7, 96
7, 41920, {, 6, 64, 0
7, 41920, {, 6, 67, 89
7, 41984, {, 6, 67, 0
7, 41984, {, 6, 71, 87
7, 41987, &, 6, 7, 95
7, 42048, {, 6, 71, 0
7, 42048, {, 6, 72, 85
7, 42063, &, 6, 7, 94
7, 42112, {, 6, 72, 0
7, 42112, {, 6, 75, 83
7, 42139, &, 6, 7, 93
7, 42176, {, 6, 75, 0
7, 42176, {, 6, 79, 81
7, 42215, &, 6, 7, 92
7, 42240, {, 6, 79, 0
7, 42240, {, 6, 83, 79
7, 42291, &, 6, 7, 91
7, 42304, {, 6, 83, 0
7, 42304, {, 6, 88, 77
7, 42368, {, 6, 88, 0
7, 42368, &, 6, 7, 90
7, 42368, {, 6, 91, 75
7, 42430, {, 6, 91, 0
7, 42432, {, 6, 47, 75
7, 42432, {, 6, 95, 75
7, 42496, {, 6, 47, 0
7, 42496, {, 6, 95, 0
7, 42496, &, 6, 7, 127
7, 42496, {, 6, 54, 127
7, 42560, {, 6, 54, 0
7, 42560, {, 6, 59, 127
7, 42624, {, 6, 59, 0
7, 42624, {, 6, 61, 127
7, 42688, {, 6, 61, 0
7, 42688, {, 6, 64, 126
7, 42700, &, 6, 7, 126
7, 42752, {, 6, 64, 0
7, 42752, {, 6, 67, 125
7, 42776, &, 6, 7, 125
7, 42816, {, 6, 67, 0
7, 42816, {, 6, 71, 124
7, 42852, &, 6, 7, 124
7, 42880, {, 6, 71, 0
7, 42880, {, 6, 74, 123
7, 42928, &, 6, 7, 123
7, 42944, {, 6, 74, 0
7, 42944, {, 6, 78, 122
7, 43004, &, 6, 7, 122
7, 43008, {, 6, 78, 0
7, 43008, {, 6, 80, 121
7, 43072, {, 6, 80, 0
7, 43072, {, 6, 83, 120
7, 43080, &, 6, 7, 121
7, 43136, {, 6, 83, 0
7, 43136, {, 6, 85, 119
7, 43156, &, 6, 7, 120
7, 43200, {, 6, 85, 0
7, 43200, {, 6, 47, 118
7, 43200, {, 6, 86, 118
7, 43232, &, 6, 7, 119
7, 43264, {, 6, 47, 0
7, 43264, {, 6, 86, 0
7, 43264, {, 6, 54, 117
7, 43308, &, 6, 7, 118
7, 43328, {, 6, 54, 0
7, 43328, {, 6, 59, 116
7, 43385, &, 6, 7, 117
7, 43392, {, 6, 59, 0
7, 43392, {, 6, 61, 115
7, 43456, {, 6, 61, 0
7, 43456, {, 6, 64, 114
7, 43461, &, 6, 7, 116
7, 43520, {, 6, 64, 0
7, 43520, {, 6, 67, 113
7, 43537, &, 6, 7, 115
7, 43584, {, 6, 67, 0
7, 43584, {, 6, 71, 112
7, 43613, &, 6, 7, 114
7, 43648, {, 6, 71, 0
7, 43648, {, 6, 74, 111
7, 43689, &, 6, 7, 113
7, 43712, {, 6, 74, 0
7, 43712, {, 6, 78, 110
7, 43765, &, 6, 7, 112
7, 43776, {, 6, 78, 0
7, 43776, {, 6, 80, 109
7, 43840, {, 6, 80, 0
7, 43840, {, 6, 83, 108
7, 43841, &, 6, 7, 111
7, 43904, {, 6, 83, 0
7, 43904, {, 6, 85, 107
7, 43917, &, 6, 7, 110
7, 43968, {, 6, 85, 0
7, 43968, {, 6, 47, 106
7, 43968, {, 6, 86, 106
7, 43993, &, 6, 7, 109
7, 44032, {, 6, 47, 0
7, 44032, {, 6, 86, 0
7, 44032, {, 6, 54, 105
7, 44070, &, 6, 7, 108
7, 44096, {, 6, 54, 0
7, 44096, {, 6, 59, 104
7, 44146, &, 6, 7, 107
7, 44160, {, 6, 59, 0
7, 44160, {, 6, 61, 103
7, 44222, &, 6, 7, 106
7, 44224, {, 6, 61, 0
7, 44224, {, 6, 64, 102
7, 44288, {, 6, 64, 0
7, 44288, {, 6, 67, 101
7, 44298, &, 6, 7, 105
7, 44352, {, 6, 67, 0
7, 44352, {, 6, 71, 100
7, 44374, &, 6, 7, 104
7, 44416, {, 6, 71, 0
7, 44416, {, 6, 74, 99
7, 44450, &, 6, 7, 103
7, 44480, {, 6, 74, 0
7, 44480, {, 6, 78, 98
7, 44526, &, 6, 7, 102
7, 44544, {, 6, 78, 0
7, 44544, {, 6, 80, 97
7, 44602, &, 6, 7, 101
7, 44608, {, 6, 80, 0
7, 44608, {, 6, 83, 96
7, 44672, {, 6, 83, 0
7, 44672, {, 6, 85, 95
7, 44678, &, 6, 7, 100
7, 44736, {, 6, 85, 0
7, 44736, {, 6, 47, 94
7, 44736, {, 6, 86, 94
7, 44755, &, 6, 7, 99
7, 44800, {, 6, 47, 0
7, 44800, {, 6, 86, 0
7, 44800, {, 6, 54, 93
7, 44831, &, 6, 7, 98
7, 44864, {, 6, 54, 0
7, 44864, {, 6, 59, 92
7, 44907, &, 6, 7, 97
7, 44928, {, 6, 59, 0
7, 44928, {, 6, 61, 91
7, 44983, &, 6, 7, 96
7, 44992, {, 6, 61, 0
7, 44992, {, 6, 64, 89
7, 45056, {, 6, 64, 0
7, 45056, {, 6, 67, 87
7, 45059, &, 6, 7, 95
7, 45120, {, 6, 67, 0
7, 45120, {, 6, 71, 85
7, 45135, &, 6, 7, 94
7, 45184, {, 6, 71, 0
7, 45184, {, 6, 74, 83
7, 45211, &, 6, 7, 93
7, 45248, {, 6, 74, 0
7, 45248, {, 6, 78, 81
7, 45287, &, 6, 7, 92
7, 45312, {, 6, 78, 0
7, 45312, {, 6, 80, 79
7, 45363, &, 6, 7, 91
7, 45376, {, 6, 80, 0
7, 45376, {, 6, 83, 77
7, 45440, {, 6, 83, 0
7, 45440, &, 6, 7, 90
7, 45440, {, 6, 85, 75
7, 45502, {, 6, 85, 0
7, 45504, {, 6, 45, 75
7, 45568, {, 6, 45, 0
7, 45568, &, 6, 7, 127
7, 45568, {, 6, 52, 127
7, 45632, {, 6, 52, 0
7, 45632, {, 6, 57, 127
7, 45696, {, 6, 57, 0
7, 45696, {, 6, 61, 127
7, 45760, {, 6, 61, 0
7, 45760, {, 6, 64, 126
7, 45772, &, 6, 7, 126
7, 45824, {, 6, 64, 0
7, 45824, {, 6, 68, 125
7, 45848, &, 6, 7, 125
7, 45888, {, 6, 68, 0
7, 45888, {, 6, 69, 124
7, 45924, &, 6, 7, 124
7, 45952, {, 6, 69, 0
7, 45952, {, 6, 72, 123
7, 46000, &, 6, 7, 123
7, 46016, {, 6, 72, 0
7, 46016, {, 6, 76, 122
7, 46076, &, 6, 7, 122
7, 46080, {, 6, 76, 0
7, 46080, {, 6, 80, 121
7, 46144, {, 6, 80, 0
7, 46144, {, 6, 85, 120
7, 46152, &, 6, 7, 121
7, 46208, {, 6, 85, 0
7, 46208, {, 6, 88, 119
7, 46228, &, 6, 7, 120
7, 46272, {, 6, 88, 0
7, 46272, {, 6, 45, 118
7, 46272, {, 6, 92, 118
7, 46304, &, 6, 7, 119
7, 46336, {, 6, 45, 0
7, 46336, {, 6, 92, 0
7, 46336, {, 6, 52, 117
7, 46380, &, 6, 7, 118
7, 46400, {, 6, 52, 0
7, 46400, {, 6, 57, 116
7, 46457, &, 6, 7, 117
7, 46464, {, 6, 57, 0
7, 46464, {, 6, 61, 115
7, 46528, {, 6, 61, 0
7, 46528, {, 6, 64, 114
7, 46533, &, 6, 7, 116
7, 46592, {, 6, 64, 0
7, 46592, {, 6, 68, 113
7, 46609, &, 6, 7, 115
7, 46656, {, 6, 68, 0
7, 46656, {, 6, 69, 112
7, 46685, &, 6, 7, 114
7, 46720, {, 6, 69, 0
7, 46720, {, 6, 72, 111
7, 46761, &, 6, 7, 113
7, 46784, {, 6, 72, 0
7, 46784, {, 6, 76, 110
7, 46837, &, 6, 7, 112
7, 46848, {, 6, 76, 0
7, 46848, {, 6, 80, 109
7, 46912, {, 6, 80, 0
7, 46912, {, 6, 85, 108
7, 46913, &, 6, 7, 111
7, 46976, {, 6, 85, 0
7, 46976, {, 6, 88, 107
7, 46989, &, 6, 7, 110
7, 47040, {, 6, 88, 0
7, 47040, {, 6, 45, 106
7, 47040, {, 6, 92, 106
7, 47065, &, 6, 7, 109
7, 47104, {, 6, 45, 0
7, 47104, {, 6, 92, 0
7, 47104, {, 6, 52, 105
7, 47142, &, 6, 7, 108
7, 47168, {, 6, 52, 0
7, 47168, {, 6, 57, 104
7, 47218, &, 6, 7, 107
7, 47232, {, 6, 57, 0
7, 47232, {, 6, 61, 103
7, 47294, &, 6, 7, 106
7, 47296, {, 6, 61, 0
7, 47296, {, 6, 64, 102
7, 47360, {, 6, 64, 0
7, 47360, {, 6, 68, 101
7, 47370, &, 6, 7, 105
7, 47424, {, 6, 68, 0
7, 47424, {, 6, 69, 100
7, 47446, &, 6, 7, 104
7, 47488, {, 6, 69, 0
7, 47488, {, 6, 72, 99
7, 47522, &, 6, 7, 103
7, 47552, {, 6, 72, 0
7, 47552, {, 6, 76, 98
7, 47598, &, 6, 7, 102
7, 47616, {, 6, 76, 0
7, 47616, {, 6, 80, 97
7, 47674, &, 6, 7, 101
7, 47680, {, 6, 80, 0
7, 47680, {, 6, 85, 96
7, 47744, {, 6, 85, 0
7, 47744, {, 6, 88, 95
7, 47750, &, 6, 7, 100
7, 47808, {, 6, 88, 0
7, 47808, {, 6, 45, 94
7, 47808, {, 6, 92, 94
7, 47827, &, 6, 7, 99
7, 47872, {, 6, 45, 0
7, 47872, {, 6, 92, 0
7, 47872, {, 6, 52, 93
7, 47903, &, 6, 7, 98
7, 47936, {, 6, 52, 0
7, 47936, {, 6, 57, 92
7, 47979, &, 6, 7, 97
7, 48000, {, 6, 57, 0
7, 48000, {, 6, 61, 91
7, 48055, &, 6, 7, 96
7, 48064, {, 6, 61, 0
7, 48064, {, 6, 64, 89
7, 48128, {, 6, 64, 0
7, 48128, {, 6, 68, 87
7, 48131, &, 6, 7, 95
7, 48192, {, 6, 68, 0
7, 48192, {, 6, 69, 85
7, 48207, &, 6, 7, 94
7, 48256, {, 6, 69, 0
7, 48256, {, 6, 72, 83
7, 48283, &, 6, 7, 93
7, 48320, {, 6, 72, 0
7, 48320, {, 6, 76, 81
7, 48359, &, 6, 7, 92
7, 48384, {, 6, 76, 0
7, 48384, {, 6, 80, 79
7, 48435, &, 6, 7, 91
7, 48448, {, 6, 80, 0
7, 48448, {, 6, 85, 77
7, 48512, {, 6, 85, 0
7, 48512, &, 6, 7, 90
7, 48512, {, 6, 88, 75
7, 48574, {, 6, 88, 0
7, 48576, {, 6, 44, 75
7, 48576, {, 6, 92, 75
7, 48640, {, 6, 44, 0
7, 48640, {, 6, 92, 0
7, 48640, &, 6, 7, 127
7, 48640, {, 6, 51, 127
7, 48704, {, 6, 51, 0
7, 48704, {, 6, 56, 127
7, 48768, {, 6, 56, 0
7, 48768, {, 6, 58, 127
7, 48832, {, 6, 58, 0
7, 48832, {, 6, 61, 126
7, 48844, &, 6, 7, 126
7, 48896, {, 6, 61, 0
7, 48896, {, 6, 64, 125
7, 48920, &, 6, 7, 125
7, 48960, {, 6, 64, 0
7, 48960, {, 6, 68, 124
7, 48996, &, 6, 7, 124
7, 49024, {, 6, 68, 0
7, 49024, {, 6, 71, 123
7, 49072, &, 6, 7, 123
7, 49088, {, 6, 71, 0
7, 49088, {, 6, 75, 122
7, 49148, &, 6, 7, 122
7, 49152, {, 6, 75, 0
7, 49152, {, 6, 77, 121
7, 49216, {, 6, 77, 0
7, 49216, {, 6, 80, 120
7, 49224, &, 6, 7, 121
7, 49280, {, 6, 80, 0
7, 49280, {, 6, 82, 119
7, 49300, &, 6, 7, 120
7, 49344, {, 6, 82, 0
7, 49344, {, 6, 44, 118
7, 49344, {, 6, 83, 118
7, 49376, &, 6, 7, 119
7, 49408, {, 6, 44, 0
7, 49408, {, 6, 83, 0
7, 49408, {, 6, 51, 117
7, 49452, &, 6, 7, 118
7, 49472, {, 6, 51, 0
7, 49472, {, 6, 56, 116
7, 49529, &, 6, 7, 117
7, 49536, {, 6, 56, 0
7, 49536, {, 6, 58, 115
7, 49600, {, 6, 58, 0
7, 49600, {, 6, 61, 114
7, 49605, &, 6, 7, 116
7, 49664, {, 6, 61, 0
7, 49664, {, 6, 64, 113
7, 49681, &, 6, 7, 115
7, 49728, {, 6, 64, 0
7, 49728, {, 6, 68, 112
7, 49757, &, 6, 7, 114
7, 49792, {, 6, 68, 0
7, 49792, {, 6, 71, 111
7, 49833, &, 6, 7, 113
7, 49856, {, 6, 71, 0
7, 49856, {, 6, 75, 110
7, 49909, &, 6, 7, 112
7, 49920, {, 6, 75, 0
7, 49920, {, 6, 77, 109
7, 49984, {, 6, 77, 0
7, 49984, {, 6, 80, 108
7, 49985, &, 6, 7, 111
7, 50048, {, 6, 80, 0
7, 50048, {, 6, 82, 107
7, 50061, &, 6, 7, 110
7, 50112, {, 6, 82, 0
7, 50112, {, 6, 44, 106
7, 50112, {, 6, 83, 106
7, 50137, &, 6, 7, 109
7, 50176, {, 6, 44, 0
7, 50176, {, 6, 83, 0
7, 50176, {, 6, 51, 105
7, 50214, &, 6, 7, 108
7, 50240, {, 6, 51, 0
7, 50240, {, 6, 56, 104
7, 50290, &, 6, 7, 107
7, 50304, {, 6, 56, 0
7, 50304, {, 6, 58, 103
7, 50366, &, 6, 7, 106
7, 50368, {, 6, 58, 0
7, 50368, {, 6, 61, 102
7, 50432, {, 6, 61, 0
7, 50432, {, 6, 64, 101
7, 50442, &, 6, 7, 105
7, 50496, {, 6, 64, 0
7, 50496, {, 6, 68, 100
7, 50518, &, 6, 7, 104
7, 50560, {, 6, 68, 0
7, 50560, {, 6, 71, 99
7, 50594, &, 6, 7, 103
7, 50624, {, 6, 71, 0
7, 50624, {, 6, 75, 98
7, 50670, &, 6, 7, 102
7, 50688, {, 6, 75, 0
7, 50688, {, 6, 77, 97
7, 50746, &, 6, 7, 101
7, 50752, {, 6, 77, 0
7, 50752, {, 6, 80, 96
7, 50816, {, 6, 80, 0
7, 50816, {, 6, 82, 95
7, 50822, &, 6, 7, 100
7, 50880, {, 6, 82, 0
7, 50880, {, 6, 44, 94
7, 50880, {, 6, 83, 94
7, 50899, &, 6, 7, 99
7, 50944, {, 6, 44, 0
7, 50944, {, 6, 83, 0
7, 50944, {, 6, 51, 93
7, 50975, &, 6, 7, 98
7, 51008, {, 6, 51, 0
7, 51008, {, 6, 56, 92
7, 51051, &, 6, 7, 97
7, 51072, {, 6, 56, 0
7, 51072, {, 6, 58, 91
7, 51127, &, 6, 7, 96
7, 51136, {, 6, 58, 0
7, 51136, {, 6, 61, 89
7, 51200, {, 6, 61, 0
7, 51200, {, 6, 64, 87
7, 51203, &, 6, 7, 95
7, 51264, {, 6, 64, 0
7, 51264, {, 6, 68, 85
7, 51279, &, 6, 7, 94
7, 51328, {, 6, 68, 0
7, 51328, {, 6, 71, 83
7, 51355, &, 6, 7, 93
7, 51392, {, 6, 71, 0
7, 51392, {, 6, 75, 81
7, 51431, &, 6, 7, 92
7, 51456, {, 6, 75, 0
7, 51456, {, 6, 77, 79
7, 51507, &, 6, 7, 91
7, 51520, {, 6, 77, 0
7, 51520, {, 6, 80, 77
7, 51584, {, 6, 80, 0
7, 51584, &, 6, 7, 90
7, 51584, {, 6, 82, 75
7, 51646, {, 6, 82, 0
7, 51648, {, 6, 43, 75
7, 51648, {, 6, 83, 75
7, 51712, {, 6, 43, 0
7, 51712, {, 6, 83, 0
7, 51712, &, 6, 7, 127
7, 51712, {, 6, 50, 127
7, 51776, {, 6, 50, 0
7, 51776, {, 6, 55, 127
7, 51840, {, 6, 55, 0
7, 51840, {, 6, 59, 127
7, 51904, {, 6, 59, 0
7, 51904, {, 6, 62, 126
7, 51916, &, 6, 7, 126
7, 51968, {, 6, 62, 0
7, 51968, {, 6, 66, 125
7, 51992, &, 6, 7, 125
7, 52032, {, 6, 66, 0
7, 52032, {, 6, 67, 124
7, 52068, &, 6, 7, 124
7, 52096, {, 6, 67, 0
7, 52096, {, 6, 70, 123
7, 52144, &, 6, 7, 123
7, 52160, {, 6, 70, 0
7, 52160, {, 6, 74, 122
7, 52220, &, 6, 7, 122
7, 52224, {, 6, 74, 0
7, 52224, {, 6, 78, 121
7, 52288, {, 6, 78, 0
7, 52288, {, 6, 83, 120
7, 52296, &, 6, 7, 121
7, 52352, {, 6, 83, 0
7, 52352, {, 6, 86, 119
7, 52372, &, 6, 7, 120
7, 52416, {, 6, 86, 0
7, 52416, {, 6, 43, 118
7, 52416, {, 6, 90, 118
7, 52448, &, 6, 7, 119
7, 52480, {, 6, 43, 0
7, 52480, {, 6, 90, 0
7, 52480, {, 6, 50, 117
7, 52524, &, 6, 7, 118
7, 52544, {, 6, 50, 0
7, 52544, {, 6, 55, 116
7, 52601, &, 6, 7, 117
7, 52608, {, 6, 55, 0
7, 52608, {, 6, 59, 115
7, 52672, {, 6, 59, 0
7, 52672, {, 6, 62, 114
7, 52677, &, 6, 7, 116
7, 52736, {, 6, 62, 0
7, 52736, {, 6, 66, 113
7, 52753, &, 6, 7, 115
7, 52800, {, 6, 66, 0
7, 52800, {, 6, 67, 112
7, 52829, &, 6, 7, 114
7, 52864, {, 6, 67, 0
7, 52864, {, 6, 70, 111
7, 52905, &, 6, 7, 113
7, 52928, {, 6, 70, 0
7, 52928, {, 6, 74, 110
7, 52981, &, 6, 7, 112
7, 52992, {, 6, 74, 0
7, 52992, {, 6, 78, 109
7, 53056, {, 6, 78, 0
7, 53056, {, 6, 83, 108
7, 53057, &, 6, 7, 111
7, 53120, {, 6, 83, 0
7, 53120, {, 6, 86, 107
7, 53133, &, 6, 7, 110
7, 53184, {, 6, 86, 0
7, 53184, {, 6, 43, 106
7, 53184, {, 6, 90, 106
7, 53209, &, 6, 7, 109
7, 53248, {, 6, 43, 0
7, 53248, {, 6, 90, 0
7, 53248, {, 6, 50, 105
7, 53286, &, 6, 7, 108
7, 53312, {, 6, 50, 0
7, 53312, {, 6, 55, 104
7, 53362, &, 6, 7, 107
7, 53376, {, 6, 55, 0
7, 53376, {, 6, 59, 103
7, 53438, &, 6, 7, 106
7, 53440, {, 6, 59, 0
7, 53440, {, 6, 62, 102
7, 53504, {, 6, 62, 0
7, 53504, {, 6, 66, 101
7, 53514, &, 6, 7, 105
7, 53568, {, 6, 66, 0
7, 53568, {, 6, 67, 100
7, 53590, &, 6, 7, 104
7, 53632, {, 6, 67, 0
7, 53632, {, 6, 70, 99
7, 53666, &, 6, 7, 103
7, 53696, {, 6, 70, 0
7, 53696, {, 6, 74, 98
7, 53742, &, 6, 7, 102
7, 53760, {, 6, 74, 0
7, 53760, {, 6, 78, 97
7, 53818, &, 6, 7, 101
7, 53824, {, 6, 78, 0
7, 53824, {, 6, 83, 96
7, 53888, {, 6, 83, 0
7, 53888, {, 6, 86, 95
7, 53894, &, 6, 7, 100
7, 53952, {, 6, 86, 0
7, 53952, {, 6, 43, 94
7, 53952, {, 6, 90, 94
7, 53971, &, 6, 7, 99
7, 54016, {, 6, 43, 0
7, 54016, {, 6, 90, 0
7, 54016, {, 6, 50, 93
7, 54047, &, 6, 7, 98
7, 54080, {, 6, 50, 0
7, 54080, {, 6, 55, 92
7, 54123, &, 6, 7, 97
7, 54144, {, 6, 55, 0
7, 54144, {, 6, 59, 91
7, 54199, &, 6, 7, 96
7, 54208, {, 6, 59, 0
7, 54208, {, 6, 62, 89
7, 54272, {, 6, 62, 0
7, 54272, {, 6, 66, 87
7, 54275, &, 6, 7, 95
7, 54336, {, 6, 66, 0
7, 54336, {, 6, 67, 85
7, 54351, &, 6, 7, 94
7, 54400, {, 6, 67, 0
7, 54400, {, 6, 70, 83
7, 54427, &, 6, 7, 93
7, 54464, {, 6, 70, 0
7, 54464, {, 6, 74, 81
7, 54503, &, 6, 7, 92
7, 54528, {, 6, 74, 0
7, 54528, {, 6, 78, 79
7, 54579, &, 6, 7, 91
7, 54592, {, 6, 78, 0
7, 54592, {, 6, 83, 77
7, 54656, {, 6, 83, 0
7, 54656, &, 6, 7, 90
7, 54656, {, 6, 86, 75
7, 54718, {, 6, 86, 0
7, 54720, {, 6, 42, 75
7, 54720, {, 6, 90, 75
7, 54784, {, 6, 42, 0
7, 54784, {, 6, 90, 0
7, 54784, &, 6, 7, 127
7, 54784, {, 6, 49, 127
7, 54848, {, 6, 49, 0
7, 54848, {, 6, 54, 127
7, 54912, {, 6, 54, 0
7, 54912, {, 6, 56, 127
7, 54976, {, 6, 56, 0
7, 54976, {, 6, 59, 126
7, 54988, &, 6, 7, 126
7, 55040, {, 6, 59, 0
7, 55040, {, 6, 62, 125
7, 55064, &, 6, 7, 125
7, 55104, {, 6, 62, 0
7, 55104, {, 6, 66, 124
7, 55140, &, 6, 7, 124
7, 55168, {, 6, 66, 0
7, 55168, {, 6, 69, 123
7, 55216, &, 6, 7, 123
7, 55232, {, 6, 69, 0
7, 55232, {, 6, 73, 122
7, 55292, &, 6, 7, 122
7, 55296, {, 6, 73, 0
7, 55296, {, 6, 75, 121
7, 55360, {, 6, 75, 0
7, 55360, {, 6, 78, 120
7, 55368, &, 6, 7, 121
7, 55424, {, 6, 78, 0
7, 55424, {, 6, 80, 119
7, 55444, &, 6, 7, 120
7, 55488, {, 6, 80, 0
7, 55488, {, 6, 42, 118
7, 55488, {, 6, 81, 118
7, 55520, &, 6, 7, 119
7, 55552, {, 6, 42, 0
7, 55552, {, 6, 81, 0
7, 55552, {, 6, 49, 117
7, 55596, &, 6, 7, 118
7, 55616, {, 6, 49, 0
7, 55616, {, 6, 54, 116
7, 55673, &, 6, 7, 117
7, 55680, {, 6, 54, 0
7, 55680, {, 6, 56, 115
7, 55744, {, 6, 56, 0
7, 55744, {, 6, 59, 114
7, 55749, &, 6, 7, 116
7, 55808, {, 6, 59, 0
7, 55808, {, 6, 62, 113
7, 55825, &, 6, 7, 115
7, 55872, {, 6, 62, 0
7, 55872, {, 6, 66, 112
7, 55901, &, 6, 7, 114
7, 55936, {, 6, 66, 0
7, 55936, {, 6, 69, 111
7, 55977, &, 6, 7, 113
7, 56000, {, 6, 69, 0
7, 56000, {, 6, 73, 110
7, 56053, &, 6, 7, 112
7, 56064, {, 6, 73, 0
7, 56064, {, 6, 75, 109
7, 56128, {, 6, 75, 0
7, 56128, {, 6, 78, 108
7, 56129, &, 6, 7, 111
7, 56192, {, 6, 78, 0
7, 56192, {, 6, 80, 107
7, 56205, &, 6, 7, 110
7, 56256, {, 6, 80, 0
7, 56256, {, 6, 42, 106
7, 56256, {, 6, 81, 106
7, 56281, &, 6, 7, 109
7, 56320, {, 6, 42, 0
7, 56320, {, 6, 81, 0
7, 56320, {, 6, 49, 105
7, 56358, &, 6, 7, 108
7, 56384, {, 6, 49, 0
7, 56384, {, 6, 54, 104
7, 56434, &, 6, 7, 107
7, 56448, {, 6, 54, 0
7, 56448, {, 6, 56, 103
7, 56510, &, 6, 7, 106
7, 56512, {, 6, 56, 0
7, 56512, {, 6, 59, 102
7, 56576, {, 6, 59, 0
7, 56576, {, 6, 62, 101
7, 56586, &, 6, 7, 105
7, 56640, {, 6, 62, 0
7, 56640, {, 6, 66, 100
7, 56662, &, 6, 7, 104
7, 56704, {, 6, 66, 0
7, 56704, {, 6, 69, 99
7, 56738, &, 6, 7, 103
7, 56768, {, 6, 69, 0
7, 56768, {, 6, 73, 98
7, 56814, &, 6, 7, 102
7, 56832, {, 6, 73, 0
7, 56832, {, 6, 75, 97
7, 56890, &, 6, 7, 101
7, 56896, {, 6, 75, 0
7, 56896, {, 6, 78, 96
7, 56960, {, 6, 78, 0
7, 56960, {, 6, 80, 95
7, 56966, &, 6, 7, 100
7, 57024, {, 6, 80, 0
7, 57024, {, 6, 42, 94
7, 57024, {, 6, 81, 94
7, 57043, &, 6, 7, 99
7, 57088, {, 6, 42, 0
7, 57088, {, 6, 81, 0
7, 57088, {, 6, 49, 93
7, 57119, &, 6, 7, 98
7, 57152, {, 6, 49, 0
7, 57152, {, 6, 54, 92
7, 57195, &, 6, 7, 97
7, 57216, {, 6, 54, 0
7, 57216, {, 6, 56, 91
7, 57271, &, 6, 7, 96
7, 57280, {, 6, 56, 0
7, 57280, {, 6, 59, 89
7, 57344, {, 6, 59, 0
7, 57344, {, 6, 62, 87
7, 57347, &, 6, 7, 95
7, 57408, {, 6, 62, 0
7, 57408, {, 6, 66, 85
7, 57423, &, 6, 7, 94
7, 57472, {, 6, 66, 0
7, 57472, {, 6, 69, 83
7, 57499, &, 6, 7, 93
7, 57536, {, 6, 69, 0
7, 57536, {, 6, 73, 81
7, 57575, &, 6, 7, 92
7, 57600, {, 6, 73, 0
7, 57600, {, 6, 75, 79
7, 57651, &, 6, 7, 91
7, 57664, {, 6, 75, 0
7, 57664, {, 6, 78, 77
7, 57728, {, 6, 78, 0
7, 57728, &, 6, 7, 90
7, 57728, {, 6, 80, 75
7, 57790, {, 6, 80, 0
7, 57790, \
8, 0, /
8, 0, `, 0
8, 0, ~, "Staff-6"
8, 0, &, 7, 7, 127
8, 0, &, 7, 10, 64
8, 0, \
9, 0, /
9, 0, `, 0
9, 0, ~, "Staff-7"
9, 0, &, 8, 7, 127
9, 0, &, 8, 10, 99
9, 0, ;, 8, 26
9, 45504, {, 8, 64, 110
9, 45568, {, 8, 64, 0
9, 45568, {, 8, 60, 110
9, 45632, {, 8, 60, 0
9, 45632, {, 8, 57, 110
9, 45696, {, 8, 57, 0
9, 45696, {, 8, 64, 110
9, 45760, {, 8, 64, 0
9, 45760, {, 8, 61, 110
9, 45824, {, 8, 61, 0
9, 45824, {, 8, 56, 110
9, 45888, {, 8, 56, 0
9, 45888, {, 8, 64, 110
9, 45952, {, 8, 64, 0
9, 45952, {, 8, 60, 110
9, 46016, {, 8, 60, 0
9, 46016, {, 8, 57, 110
9, 46080, {, 8, 57, 0
9, 46080, {, 8, 64, 110
9, 46144, {, 8, 64, 0
9, 46144, {, 8, 61, 110
9, 46208, {, 8, 61, 0
9, 46208, {, 8, 56, 110
9, 46272, {, 8, 56, 0
9, 46272, {, 8, 64, 110
9, 46336, {, 8, 64, 0
9, 46336, {, 8, 60, 110
9, 46400, {, 8, 60, 0
9, 46400, {, 8, 57, 110
9, 46464, {, 8, 57, 0
9, 46464, {, 8, 64, 110
9, 46528, {, 8, 64, 0
9, 46528, {, 8, 61, 110
9, 46592, {, 8, 61, 0
9, 46592, {, 8, 56, 110
9, 46656, {, 8, 56, 0
9, 46656, {, 8, 64, 110
9, 46720, {, 8, 64, 0
9, 46720, {, 8, 60, 110
9, 46784, {, 8, 60, 0
9, 46784, {, 8, 57, 110
9, 46848, {, 8, 57, 0
9, 46848, {, 8, 64, 110
9, 46912, {, 8, 64, 0
9, 46912, {, 8, 61, 110
9, 46976, {, 8, 61, 0
9, 46976, {, 8, 56, 110
9, 47040, {, 8, 56, 0
9, 47040, {, 8, 64, 110
9, 47104, {, 8, 64, 0
9, 47104, {, 8, 60, 110
9, 47168, {, 8, 60, 0
9, 47168, {, 8, 57, 110
9, 47232, {, 8, 57, 0
9, 47232, {, 8, 64, 110
9, 47296, {, 8, 64, 0
9, 47296, {, 8, 61, 110
9, 47360, {, 8, 61, 0
9, 47360, {, 8, 56, 110
9, 47424, {, 8, 56, 0
9, 47424, {, 8, 64, 110
9, 47488, {, 8, 64, 0
9, 47488, {, 8, 60, 110
9, 47552, {, 8, 60, 0
9, 47552, {, 8, 57, 110
9, 47616, {, 8, 57, 0
9, 47616, {, 8, 64, 110
9, 47680, {, 8, 64, 0
9, 47680, {, 8, 61, 110
9, 47744, {, 8, 61, 0
9, 47744, {, 8, 56, 110
9, 47808, {, 8, 56, 0
9, 47808, &, 8, 7, 127
9, 47808, {, 8, 64, 127
9, 47872, {, 8, 64, 0
9, 47872, {, 8, 60, 127
9, 47889, &, 8, 7, 126
9, 47906, &, 8, 7, 125
9, 47923, &, 8, 7, 124
9, 47936, {, 8, 60, 0
9, 47936, {, 8, 57, 122
9, 47941, &, 8, 7, 123
9, 47958, &, 8, 7, 122
9, 47975, &, 8, 7, 121
9, 47993, &, 8, 7, 120
9, 48000, {, 8, 57, 0
9, 48000, {, 8, 64, 117
9, 48010, &, 8, 7, 119
9, 48027, &, 8, 7, 118
9, 48044, &, 8, 7, 117
9, 48062, &, 8, 7, 116
9, 48064, {, 8, 64, 0
9, 48064, {, 8, 61, 112
9, 48079, &, 8, 7, 115
9, 48096, &, 8, 7, 114
9, 48114, &, 8, 7, 113
9, 48128, {, 8, 61, 0
9, 48128, {, 8, 56, 107
9, 48131, &, 8, 7, 112
9, 48148, &, 8, 7, 111
9, 48166, &, 8, 7, 110
9, 48183, &, 8, 7, 109
9, 48192, {, 8, 56, 0
9, 48192, {, 8, 64, 102
9, 48200, &, 8, 7, 108
9, 48217, &, 8, 7, 107
9, 48235, &, 8, 7, 106
9, 48252, &, 8, 7, 105
9, 48256, {, 8, 64, 0
9, 48256, {, 8, 60, 97
9, 48269, &, 8, 7, 104
9, 48287, &, 8, 7, 103
9, 48304, &, 8, 7, 102
9, 48320, {, 8, 60, 0
9, 48320, {, 8, 57, 92
9, 48321, &, 8, 7, 101
9, 48339, &, 8, 7, 100
9, 48356, &, 8, 7, 99
9, 48373, &, 8, 7, 98
9, 48384, {, 8, 57, 0
9, 48384, {, 8, 64, 87
9, 48390, &, 8, 7, 97
9, 48408, &, 8, 7, 96
9, 48425, &, 8, 7, 95
9, 48442, &, 8, 7, 94
9, 48448, {, 8, 64, 0
9, 48448, {, 8, 61, 81
9, 48460, &, 8, 7, 93
9, 48477, &, 8, 7, 92
9, 48494, &, 8, 7, 91
9, 48511, &, 8, 7, 90
9, 48512, {, 8, 61, 0
9, 48512, &, 8, 7, 90
9, 48512, {, 8, 56, 75
9, 48576, {, 8, 56, 0
9, 48576, &, 8, 7, 127
9, 48576, {, 8, 63, 127
9, 48640, {, 8, 63, 0
9, 48640, {, 8, 59, 127
9, 48704, {, 8, 59, 0
9, 48704, {, 8, 56, 127
9, 48768, {, 8, 56, 0
9, 48768, {, 8, 64, 127
9, 48832, {, 8, 64, 0
9, 48832, {, 8, 58, 127
9, 48896, {, 8, 58, 0
9, 48896, {, 8, 56, 127
9, 48960, {, 8, 56, 0
9, 48960, {, 8, 63, 127
9, 49024, {, 8, 63, 0
9, 49024, {, 8, 59, 127
9, 49088, {, 8, 59, 0
9, 49088, {, 8, 56, 127
9, 49152, {, 8, 56, 0
9, 49152, {, 8, 62, 127
9, 49216, {, 8, 62, 0
9, 49216, {, 8, 58, 127
9, 49280, {, 8, 58, 0
9, 49280, {, 8, 56, 127
9, 49344, {, 8, 56, 0
9, 49344, {, 8, 63, 127
9, 49408, {, 8, 63, 0
9, 49408, {, 8, 59, 127
9, 49472, {, 8, 59, 0
9, 49472, {, 8, 56, 127
9, 49536, {, 8, 56, 0
9, 49536, {, 8, 64, 127
9, 49600, {, 8, 64, 0
9, 49600, {, 8, 58, 127
9, 49664, {, 8, 58, 0
9, 49664, {, 8, 56, 127
9, 49728, {, 8, 56, 0
9, 49728, {, 8, 63, 127
9, 49792, {, 8, 63, 0
9, 49792, {, 8, 59, 127
9, 49856, {, 8, 59, 0
9, 49856, {, 8, 56, 127
9, 49920, {, 8, 56, 0
9, 49920, {, 8, 62, 127
9, 49984, {, 8, 62, 0
9, 49984, {, 8, 58, 127
9, 50048, {, 8, 58, 0
9, 50048, {, 8, 56, 127
9, 50112, {, 8, 56, 0
9, 50112, {, 8, 63, 127
9, 50176, {, 8, 63, 0
9, 50176, {, 8, 59, 127
9, 50240, {, 8, 59, 0
9, 50240, {, 8, 56, 127
9, 50304, {, 8, 56, 0
9, 50304, {, 8, 64, 127
9, 50368, {, 8, 64, 0
9, 50368, {, 8, 58, 127
9, 50432, {, 8, 58, 0
9, 50432, {, 8, 56, 127
9, 50496, {, 8, 56, 0
9, 50496, {, 8, 63, 127
9, 50560, {, 8, 63, 0
9, 50560, {, 8, 59, 127
9, 50624, {, 8, 59, 0
9, 50624, {, 8, 56, 127
9, 50688, {, 8, 56, 0
9, 50688, {, 8, 62, 127
9, 50752, {, 8, 62, 0
9, 50752, {, 8, 58, 127
9, 50816, {, 8, 58, 0
9, 50816, {, 8, 56, 127
9, 50880, {, 8, 56, 0
9, 50880, {, 8, 63, 127
9, 50899, &, 8, 7, 126
9, 50918, &, 8, 7, 125
9, 50937, &, 8, 7, 124
9, 50944, {, 8, 63, 0
9, 50944, {, 8, 59, 123
9, 50956, &, 8, 7, 123
9, 50975, &, 8, 7, 122
9, 50994, &, 8, 7, 121
9, 51008, {, 8, 59, 0
9, 51008, {, 8, 56, 119
9, 51013, &, 8, 7, 120
9, 51032, &, 8, 7, 119
9, 51051, &, 8, 7, 118
9, 51070, &, 8, 7, 117
9, 51072, {, 8, 56, 0
9, 51072, {, 8, 64, 115
9, 51089, &, 8, 7, 116
9, 51108, &, 8, 7, 115
9, 51127, &, 8, 7, 114
9, 51136, {, 8, 64, 0
9, 51136, {, 8, 58, 110
9, 51146, &, 8, 7, 113
9, 51165, &, 8, 7, 112
9, 51184, &, 8, 7, 111
9, 51200, {, 8, 58, 0
9, 51200, {, 8, 56, 105
9, 51203, &, 8, 7, 110
9, 51222, &, 8, 7, 109
9, 51241, &, 8, 7, 108
9, 51260, &, 8, 7, 107
9, 51264, {, 8, 56, 0
9, 51264, {, 8, 63, 100
9, 51279, &, 8, 7, 106
9, 51298, &, 8, 7, 105
9, 51317, &, 8, 7, 104
9, 51328, {, 8, 63, 0
9, 51328, {, 8, 59, 95
9, 51336, &, 8, 7, 103
9, 51355, &, 8, 7, 102
9, 51374, &, 8, 7, 101
9, 51392, {, 8, 59, 0
9, 51392, {, 8, 56, 90
9, 51393, &, 8, 7, 100
9, 51412, &, 8, 7, 99
9, 51431, &, 8, 7, 98
9, 51450, &, 8, 7, 97
9, 51456, {, 8, 56, 0
9, 51456, {, 8, 62, 85
9, 51469, &, 8, 7, 96
9, 51488, &, 8, 7, 95
9, 51507, &, 8, 7, 94
9, 51520, {, 8, 62, 0
9, 51520, {, 8, 58, 80
9, 51526, &, 8, 7, 93
9, 51545, &, 8, 7, 92
9, 51564, &, 8, 7, 91
9, 51584, {, 8, 58, 0
9, 51584, &, 8, 7, 90
9, 51584, {, 8, 56, 75
9, 51648, {, 8, 56, 0
9, 51648, &, 8, 7, 127
9, 51648, {, 8, 62, 127
9, 51712, {, 8, 62, 0
9, 51712, {, 8, 58, 127
9, 51776, {, 8, 58, 0
9, 51776, {, 8, 55, 127
9, 51840, {, 8, 55, 0
9, 51840, {, 8, 62, 127
9, 51904, {, 8, 62, 0
9, 51904, {, 8, 59, 127
9, 51968, {, 8, 59, 0
9, 51968, {, 8, 54, 127
9, 52032, {, 8, 54, 0
9, 52032, {, 8, 62, 127
9, 52096, {, 8, 62, 0
9, 52096, {, 8, 58, 127
9, 52160, {, 8, 58, 0
9, 52160, {, 8, 55, 127
9, 52224, {, 8, 55, 0
9, 52224, {, 8, 62, 127
9, 52288, {, 8, 62, 0
9, 52288, {, 8, 59, 127
9, 52352, {, 8, 59, 0
9, 52352, {, 8, 54, 127
9, 52416, {, 8, 54, 0
9, 52416, {, 8, 62, 127
9, 52480, {, 8, 62, 0
9, 52480, {, 8, 58, 127
9, 52544, {, 8, 58, 0
9, 52544, {, 8, 55, 127
9, 52608, {, 8, 55, 0
9, 52608, {, 8, 62, 127
9, 52672, {, 8, 62, 0
9, 52672, {, 8, 59, 127
9, 52736, {, 8, 59, 0
9, 52736, {, 8, 54, 127
9, 52800, {, 8, 54, 0
9, 52800, {, 8, 62, 127
9, 52864, {, 8, 62, 0
9, 52864, {, 8, 58, 127
9, 52928, {, 8, 58, 0
9, 52928, {, 8, 55, 127
9, 52992, {, 8, 55, 0
9, 52992, {, 8, 62, 127
9, 53056, {, 8, 62, 0
9, 53056, {, 8, 59, 127
9, 53120, {, 8, 59, 0
9, 53120, {, 8, 54, 127
9, 53184, {, 8, 54, 0
9, 53184, {, 8, 62, 127
9, 53248, {, 8, 62, 0
9, 53248, {, 8, 58, 127
9, 53312, {, 8, 58, 0
9, 53312, {, 8, 55, 127
9, 53376, {, 8, 55, 0
9, 53376, {, 8, 62, 127
9, 53440, {, 8, 62, 0
9, 53440, {, 8, 59, 127
9, 53504, {, 8, 59, 0
9, 53504, {, 8, 54, 127
9, 53568, {, 8, 54, 0
9, 53568, {, 8, 62, 127
9, 53632, {, 8, 62, 0
9, 53632, {, 8, 58, 127
9, 53696, {, 8, 58, 0
9, 53696, {, 8, 55, 127
9, 53760, {, 8, 55, 0
9, 53760, {, 8, 62, 127
9, 53824, {, 8, 62, 0
9, 53824, {, 8, 59, 127
9, 53888, {, 8, 59, 0
9, 53888, {, 8, 54, 127
9, 53952, {, 8, 54, 0
9, 53952, {, 8, 62, 127
9, 53971, &, 8, 7, 126
9, 53990, &, 8, 7, 125
9, 54009, &, 8, 7, 124
9, 54016, {, 8, 62, 0
9, 54016, {, 8, 58, 123
9, 54028, &, 8, 7, 123
9, 54047, &, 8, 7, 122
9, 54066, &, 8, 7, 121
9, 54080, {, 8, 58, 0
9, 54080, {, 8, 55, 119
9, 54085, &, 8, 7, 120
9, 54104, &, 8, 7, 119
9, 54123, &, 8, 7, 118
9, 54142, &, 8, 7, 117
9, 54144, {, 8, 55, 0
9, 54144, {, 8, 62, 115
9, 54161, &, 8, 7, 116
9, 54180, &, 8, 7, 115
9, 54199, &, 8, 7, 114
9, 54208, {, 8, 62, 0
9, 54208, {, 8, 59, 110
9, 54218, &, 8, 7, 113
9, 54237, &, 8, 7, 112
9, 54256, &, 8, 7, 111
9, 54272, {, 8, 59, 0
9, 54272, {, 8, 54, 105
9, 54275, &, 8, 7, 110
9, 54294, &, 8, 7, 109
9, 54313, &, 8, 7, 108
9, 54332, &, 8, 7, 107
9, 54336, {, 8, 54, 0
9, 54336, {, 8, 62, 100
9, 54351, &, 8, 7, 106
9, 54370, &, 8, 7, 105
9, 54389, &, 8, 7, 104
9, 54400, {, 8, 62, 0
9, 54400, {, 8, 58, 95
9, 54408, &, 8, 7, 103
9, 54427, &, 8, 7, 102
9, 54446, &, 8, 7, 101
9, 54464, {, 8, 58, 0
9, 54464, {, 8, 55, 90
9, 54465, &, 8, 7, 100
9, 54484, &, 8, 7, 99
9, 54503, &, 8, 7, 98
9, 54522, &, 8, 7, 97
9, 54528, {, 8, 55, 0
9, 54528, {, 8, 62, 85
9, 54541, &, 8, 7, 96
9, 54560, &, 8, 7, 95
9, 54579, &, 8, 7, 94
9, 54592, {, 8, 62, 0
9, 54592, {, 8, 59, 80
9, 54598, &, 8, 7, 93
9, 54617, &, 8, 7, 92
9, 54636, &, 8, 7, 91
9, 54656, {, 8, 59, 0
9, 54656, &, 8, 7, 90
9, 54656, {, 8, 54, 75
9, 54720, {, 8, 54, 0
9, 54720, &, 8, 7, 127
9, 54720, {, 8, 61, 127
9, 54784, {, 8, 61, 0
9, 54784, {, 8, 57, 127
9, 54848, {, 8, 57, 0
9, 54848, {, 8, 54, 127
9, 54912, {, 8, 54, 0
9, 54912, {, 8, 62, 127
9, 54976, {, 8, 62, 0
9, 54976, {, 8, 56, 127
9, 55040, {, 8, 56, 0
9, 55040, {, 8, 54, 127
9, 55104, {, 8, 54, 0
9, 55104, {, 8, 61, 127
9, 55168, {, 8, 61, 0
9, 55168, {, 8, 57, 127
9, 55232, {, 8, 57, 0
9, 55232, {, 8, 54, 127
9, 55296, {, 8, 54, 0
9, 55296, {, 8, 60, 127
9, 55360, {, 8, 60, 0
9, 55360, {, 8, 56, 127
9, 55424, {, 8, 56, 0
9, 55424, {, 8, 54, 127
9, 55488, {, 8, 54, 0
9, 55488, {, 8, 61, 127
9, 55552, {, 8, 61, 0
9, 55552, {, 8, 57, 127
9, 55616, {, 8, 57, 0
9, 55616, {, 8, 54, 127
9, 55680, {, 8, 54, 0
9, 55680, {, 8, 62, 127
9, 55744, {, 8, 62, 0
9, 55744, {, 8, 56, 127
9, 55808, {, 8, 56, 0
9, 55808, {, 8, 54, 127
9, 55872, {, 8, 54, 0
9, 55872, {, 8, 61, 127
9, 55936, {, 8, 61, 0
9, 55936, {, 8, 57, 127
9, 56000, {, 8, 57, 0
9, 56000, {, 8, 54, 127
9, 56064, {, 8, 54, 0
9, 56064, {, 8, 60, 127
9, 56128, {, 8, 60, 0
9, 56128, {, 8, 56, 127
9, 56192, {, 8, 56, 0
9, 56192, {, 8, 54, 127
9, 56256, {, 8, 54, 0
9, 56256, {, 8, 61, 127
9, 56320, {, 8, 61, 0
9, 56320, {, 8, 57, 127
9, 56384, {, 8, 57, 0
9, 56384, {, 8, 54, 127
9, 56448, {, 8, 54, 0
9, 56448, {, 8, 62, 127
9, 56512, {, 8, 62, 0
9, 56512, {, 8, 56, 127
9, 56576, {, 8, 56, 0
9, 56576, {, 8, 54, 127
9, 56640, {, 8, 54, 0
9, 56640, {, 8, 61, 127
9, 56704, {, 8, 61, 0
9, 56704, {, 8, 57, 127
9, 56768, {, 8, 57, 0
9, 56768, {, 8, 54, 127
9, 56832, {, 8, 54, 0
9, 56832, {, 8, 60, 127
9, 56896, {, 8, 60, 0
9, 56896, {, 8, 56, 127
9, 56960, {, 8, 56, 0
9, 56960, {, 8, 54, 127
9, 57024, {, 8, 54, 0
9, 57024, {, 8, 61, 127
9, 57043, &, 8, 7, 126
9, 57062, &, 8, 7, 125
9, 57081, &, 8, 7, 124
9, 57088, {, 8, 61, 0
9, 57088, {, 8, 57, 123
9, 57100, &, 8, 7, 123
9, 57119, &, 8, 7, 122
9, 57138, &, 8, 7, 121
9, 57152, {, 8, 57, 0
9, 57152, {, 8, 54, 119
9, 57157, &, 8, 7, 120
9, 57176, &, 8, 7, 119
9, 57195, &, 8, 7, 118
9, 57214, &, 8, 7, 117
9, 57216, {, 8, 54, 0
9, 57216, {, 8, 62, 115
9, 57233, &, 8, 7, 116
9, 57252, &, 8, 7, 115
9, 57271, &, 8, 7, 114
9, 57280, {, 8, 62, 0
9, 57280, {, 8, 56, 110
9, 57290, &, 8, 7, 113
9, 57309, &, 8, 7, 112
9, 57328, &, 8, 7, 111
9, 57344, {, 8, 56, 0
9, 57344, {, 8, 54, 105
9, 57347, &, 8, 7, 110
9, 57366, &, 8, 7, 109
9, 57385, &, 8, 7, 108
9, 57404, &, 8, 7, 107
9, 57408, {, 8, 54, 0
9, 57408, {, 8, 61, 100
9, 57423, &, 8, 7, 106
9, 57442, &, 8, 7, 105
9, 57461, &, 8, 7, 104
9, 57472, {, 8, 61, 0
9, 57472, {, 8, 57, 95
9, 57480, &, 8, 7, 103
9, 57499, &, 8, 7, 102
9, 57518, &, 8, 7, 101
9, 57536, {, 8, 57, 0
9, 57536, {, 8, 54, 90
9, 57537, &, 8, 7, 100
9, 57556, &, 8, 7, 99
9, 57575, &, 8, 7, 98
9, 57594, &, 8, 7, 97
9, 57600, {, 8, 54, 0
9, 57600, {, 8, 60, 85
9, 57613, &, 8, 7, 96
9, 57632, &, 8, 7, 95
9, 57651, &, 8, 7, 94
9, 57664, {, 8, 60, 0
9, 57664, {, 8, 56, 80
9, 57670, &, 8, 7, 93
9, 57689, &, 8, 7, 92
9, 57708, &, 8, 7, 91
9, 57728, {, 8, 56, 0
9, 57728, &, 8, 7, 90
9, 57728, {, 8, 54, 75
9, 57792, {, 8, 54, 0
9, 57792, \
10, 0, /
10, 0, `, 0
10, 0, ~, "Staff-8"
10, 0, &, 9, 7, 127
10, 0, &, 9, 10, 64
10, 33216, {, 9, 54, 110
10, 33376, {, 9, 54, 0
10, 34560, {, 9, 54, 110
10, 34720, {, 9, 54, 0
10, 34752, {, 9, 54, 110
10, 34912, {, 9, 54, 0
10, 36096, {, 9, 54, 110
10, 36256, {, 9, 54, 0
10, 36288, {, 9, 54, 110
10, 36448, {, 9, 54, 0
10, 37632, {, 9, 54, 110
10, 37792, {, 9, 54, 0
10, 37824, {, 9, 54, 110
10, 37984, {, 9, 54, 0
10, 39168, {, 9, 54, 110
10, 39328, {, 9, 54, 0
10, 39360, {, 9, 54, 110
10, 39520, {, 9, 54, 0
10, 40704, {, 9, 54, 110
10, 40864, {, 9, 54, 0
10, 40896, {, 9, 54, 110
10, 41056, {, 9, 54, 0
10, 42240, {, 9, 54, 110
10, 42400, {, 9, 54, 0
10, 42432, {, 9, 54, 110
10, 42592, {, 9, 54, 0
10, 43776, {, 9, 54, 110
10, 43936, {, 9, 54, 0
10, 43968, {, 9, 54, 110
10, 44128, {, 9, 54, 0
10, 44128, \
11, 0, /
11, 0, `, 0
11, 0, ~, "Staff-9"
11, 0, &, 10, 7, 127
11, 0, &, 10, 10, 114
11, 0, ;, 10, 60
11, 21696, {, 10, 67, 110
11, 22080, {, 10, 67, 0
11, 22080, {, 10, 59, 110
11, 22464, {, 10, 59, 0
11, 22464, {, 10, 71, 110
11, 23952, {, 10, 71, 0
11, 24768, {, 10, 66, 110
11, 25152, {, 10, 66, 0
11, 25152, {, 10, 58, 110
11, 25536, {, 10, 58, 0
11, 25536, {, 10, 70, 110
11, 27024, {, 10, 70, 0
11, 27840, {, 10, 63, 110
11, 28224, {, 10, 63, 0
11, 28224, {, 10, 55, 110
11, 28608, {, 10, 55, 0
11, 28608, {, 10, 67, 110
11, 30096, {, 10, 67, 0
11, 30912, {, 10, 62, 110
11, 31296, {, 10, 62, 0
11, 31296, {, 10, 53, 110
11, 31680, {, 10, 53, 0
11, 31680, {, 10, 65, 110
11, 33168, {, 10, 65, 0
11, 33984, {, 10, 67, 110
11, 34368, {, 10, 67, 0
11, 34368, {, 10, 59, 110
11, 34752, {, 10, 59, 0
11, 34752, {, 10, 71, 110
11, 36240, {, 10, 71, 0
11, 37056, {, 10, 66, 110
11, 37440, {, 10, 66, 0
11, 37440, {, 10, 58, 110
11, 37824, {, 10, 58, 0
11, 37824, {, 10, 70, 110
11, 39312, {, 10, 70, 0
11, 40128, {, 10, 63, 110
11, 40512, {, 10, 63, 0
11, 40512, {, 10, 55, 110
11, 40896, {, 10, 55, 0
11, 40896, {, 10, 67, 110
11, 42384, {, 10, 67, 0
11, 43200, {, 10, 62, 110
11, 43584, {, 10, 62, 0
11, 43584, {, 10, 53, 110
11, 43968, {, 10, 53, 0
11, 43968, {, 10, 65, 110
11, 45456, {, 10, 65, 0
11, 45456, \
12, 0, /
12, 0, `, 0
12, 0, ~, "Staff-10"
12, 0, &, 11, 7, 127
12, 0, &, 11, 10, 94
12, 0, ;, 11, 14
12, 22464, {, 11, 79, 110
12, 22624, {, 11, 79, 0
12, 22656, {, 11, 71, 110
12, 22816, {, 11, 71, 0
12, 22848, {, 11, 83, 110
12, 23184, {, 11, 83, 0
12, 25536, {, 11, 78, 110
12, 25696, {, 11, 78, 0
12, 25728, {, 11, 70, 110
12, 25888, {, 11, 70, 0
12, 25920, {, 11, 82, 110
12, 26256, {, 11, 82, 0
12, 28608, {, 11, 75, 110
12, 28768, {, 11, 75, 0
12, 28800, {, 11, 67, 110
12, 28960, {, 11, 67, 0
12, 28992, {, 11, 79, 110
12, 29328, {, 11, 79, 0
12, 31680, {, 11, 74, 110
12, 31840, {, 11, 74, 0
12, 31872, {, 11, 65, 110
12, 32032, {, 11, 65, 0
12, 32064, {, 11, 77, 110
12, 32400, {, 11, 77, 0
12, 34752, {, 11, 79, 110
12, 34912, {, 11, 79, 0
12, 34944, {, 11, 71, 110
12, 35104, {, 11, 71, 0
12, 35136, {, 11, 83, 110
12, 35472, {, 11, 83, 0
12, 37824, {, 11, 78, 110
12, 37984, {, 11, 78, 0
12, 38016, {, 11, 70, 110
12, 38176, {, 11, 70, 0
12, 38208, {, 11, 82, 110
12, 38544, {, 11, 82, 0
12, 40896, {, 11, 75, 110
12, 41056, {, 11, 75, 0
12, 41088, {, 11, 67, 110
12, 41248, {, 11, 67, 0
12, 41280, {, 11, 79, 110
12, 41616, {, 11, 79, 0
12, 43968, {, 11, 74, 110
12, 44128, {, 11, 74, 0
12, 44160, {, 11, 65, 110
12, 44320, {, 11, 65, 0
12, 44352, {, 11, 77, 110
12, 44688, {, 11, 77, 0
12, 44688, \
13, 0, /
13, 0, `, 0
13, 0, ~, "Staff-11"
13, 0, &, 12, 7, 127
13, 0, &, 12, 10, 84
13, 0, ;, 12, 47
13, 32832, &, 12, 7, 40
13, 32832, {, 12, 47, 45
13, 32880, {, 12, 47, 0
13, 32880, {, 12, 47, 45
13, 32883, &, 12, 7, 41
13, 32887, &, 12, 7, 42
13, 32891, &, 12, 7, 43
13, 32895, &, 12, 7, 44
13, 32899, &, 12, 7, 45
13, 32903, &, 12, 7, 46
13, 32907, &, 12, 7, 47
13, 32910, &, 12, 7, 48
13, 32914, &, 12, 7, 49
13, 32918, &, 12, 7, 50
13, 32922, &, 12, 7, 51
13, 32926, &, 12, 7, 52
13, 32928, {, 12, 47, 0
13, 32928, {, 12, 47, 56
13, 32930, &, 12, 7, 53
13, 32934, &, 12, 7, 54
13, 32937, &, 12, 7, 55
13, 32941, &, 12, 7, 56
13, 32945, &, 12, 7, 57
13, 32949, &, 12, 7, 58
13, 32953, &, 12, 7, 59
13, 32957, &, 12, 7, 60
13, 32961, &, 12, 7, 61
13, 32964, &, 12, 7, 62
13, 32968, &, 12, 7, 63
13, 32972, &, 12, 7, 64
13, 32976, {, 12, 47, 0
13, 32976, &, 12, 7, 65
13, 32976, {, 12, 47, 67
13, 32980, &, 12, 7, 66
13, 32984, &, 12, 7, 67
13, 32988, &, 12, 7, 68
13, 32991, &, 12, 7, 69
13, 32995, &, 12, 7, 70
13, 32999, &, 12, 7, 71
13, 33003, &, 12, 7, 72
13, 33007, &, 12, 7, 73
13, 33011, &, 12, 7, 74
13, 33015, &, 12, 7, 75
13, 33019, &, 12, 7, 76
13, 33022, &, 12, 7, 77
13, 33024, {, 12, 47, 0
13, 33024, {, 12, 47, 79
13, 33026, &, 12, 7, 78
13, 33030, &, 12, 7, 79
13, 33034, &, 12, 7, 80
13, 33038, &, 12, 7, 81
13, 33042, &, 12, 7, 82
13, 33046, &, 12, 7, 83
13, 33049, &, 12, 7, 84
13, 33053, &, 12, 7, 85
13, 33057, &, 12, 7, 86
13, 33061, &, 12, 7, 87
13, 33065, &, 12, 7, 88
13, 33069, &, 12, 7, 89
13, 33072, {, 12, 47, 0
13, 33072, {, 12, 47, 91
13, 33073, &, 12, 7, 90
13, 33076, &, 12, 7, 91
13, 33080, &, 12, 7, 92
13, 33084, &, 12, 7, 93
13, 33088, &, 12, 7, 94
13, 33092, &, 12, 7, 95
13, 33096, &, 12, 7, 96
13, 33100, &, 12, 7, 97
13, 33103, &, 12, 7, 98
13, 33107, &, 12, 7, 99
13, 33111, &, 12, 7, 100
13, 33115, &, 12, 7, 101
13, 33119, &, 12, 7, 102
13, 33120, {, 12, 47, 0
13, 33120, {, 12, 47, 103
13, 33123, &, 12, 7, 103
13, 33127, &, 12, 7, 104
13, 33131, &, 12, 7, 105
13, 33134, &, 12, 7, 106
13, 33138, &, 12, 7, 107
13, 33142, &, 12, 7, 108
13, 33146, &, 12, 7, 109
13, 33150, &, 12, 7, 110
13, 33154, &, 12, 7, 111
13, 33158, &, 12, 7, 112
13, 33161, &, 12, 7, 113
13, 33165, &, 12, 7, 114
13, 33168, {, 12, 47, 0
13, 33168, {, 12, 47, 115
13, 33169, &, 12, 7, 115
13, 33173, &, 12, 7, 116
13, 33177, &, 12, 7, 117
13, 33181, &, 12, 7, 118
13, 33185, &, 12, 7, 119
13, 33188, &, 12, 7, 120
13, 33192, &, 12, 7, 121
13, 33196, &, 12, 7, 122
13, 33200, &, 12, 7, 123
13, 33204, &, 12, 7, 124
13, 33208, &, 12, 7, 125
13, 33212, &, 12, 7, 126
13, 33215, &, 12, 7, 127
13, 33216, {, 12, 47, 0
13, 33216, &, 12, 7, 127
13, 33216, {, 12, 48, 127
13, 33376, {, 12, 48, 0
13, 33408, {, 12, 43, 127
13, 33568, {, 12, 43, 0
13, 33984, {, 12, 48, 127
13, 34144, {, 12, 48, 0
13, 34176, {, 12, 43, 127
13, 34336, {, 12, 43, 0
13, 34752, {, 12, 48, 127
13, 34912, {, 12, 48, 0
13, 34944, {, 12, 43, 127
13, 35104, {, 12, 43, 0
13, 35520, {, 12, 48, 127
13, 35680, {, 12, 48, 0
13, 35712, {, 12, 43, 127
13, 35872, {, 12, 43, 0
13, 35904, &, 12, 7, 40
13, 35904, {, 12, 48, 45
13, 35952, {, 12, 48, 0
13, 35952, {, 12, 48, 45
13, 35955, &, 12, 7, 41
13, 35959, &, 12, 7, 42
13, 35963, &, 12, 7, 43
13, 35967, &, 12, 7, 44
13, 35971, &, 12, 7, 45
13, 35975, &, 12, 7, 46
13, 35979, &, 12, 7, 47
13, 35982, &, 12, 7, 48
13, 35986, &, 12, 7, 49
13, 35990, &, 12, 7, 50
13, 35994, &, 12, 7, 51
13, 35998, &, 12, 7, 52
13, 36000, {, 12, 48, 0
13, 36000, {, 12, 48, 56
13, 36002, &, 12, 7, 53
13, 36006, &, 12, 7, 54
13, 36009, &, 12, 7, 55
13, 36013, &, 12, 7, 56
13, 36017, &, 12, 7, 57
13, 36021, &, 12, 7, 58
13, 36025, &, 12, 7, 59
13, 36029, &, 12, 7, 60
13, 36033, &, 12, 7, 61
13, 36036, &, 12, 7, 62
13, 36040, &, 12, 7, 63
13, 36044, &, 12, 7, 64
13, 36048, {, 12, 48, 0
13, 36048, &, 12, 7, 65
13, 36048, {, 12, 48, 67
13, 36052, &, 12, 7, 66
13, 36056, &, 12, 7, 67
13, 36060, &, 12, 7, 68
13, 36063, &, 12, 7, 69
13, 36067, &, 12, 7, 70
13, 36071, &, 12, 7, 71
13, 36075, &, 12, 7, 72
13, 36079, &, 12, 7, 73
13, 36083, &, 12, 7, 74
13, 36087, &, 12, 7, 75
13, 36091, &, 12, 7, 76
13, 36094, &, 12, 7, 77
13, 36096, {, 12, 48, 0
13, 36096, {, 12, 48, 79
13, 36098, &, 12, 7, 78
13, 36102, &, 12, 7, 79
13, 36106, &, 12, 7, 80
13, 36110, &, 12, 7, 81
13, 36114, &, 12, 7, 82
13, 36118, &, 12, 7, 83
13, 36121, &, 12, 7, 84
13, 36125, &, 12, 7, 85
13, 36129, &, 12, 7, 86
13, 36133, &, 12, 7, 87
13, 36137, &, 12, 7, 88
13, 36141, &, 12, 7, 89
13, 36144, {, 12, 48, 0
13, 36144, {, 12, 48, 91
13, 36145, &, 12, 7, 90
13, 36148, &, 12, 7, 91
13, 36152, &, 12, 7, 92
13, 36156, &, 12, 7, 93
13, 36160, &, 12, 7, 94
13, 36164, &, 12, 7, 95
13, 36168, &, 12, 7, 96
13, 36172, &, 12, 7, 97
13, 36175, &, 12, 7, 98
13, 36179, &, 12, 7, 99
13, 36183, &, 12, 7, 100
13, 36187, &, 12, 7, 101
13, 36191, &, 12, 7, 102
13, 36192, {, 12, 48, 0
13, 36192, {, 12, 48, 103
13, 36195, &, 12, 7, 103
13, 36199, &, 12, 7, 104
13, 36203, &, 12, 7, 105
13, 36206, &, 12, 7, 106
13, 36210, &, 12, 7, 107
13, 36214, &, 12, 7, 108
13, 36218, &, 12, 7, 109
13, 36222, &, 12, 7, 110
13, 36226, &, 12, 7, 111
13, 36230, &, 12, 7, 112
13, 36233, &, 12, 7, 113
13, 36237, &, 12, 7, 114
13, 36240, {, 12, 48, 0
13, 36240, {, 12, 48, 115
13, 36241, &, 12, 7, 115
13, 36245, &, 12, 7, 116
13, 36249, &, 12, 7, 117
13, 36253, &, 12, 7, 118
13, 36257, &, 12, 7, 119
13, 36260, &, 12, 7, 120
13, 36264, &, 12, 7, 121
13, 36268, &, 12, 7, 122
13, 36272, &, 12, 7, 123
13, 36276, &, 12, 7, 124
13, 36280, &, 12, 7, 125
13, 36284, &, 12, 7, 126
13, 36287, &, 12, 7, 127
13, 36288, {, 12, 48, 0
13, 36288, &, 12, 7, 127
13, 36288, {, 12, 47, 127
13, 36448, {, 12, 47, 0
13, 36480, {, 12, 42, 127
13, 36640, {, 12, 42, 0
13, 37056, {, 12, 47, 127
13, 37216, {, 12, 47, 0
13, 37248, {, 12, 42, 127
13, 37408, {, 12, 42, 0
13, 37824, {, 12, 47, 127
13, 37984, {, 12, 47, 0
13, 38016, {, 12, 42, 127
13, 38176, {, 12, 42, 0
13, 38592, {, 12, 47, 127
13, 38752, {, 12, 47, 0
13, 38784, {, 12, 42, 127
13, 38944, {, 12, 42, 0
13, 38976, &, 12, 7, 40
13, 38976, {, 12, 47, 45
13, 39024, {, 12, 47, 0
13, 39024, {, 12, 47, 45
13, 39027, &, 12, 7, 41
13, 39031, &, 12, 7, 42
13, 39035, &, 12, 7, 43
13, 39039, &, 12, 7, 44
13, 39043, &, 12, 7, 45
13, 39047, &, 12, 7, 46
13, 39051, &, 12, 7, 47
13, 39054, &, 12, 7, 48
13, 39058, &, 12, 7, 49
13, 39062, &, 12, 7, 50
13, 39066, &, 12, 7, 51
13, 39070, &, 12, 7, 52
13, 39072, {, 12, 47, 0
13, 39072, {, 12, 47, 56
13, 39074, &, 12, 7, 53
13, 39078, &, 12, 7, 54
13, 39081, &, 12, 7, 55
13, 39085, &, 12, 7, 56
13, 39089, &, 12, 7, 57
13, 39093, &, 12, 7, 58
13, 39097, &, 12, 7, 59
13, 39101, &, 12, 7, 60
13, 39105, &, 12, 7, 61
13, 39108, &, 12, 7, 62
13, 39112, &, 12, 7, 63
13, 39116, &, 12, 7, 64
13, 39120, {, 12, 47, 0
13, 39120, &, 12, 7, 65
13, 39120, {, 12, 47, 67
13, 39124, &, 12, 7, 66
13, 39128, &, 12, 7, 67
13, 39132, &, 12, 7, 68
13, 39135, &, 12, 7, 69
13, 39139, &, 12, 7, 70
13, 39143, &, 12, 7, 71
13, 39147, &, 12, 7, 72
13, 39151, &, 12, 7, 73
13, 39155, &, 12, 7, 74
13, 39159, &, 12, 7, 75
13, 39163, &, 12, 7, 76
13, 39166, &, 12, 7, 77
13, 39168, {, 12, 47, 0
13, 39168, {, 12, 47, 79
13, 39170, &, 12, 7, 78
13, 39174, &, 12, 7, 79
13, 39178, &, 12, 7, 80
13, 39182, &, 12, 7, 81
13, 39186, &, 12, 7, 82
13, 39190, &, 12, 7, 83
13, 39193, &, 12, 7, 84
13, 39197, &, 12, 7, 85
13, 39201, &, 12, 7, 86
13, 39205, &, 12, 7, 87
13, 39209, &, 12, 7, 88
13, 39213, &, 12, 7, 89
13, 39216, {, 12, 47, 0
13, 39216, {, 12, 47, 91
13, 39217, &, 12, 7, 90
13, 39220, &, 12, 7, 91
13, 39224, &, 12, 7, 92
13, 39228, &, 12, 7, 93
13, 39232, &, 12, 7, 94
13, 39236, &, 12, 7, 95
13, 39240, &, 12, 7, 96
13, 39244, &, 12, 7, 97
13, 39247, &, 12, 7, 98
13, 39251, &, 12, 7, 99
13, 39255, &, 12, 7, 100
13, 39259, &, 12, 7, 101
13, 39263, &, 12, 7, 102
13, 39264, {, 12, 47, 0
13, 39264, {, 12, 47, 103
13, 39267, &, 12, 7, 103
13, 39271, &, 12, 7, 104
13, 39275, &, 12, 7, 105
13, 39278, &, 12, 7, 106
13, 39282, &, 12, 7, 107
13, 39286, &, 12, 7, 108
13, 39290, &, 12, 7, 109
13, 39294, &, 12, 7, 110
13, 39298, &, 12, 7, 111
13, 39302, &, 12, 7, 112
13, 39305, &, 12, 7, 113
13, 39309, &, 12, 7, 114
13, 39312, {, 12, 47, 0
13, 39312, {, 12, 47, 115
13, 39313, &, 12, 7, 115
13, 39317, &, 12, 7, 116
13, 39321, &, 12, 7, 117
13, 39325, &, 12, 7, 118
13, 39329, &, 12, 7, 119
13, 39332, &, 12, 7, 120
13, 39336, &, 12, 7, 121
13, 39340, &, 12, 7, 122
13, 39344, &, 12, 7, 123
13, 39348, &, 12, 7, 124
13, 39352, &, 12, 7, 125
13, 39356, &, 12, 7, 126
13, 39359, &, 12, 7, 127
13, 39360, {, 12, 47, 0
13, 39360, &, 12, 7, 127
13, 39360, {, 12, 48, 127
13, 39520, {, 12, 48, 0
13, 39552, {, 12, 43, 127
13, 39712, {, 12, 43, 0
13, 40128, {, 12, 48, 127
13, 40288, {, 12, 48, 0
13, 40320, {, 12, 43, 127
13, 40480, {, 12, 43, 0
13, 40896, {, 12, 48, 127
13, 41056, {, 12, 48, 0
13, 41088, {, 12, 43, 127
13, 41248, {, 12, 43, 0
13, 41664, {, 12, 48, 127
13, 41824, {, 12, 48, 0
13, 41856, {, 12, 43, 127
13, 42016, {, 12, 43, 0
13, 42048, &, 12, 7, 40
13, 42048, {, 12, 48, 45
13, 42096, {, 12, 48, 0
13, 42096, {, 12, 48, 45
13, 42099, &, 12, 7, 41
13, 42103, &, 12, 7, 42
13, 42107, &, 12, 7, 43
13, 42111, &, 12, 7, 44
13, 42115, &, 12, 7, 45
13, 42119, &, 12, 7, 46
13, 42123, &, 12, 7, 47
13, 42126, &, 12, 7, 48
13, 42130, &, 12, 7, 49
13, 42134, &, 12, 7, 50
13, 42138, &, 12, 7, 51
13, 42142, &, 12, 7, 52
13, 42144, {, 12, 48, 0
13, 42144, {, 12, 48, 56
13, 42146, &, 12, 7, 53
13, 42150, &, 12, 7, 54
13, 42153, &, 12, 7, 55
13, 42157, &, 12, 7, 56
13, 42161, &, 12, 7, 57
13, 42165, &, 12, 7, 58
13, 42169, &, 12, 7, 59
13, 42173, &, 12, 7, 60
13, 42177, &, 12, 7, 61
13, 42180, &, 12, 7, 62
13, 42184, &, 12, 7, 63
13, 42188, &, 12, 7, 64
13, 42192, {, 12, 48, 0
13, 42192, &, 12, 7, 65
13, 42192, {, 12, 48, 67
13, 42196, &, 12, 7, 66
13, 42200, &, 12, 7, 67
13, 42204, &, 12, 7, 68
13, 42207, &, 12, 7, 69
13, 42211, &, 12, 7, 70
13, 42215, &, 12, 7, 71
13, 42219, &, 12, 7, 72
13, 42223, &, 12, 7, 73
13, 42227, &, 12, 7, 74
13, 42231, &, 12, 7, 75
13, 42235, &, 12, 7, 76
13, 42238, &, 12, 7, 77
13, 42240, {, 12, 48, 0
13, 42240, {, 12, 48, 79
13, 42242, &, 12, 7, 78
13, 42246, &, 12, 7, 79
13, 42250, &, 12, 7, 80
13, 42254, &, 12, 7, 81
13, 42258, &, 12, 7, 82
13, 42262, &, 12, 7, 83
13, 42265, &, 12, 7, 84
13, 42269, &, 12, 7, 85
13, 42273, &, 12, 7, 86
13, 42277, &, 12, 7, 87
13, 42281, &, 12, 7, 88
13, 42285, &, 12, 7, 89
13, 42288, {, 12, 48, 0
13, 42288, {, 12, 48, 91
13, 42289, &, 12, 7, 90
13, 42292, &, 12, 7, 91
13, 42296, &, 12, 7, 92
13, 42300, &, 12, 7, 93
13, 42304, &, 12, 7, 94
13, 42308, &, 12, 7, 95
13, 42312, &, 12, 7, 96
13, 42316, &, 12, 7, 97
13, 42319, &, 12, 7, 98
13, 42323, &, 12, 7, 99
13, 42327, &, 12, 7, 100
13, 42331, &, 12, 7, 101
13, 42335, &, 12, 7, 102
13, 42336, {, 12, 48, 0
13, 42336, {, 12, 48, 103
13, 42339, &, 12, 7, 103
13, 42343, &, 12, 7, 104
13, 42347, &, 12, 7, 105
13, 42350, &, 12, 7, 106
13, 42354, &, 12, 7, 107
13, 42358, &, 12, 7, 108
13, 42362, &, 12, 7, 109
13, 42366, &, 12, 7, 110
13, 42370, &, 12, 7, 111
13, 42374, &, 12, 7, 112
13, 42377, &, 12, 7, 113
13, 42381, &, 12, 7, 114
13, 42384, {, 12, 48, 0
13, 42384, {, 12, 48, 115
13, 42385, &, 12, 7, 115
13, 42389, &, 12, 7, 116
13, 42393, &, 12, 7, 117
13, 42397, &, 12, 7, 118
13, 42401, &, 12, 7, 119
13, 42404, &, 12, 7, 120
13, 42408, &, 12, 7, 121
13, 42412, &, 12, 7, 122
13, 42416, &, 12, 7, 123
13, 42420, &, 12, 7, 124
13, 42424, &, 12, 7, 125
13, 42428, &, 12, 7, 126
13, 42431, &, 12, 7, 127
13, 42432, {, 12, 48, 0
13, 42432, &, 12, 7, 127
13, 42432, {, 12, 47, 127
13, 42592, {, 12, 47, 0
13, 42624, {, 12, 42, 127
13, 42784, {, 12, 42, 0
13, 43200, {, 12, 47, 127
13, 43360, {, 12, 47, 0
13, 43392, {, 12, 42, 127
13, 43552, {, 12, 42, 0
13, 43968, {, 12, 47, 127
13, 44128, {, 12, 47, 0
13, 44160, {, 12, 42, 127
13, 44320, {, 12, 42, 0
13, 44736, {, 12, 47, 127
13, 44896, {, 12, 47, 0
13, 44928, {, 12, 42, 127
13, 45088, {, 12, 42, 0
13, 45088, \
14, 0, /
14, 0, `, 0
14, 0, ~, "Staff-12"
14, 0, &, 13, 7, 127
14, 0, &, 13, 10, 64
14, 0, ;, 13, 52
14, 47040, &, 13, 7, 80
14, 47040, {, 13, 64, 75
14, 47040, {, 13, 76, 75
14, 47072, &, 13, 7, 81
14, 47105, &, 13, 7, 82
14, 47138, &, 13, 7, 83
14, 47170, &, 13, 7, 84
14, 47203, &, 13, 7, 85
14, 47236, &, 13, 7, 86
14, 47268, &, 13, 7, 87
14, 47301, &, 13, 7, 88
14, 47334, &, 13, 7, 89
14, 47366, &, 13, 7, 90
14, 47399, &, 13, 7, 91
14, 47432, &, 13, 7, 92
14, 47464, &, 13, 7, 93
14, 47497, &, 13, 7, 94
14, 47530, &, 13, 7, 95
14, 47562, &, 13, 7, 96
14, 47595, &, 13, 7, 97
14, 47628, &, 13, 7, 98
14, 47660, &, 13, 7, 99
14, 47693, &, 13, 7, 100
14, 47726, &, 13, 7, 101
14, 47758, &, 13, 7, 102
14, 47791, &, 13, 7, 103
14, 47824, &, 13, 7, 104
14, 47857, &, 13, 7, 105
14, 47889, &, 13, 7, 106
14, 47922, &, 13, 7, 107
14, 47955, &, 13, 7, 108
14, 47987, &, 13, 7, 109
14, 48020, &, 13, 7, 110
14, 48053, &, 13, 7, 111
14, 48085, &, 13, 7, 112
14, 48118, &, 13, 7, 113
14, 48151, &, 13, 7, 114
14, 48183, &, 13, 7, 115
14, 48216, &, 13, 7, 116
14, 48249, &, 13, 7, 117
14, 48281, &, 13, 7, 118
14, 48314, &, 13, 7, 119
14, 48347, &, 13, 7, 120
14, 48379, &, 13, 7, 121
14, 48412, &, 13, 7, 122
14, 48445, &, 13, 7, 123
14, 48477, &, 13, 7, 124
14, 48510, &, 13, 7, 125
14, 48528, {, 13, 64, 0
14, 48528, {, 13, 76, 0
14, 48543, &, 13, 7, 126
14, 48575, &, 13, 7, 127
14, 48576, &, 13, 7, 127
14, 50112, &, 13, 7, 80
14, 50112, {, 13, 63, 75
14, 50112, {, 13, 75, 75
14, 50144, &, 13, 7, 81
14, 50177, &, 13, 7, 82
14, 50210, &, 13, 7, 83
14, 50242, &, 13, 7, 84
14, 50275, &, 13, 7, 85
14, 50308, &, 13, 7, 86
14, 50340, &, 13, 7, 87
14, 50373, &, 13, 7, 88
14, 50406, &, 13, 7, 89
14, 50438, &, 13, 7, 90
14, 50471, &, 13, 7, 91
14, 50504, &, 13, 7, 92
14, 50536, &, 13, 7, 93
14, 50569, &, 13, 7, 94
14, 50602, &, 13, 7, 95
14, 50634, &, 13, 7, 96
14, 50667, &, 13, 7, 97
14, 50700, &, 13, 7, 98
14, 50732, &, 13, 7, 99
14, 50765, &, 13, 7, 100
14, 50798, &, 13, 7, 101
14, 50830, &, 13, 7, 102
14, 50863, &, 13, 7, 103
14, 50896, &, 13, 7, 104
14, 50929, &, 13, 7, 105
14, 50961, &, 13, 7, 106
14, 50994, &, 13, 7, 107
14, 51027, &, 13, 7, 108
14, 51059, &, 13, 7, 109
14, 51092, &, 13, 7, 110
14, 51125, &, 13, 7, 111
14, 51157, &, 13, 7, 112
14, 51190, &, 13, 7, 113
14, 51223, &, 13, 7, 114
14, 51255, &, 13, 7, 115
14, 51288, &, 13, 7, 116
14, 51321, &, 13, 7, 117
14, 51353, &, 13, 7, 118
14, 51386, &, 13, 7, 119
14, 51419, &, 13, 7, 120
14, 51451, &, 13, 7, 121
14, 51484, &, 13, 7, 122
14, 51517, &, 13, 7, 123
14, 51549, &, 13, 7, 124
14, 51582, &, 13, 7, 125
14, 51600, {, 13, 63, 0
14, 51600, {, 13, 75, 0
14, 51615, &, 13, 7, 126
14, 51647, &, 13, 7, 127
14, 51648, &, 13, 7, 127
14, 53184, &, 13, 7, 80
14, 53184, {, 13, 62, 75
14, 53184, {, 13, 74, 75
14, 53216, &, 13, 7, 81
14, 53249, &, 13, 7, 82
14, 53282, &, 13, 7, 83
14, 53314, &, 13, 7, 84
14, 53347, &, 13, 7, 85
14, 53380, &, 13, 7, 86
14, 53412, &, 13, 7, 87
14, 53445, &, 13, 7, 88
14, 53478, &, 13, 7, 89
14, 53510, &, 13, 7, 90
14, 53543, &, 13, 7, 91
14, 53576, &, 13, 7, 92
14, 53608, &, 13, 7, 93
14, 53641, &, 13, 7, 94
14, 53674, &, 13, 7, 95
14, 53706, &, 13, 7, 96
14, 53739, &, 13, 7, 97
14, 53772, &, 13, 7, 98
14, 53804, &, 13, 7, 99
14, 53837, &, 13, 7, 100
14, 53870, &, 13, 7, 101
14, 53902, &, 13, 7, 102
14, 53935, &, 13, 7, 103
14, 53968, &, 13, 7, 104
14, 54001, &, 13, 7, 105
14, 54033, &, 13, 7, 106
14, 54066, &, 13, 7, 107
14, 54099, &, 13, 7, 108
14, 54131, &, 13, 7, 109
14, 54164, &, 13, 7, 110
14, 54197, &, 13, 7, 111
14, 54229, &, 13, 7, 112
14, 54262, &, 13, 7, 113
14, 54295, &, 13, 7, 114
14, 54327, &, 13, 7, 115
14, 54360, &, 13, 7, 116
14, 54393, &, 13, 7, 117
14, 54425, &, 13, 7, 118
14, 54458, &, 13, 7, 119
14, 54491, &, 13, 7, 120
14, 54523, &, 13, 7, 121
14, 54556, &, 13, 7, 122
14, 54589, &, 13, 7, 123
14, 54621, &, 13, 7, 124
14, 54654, &, 13, 7, 125
14, 54672, {, 13, 62, 0
14, 54672, {, 13, 74, 0
14, 54687, &, 13, 7, 126
14, 54719, &, 13, 7, 127
14, 54720, &, 13, 7, 127
14, 56256, &, 13, 7, 80
14, 56256, {, 13, 61, 75
14, 56256, {, 13, 73, 75
14, 56288, &, 13, 7, 81
14, 56321, &, 13, 7, 82
14, 56354, &, 13, 7, 83
14, 56386, &, 13, 7, 84
14, 56419, &, 13, 7, 85
14, 56452, &, 13, 7, 86
14, 56484, &, 13, 7, 87
14, 56517, &, 13, 7, 88
14, 56550, &, 13, 7, 89
14, 56582, &, 13, 7, 90
14, 56615, &, 13, 7, 91
14, 56648, &, 13, 7, 92
14, 56680, &, 13, 7, 93
14, 56713, &, 13, 7, 94
14, 56746, &, 13, 7, 95
14, 56778, &, 13, 7, 96
14, 56811, &, 13, 7, 97
14, 56844, &, 13, 7, 98
14, 56876, &, 13, 7, 99
14, 56909, &, 13, 7, 100
14, 56942, &, 13, 7, 101
14, 56974, &, 13, 7, 102
14, 57007, &, 13, 7, 103
14, 57040, &, 13, 7, 104
14, 57073, &, 13, 7, 105
14, 57105, &, 13, 7, 106
14, 57138, &, 13, 7, 107
14, 57171, &, 13, 7, 108
14, 57203, &, 13, 7, 109
14, 57236, &, 13, 7, 110
14, 57269, &, 13, 7, 111
14, 57301, &, 13, 7, 112
14, 57334, &, 13, 7, 113
14, 57367, &, 13, 7, 114
14, 57399, &, 13, 7, 115
14, 57432, &, 13, 7, 116
14, 57465, &, 13, 7, 117
14, 57497, &, 13, 7, 118
14, 57530, &, 13, 7, 119
14, 57563, &, 13, 7, 120
14, 57595, &, 13, 7, 121
14, 57628, &, 13, 7, 122
14, 57661, &, 13, 7, 123
14, 57693, &, 13, 7, 124
14, 57726, &, 13, 7, 125
14, 57744, {, 13, 61, 0
14, 57744, {, 13, 73, 0
14, 57759, &, 13, 7, 126
14, 57791, &, 13, 7, 127
14, 57792, &, 13, 7, 127
14, 57792, \
0, 0, >

