0, 0, <, 1, 17, 120
1, 0, /
1, 0, ~, "FINAL FANTASY X \201u\203W\203\207\203[\212X\223¹\201`\214¶\214õ\211Í(\211¼)\201v"
1, 0, |, "\012"
1, 0, |, " \012"
1, 0, ?, 10, 65, 16, 66, 18, 0, 0, 127, 0, 1, 247
1, 0, ?, 10, 65, 16, 66, 18, 64, 1, 51, 90, 50, 247
1, 0, ?, 10, 65, 16, 66, 18, 64, 1, 52, 90, 49, 247
1, 0, ?, 10, 65, 16, 66, 18, 64, 2, 1, 67, 122, 247
1, 0, ?, 10, 65, 16, 66, 18, 64, 2, 3, 67, 120, 247
1, 0, ?, 10, 65, 16, 66, 18, 65, 1, 52, 59, 79, 247
1, 0, ?, 10, 65, 16, 66, 18, 65, 1, 53, 61, 76, 247
1, 0, ?, 10, 65, 16, 66, 18, 65, 4, 52, 63, 72, 247
1, 0, ?, 10, 65, 16, 66, 18, 65, 4, 53, 63, 71, 247
1, 0, $, 6, 3, 12, 8
1, 0, #, 0, "major"
1, 0, %, 600000
1, 0, \
2, 0, /
2, 0, ~, "A1-PizzicatoStr"
2, 0, &, 0, 0, 0
2, 0, &, 0, 32, 3
2, 0, ;, 0, 45
2, 0, &, 0, 7, 120
2, 0, &, 0, 10, 64
2, 60, |, "Start of Setup by GSAE"
2, 69, &, 0, 91, 60
2, 70, &, 0, 93, 20
2, 200, |, "End of Setup by GSAE"
2, 2160, {, 0, 70, 127
2, 2175, {, 0, 70, 0
2, 2220, {, 0, 58, 127
2, 2235, {, 0, 58, 0
2, 2280, {, 0, 61, 127
2, 2295, {, 0, 61, 0
2, 2340, {, 0, 66, 127
2, 2355, {, 0, 66, 0
2, 2400, {, 0, 70, 127
2, 2415, {, 0, 70, 0
2, 2460, {, 0, 68, 127
2, 2460, {, 0, 72, 127
2, 2475, {, 0, 72, 0
2, 2475, {, 0, 68, 0
2, 2520, {, 0, 66, 127
2, 2520, {, 0, 73, 127
2, 2535, {, 0, 73, 0
2, 2535, {, 0, 66, 0
2, 2880, {, 0, 68, 127
2, 2895, {, 0, 68, 0
2, 2940, {, 0, 56, 127
2, 2955, {, 0, 56, 0
2, 3000, {, 0, 60, 127
2, 3015, {, 0, 60, 0
2, 3060, {, 0, 63, 127
2, 3075, {, 0, 63, 0
2, 3120, {, 0, 68, 127
2, 3135, {, 0, 68, 0
2, 3180, {, 0, 70, 127
2, 3195, {, 0, 70, 0
2, 3240, {, 0, 68, 127
2, 3240, {, 0, 72, 127
2, 3255, {, 0, 72, 0
2, 3255, {, 0, 68, 0
2, 3600, {, 0, 65, 127
2, 3615, {, 0, 65, 0
2, 3720, {, 0, 65, 127
2, 3735, {, 0, 65, 0
2, 3840, {, 0, 65, 127
2, 3855, {, 0, 65, 0
2, 3960, {, 0, 65, 127
2, 3975, {, 0, 65, 0
2, 4080, {, 0, 63, 127
2, 4095, {, 0, 63, 0
2, 4260, {, 0, 72, 127
2, 4275, {, 0, 72, 0
2, 4320, {, 0, 72, 127
2, 4335, {, 0, 72, 0
2, 4680, {, 0, 65, 127
2, 4695, {, 0, 65, 0
2, 5040, {, 0, 70, 127
2, 5055, {, 0, 70, 0
2, 5160, {, 0, 70, 127
2, 5175, {, 0, 70, 0
2, 5280, {, 0, 70, 127
2, 5295, {, 0, 70, 0
2, 5400, {, 0, 70, 127
2, 5415, {, 0, 70, 0
2, 5520, {, 0, 68, 127
2, 5535, {, 0, 68, 0
2, 5700, {, 0, 75, 127
2, 5715, {, 0, 75, 0
2, 5760, {, 0, 75, 127
2, 5775, {, 0, 75, 0
2, 6120, {, 0, 65, 127
2, 6135, {, 0, 65, 0
2, 15480, {, 0, 68, 100
2, 15480, {, 0, 60, 100
2, 15495, {, 0, 60, 0
2, 15495, {, 0, 68, 0
2, 15720, {, 0, 68, 100
2, 15720, {, 0, 60, 100
2, 15735, {, 0, 60, 0
2, 15735, {, 0, 68, 0
2, 15840, {, 0, 72, 100
2, 15840, {, 0, 63, 100
2, 15855, {, 0, 63, 0
2, 15855, {, 0, 72, 0
2, 15960, {, 0, 70, 100
2, 15960, {, 0, 61, 100
2, 15975, {, 0, 61, 0
2, 15975, {, 0, 70, 0
2, 16080, {, 0, 68, 100
2, 16080, {, 0, 60, 100
2, 16095, {, 0, 60, 0
2, 16095, {, 0, 68, 0
2, 16200, {, 0, 67, 100
2, 16200, {, 0, 58, 100
2, 16215, {, 0, 58, 0
2, 16215, {, 0, 67, 0
2, 16440, {, 0, 75, 100
2, 16440, {, 0, 67, 100
2, 16455, {, 0, 67, 0
2, 16455, {, 0, 75, 0
2, 16560, {, 0, 75, 100
2, 16560, {, 0, 67, 100
2, 16575, {, 0, 67, 0
2, 16575, {, 0, 75, 0
2, 16920, {, 0, 74, 100
2, 16920, {, 0, 67, 100
2, 16935, {, 0, 67, 0
2, 16935, {, 0, 74, 0
2, 17160, {, 0, 74, 100
2, 17160, {, 0, 67, 100
2, 17175, {, 0, 67, 0
2, 17175, {, 0, 74, 0
2, 17280, {, 0, 73, 100
2, 17280, {, 0, 68, 100
2, 17295, {, 0, 68, 0
2, 17295, {, 0, 73, 0
2, 17520, {, 0, 65, 100
2, 17520, {, 0, 61, 100
2, 17535, {, 0, 61, 0
2, 17535, {, 0, 65, 0
2, 17640, {, 0, 67, 100
2, 17640, {, 0, 63, 100
2, 17655, {, 0, 63, 0
2, 17655, {, 0, 67, 0
2, 17880, {, 0, 70, 100
2, 17880, {, 0, 63, 100
2, 17895, {, 0, 63, 0
2, 17895, {, 0, 70, 0
2, 18000, {, 0, 69, 100
2, 18000, {, 0, 60, 100
2, 18015, {, 0, 60, 0
2, 18015, {, 0, 69, 0
2, 18720, {, 0, 70, 127
2, 18735, {, 0, 70, 0
2, 18780, {, 0, 58, 127
2, 18795, {, 0, 58, 0
2, 18840, {, 0, 61, 127
2, 18855, {, 0, 61, 0
2, 18900, {, 0, 66, 127
2, 18915, {, 0, 66, 0
2, 18960, {, 0, 70, 127
2, 18975, {, 0, 70, 0
2, 19020, {, 0, 68, 127
2, 19020, {, 0, 72, 127
2, 19035, {, 0, 72, 0
2, 19035, {, 0, 68, 0
2, 19080, {, 0, 66, 127
2, 19080, {, 0, 73, 127
2, 19095, {, 0, 73, 0
2, 19095, {, 0, 66, 0
2, 19440, {, 0, 68, 127
2, 19455, {, 0, 68, 0
2, 19500, {, 0, 56, 127
2, 19515, {, 0, 56, 0
2, 19560, {, 0, 60, 127
2, 19575, {, 0, 60, 0
2, 19620, {, 0, 63, 127
2, 19635, {, 0, 63, 0
2, 19680, {, 0, 68, 127
2, 19695, {, 0, 68, 0
2, 19740, {, 0, 70, 127
2, 19755, {, 0, 70, 0
2, 19800, {, 0, 68, 127
2, 19800, {, 0, 72, 127
2, 19815, {, 0, 72, 0
2, 19815, {, 0, 68, 0
2, 20160, {, 0, 65, 127
2, 20175, {, 0, 65, 0
2, 20280, {, 0, 65, 127
2, 20295, {, 0, 65, 0
2, 20400, {, 0, 65, 127
2, 20415, {, 0, 65, 0
2, 20520, {, 0, 65, 127
2, 20535, {, 0, 65, 0
2, 20640, {, 0, 63, 127
2, 20655, {, 0, 63, 0
2, 20820, {, 0, 72, 127
2, 20835, {, 0, 72, 0
2, 20880, {, 0, 72, 127
2, 20895, {, 0, 72, 0
2, 21240, {, 0, 65, 127
2, 21255, {, 0, 65, 0
2, 21600, {, 0, 70, 127
2, 21615, {, 0, 70, 0
2, 21720, {, 0, 70, 127
2, 21735, {, 0, 70, 0
2, 21840, {, 0, 70, 127
2, 21855, {, 0, 70, 0
2, 21960, {, 0, 70, 127
2, 21975, {, 0, 70, 0
2, 22080, {, 0, 68, 127
2, 22095, {, 0, 68, 0
2, 22260, {, 0, 75, 127
2, 22275, {, 0, 75, 0
2, 22320, {, 0, 75, 127
2, 22335, {, 0, 75, 0
2, 22680, {, 0, 65, 127
2, 22695, {, 0, 65, 0
2, 32040, {, 0, 68, 100
2, 32040, {, 0, 60, 100
2, 32055, {, 0, 60, 0
2, 32055, {, 0, 68, 0
2, 32280, {, 0, 68, 100
2, 32280, {, 0, 60, 100
2, 32295, {, 0, 60, 0
2, 32295, {, 0, 68, 0
2, 32400, {, 0, 72, 100
2, 32400, {, 0, 63, 100
2, 32415, {, 0, 63, 0
2, 32415, {, 0, 72, 0
2, 32520, {, 0, 70, 100
2, 32520, {, 0, 61, 100
2, 32535, {, 0, 61, 0
2, 32535, {, 0, 70, 0
2, 32640, {, 0, 68, 100
2, 32640, {, 0, 60, 100
2, 32655, {, 0, 60, 0
2, 32655, {, 0, 68, 0
2, 32760, {, 0, 67, 100
2, 32760, {, 0, 58, 100
2, 32775, {, 0, 58, 0
2, 32775, {, 0, 67, 0
2, 33000, {, 0, 75, 100
2, 33000, {, 0, 67, 100
2, 33015, {, 0, 67, 0
2, 33015, {, 0, 75, 0
2, 33120, {, 0, 75, 100
2, 33120, {, 0, 67, 100
2, 33135, {, 0, 67, 0
2, 33135, {, 0, 75, 0
2, 33480, {, 0, 74, 100
2, 33480, {, 0, 67, 100
2, 33495, {, 0, 67, 0
2, 33495, {, 0, 74, 0
2, 33720, {, 0, 74, 100
2, 33720, {, 0, 67, 100
2, 33735, {, 0, 67, 0
2, 33735, {, 0, 74, 0
2, 33840, {, 0, 73, 100
2, 33840, {, 0, 68, 100
2, 33855, {, 0, 68, 0
2, 33855, {, 0, 73, 0
2, 34080, {, 0, 65, 100
2, 34080, {, 0, 61, 100
2, 34095, {, 0, 61, 0
2, 34095, {, 0, 65, 0
2, 34200, {, 0, 67, 100
2, 34200, {, 0, 63, 100
2, 34215, {, 0, 63, 0
2, 34215, {, 0, 67, 0
2, 34440, {, 0, 70, 100
2, 34440, {, 0, 63, 100
2, 34455, {, 0, 63, 0
2, 34455, {, 0, 70, 0
2, 34560, {, 0, 69, 100
2, 34560, {, 0, 60, 100
2, 34575, {, 0, 60, 0
2, 34575, {, 0, 69, 0
2, 35280, &, 0, 11, 127
2, 35280, {, 0, 70, 127
2, 35295, {, 0, 70, 0
2, 35300, &, 0, 11, 126
2, 35320, &, 0, 11, 125
2, 35340, &, 0, 11, 124
2, 35340, {, 0, 58, 127
2, 35355, {, 0, 58, 0
2, 35360, &, 0, 11, 123
2, 35370, &, 0, 11, 122
2, 35390, &, 0, 11, 121
2, 35400, {, 0, 61, 127
2, 35410, &, 0, 11, 120
2, 35415, {, 0, 61, 0
2, 35430, &, 0, 11, 119
2, 35440, &, 0, 11, 118
2, 35460, &, 0, 11, 117
2, 35460, {, 0, 66, 127
2, 35475, {, 0, 66, 0
2, 35480, &, 0, 11, 116
2, 35500, &, 0, 11, 115
2, 35510, &, 0, 11, 114
2, 35520, {, 0, 70, 127
2, 35530, &, 0, 11, 113
2, 35535, {, 0, 70, 0
2, 35550, &, 0, 11, 112
2, 35570, &, 0, 11, 111
2, 35580, &, 0, 11, 110
2, 35580, {, 0, 68, 127
2, 35580, {, 0, 72, 127
2, 35595, {, 0, 72, 0
2, 35595, {, 0, 68, 0
2, 35600, &, 0, 11, 109
2, 35620, &, 0, 11, 108
2, 35640, &, 0, 11, 107
2, 35640, {, 0, 66, 127
2, 35640, {, 0, 73, 127
2, 35655, {, 0, 73, 0
2, 35655, {, 0, 66, 0
2, 35660, &, 0, 11, 106
2, 35670, &, 0, 11, 105
2, 35690, &, 0, 11, 104
2, 35710, &, 0, 11, 103
2, 35730, &, 0, 11, 102
2, 35740, &, 0, 11, 101
2, 35760, &, 0, 11, 100
2, 35780, &, 0, 11, 99
2, 35800, &, 0, 11, 98
2, 35810, &, 0, 11, 97
2, 35830, &, 0, 11, 96
2, 35850, &, 0, 11, 95
2, 35870, &, 0, 11, 94
2, 35880, &, 0, 11, 93
2, 35900, &, 0, 11, 92
2, 35920, &, 0, 11, 91
2, 35940, &, 0, 11, 90
2, 35960, &, 0, 11, 89
2, 35970, &, 0, 11, 88
2, 35990, &, 0, 11, 87
2, 36000, {, 0, 68, 127
2, 36010, &, 0, 11, 86
2, 36015, {, 0, 68, 0
2, 36030, &, 0, 11, 85
2, 36040, &, 0, 11, 84
2, 36060, &, 0, 11, 83
2, 36060, {, 0, 56, 127
2, 36075, {, 0, 56, 0
2, 36080, &, 0, 11, 82
2, 36100, &, 0, 11, 81
2, 36110, &, 0, 11, 80
2, 36120, {, 0, 60, 127
2, 36130, &, 0, 11, 79
2, 36135, {, 0, 60, 0
2, 36150, &, 0, 11, 78
2, 36170, &, 0, 11, 77
2, 36180, &, 0, 11, 76
2, 36180, {, 0, 63, 127
2, 36195, {, 0, 63, 0
2, 36200, &, 0, 11, 75
2, 36220, &, 0, 11, 74
2, 36240, &, 0, 11, 73
2, 36240, {, 0, 68, 127
2, 36255, {, 0, 68, 0
2, 36260, &, 0, 11, 72
2, 36270, &, 0, 11, 71
2, 36290, &, 0, 11, 70
2, 36300, {, 0, 70, 127
2, 36310, &, 0, 11, 69
2, 36315, {, 0, 70, 0
2, 36330, &, 0, 11, 68
2, 36340, &, 0, 11, 67
2, 36360, &, 0, 11, 66
2, 36360, {, 0, 68, 127
2, 36360, {, 0, 72, 127
2, 36375, {, 0, 72, 0
2, 36375, {, 0, 68, 0
2, 36380, &, 0, 11, 65
2, 36400, &, 0, 11, 64
2, 36410, &, 0, 11, 63
2, 36430, &, 0, 11, 62
2, 36450, &, 0, 11, 61
2, 36470, &, 0, 11, 60
2, 36480, &, 0, 11, 59
2, 36500, &, 0, 11, 58
2, 36520, &, 0, 11, 57
2, 36540, &, 0, 11, 56
2, 36550, &, 0, 11, 55
2, 36570, &, 0, 11, 54
2, 36590, &, 0, 11, 53
2, 36610, &, 0, 11, 52
2, 36630, &, 0, 11, 51
2, 36640, &, 0, 11, 50
2, 36660, &, 0, 11, 49
2, 36680, &, 0, 11, 48
2, 36700, &, 0, 11, 47
2, 36710, &, 0, 11, 46
2, 36720, {, 0, 65, 127
2, 36730, &, 0, 11, 45
2, 36735, {, 0, 65, 0
2, 36750, &, 0, 11, 44
2, 36770, &, 0, 11, 43
2, 36780, &, 0, 11, 42
2, 36800, &, 0, 11, 41
2, 36820, &, 0, 11, 40
2, 36840, &, 0, 11, 39
2, 36840, {, 0, 65, 127
2, 36850, &, 0, 11, 38
2, 36855, {, 0, 65, 0
2, 36870, &, 0, 11, 37
2, 36890, &, 0, 11, 36
2, 36910, &, 0, 11, 35
2, 36930, &, 0, 11, 34
2, 36940, &, 0, 11, 33
2, 36960, &, 0, 11, 32
2, 36960, {, 0, 65, 127
2, 36975, {, 0, 65, 0
2, 36980, &, 0, 11, 31
2, 37000, &, 0, 11, 30
2, 37010, &, 0, 11, 29
2, 37030, &, 0, 11, 28
2, 37050, &, 0, 11, 27
2, 37070, &, 0, 11, 26
2, 37080, &, 0, 11, 25
2, 37080, {, 0, 65, 127
2, 37095, {, 0, 65, 0
2, 37100, &, 0, 11, 24
2, 37120, &, 0, 11, 23
2, 37140, &, 0, 11, 22
2, 37150, &, 0, 11, 21
2, 37170, &, 0, 11, 20
2, 37190, &, 0, 11, 19
2, 37200, {, 0, 63, 127
2, 37210, &, 0, 11, 18
2, 37215, {, 0, 63, 0
2, 37230, &, 0, 11, 17
2, 37240, &, 0, 11, 16
2, 37260, &, 0, 11, 15
2, 37280, &, 0, 11, 14
2, 37300, &, 0, 11, 10
2, 37311, &, 0, 12, 20
2, 37322, &, 0, 11, 20
2, 37333, &, 0, 10, 20
2, 37344, &, 0, 9, 10
2, 37355, &, 0, 8, 0
2, 39475, &, 0, 127, 15
2, 39547, &, 0, 0, 5
2, 45702, &, 0, 7, 20
2, 45713, &, 0, 6, 20
2, 45724, &, 0, 5, 10
2, 45735, &, 0, 4, 20
2, 45746, &, 0, 3, 20
2, 45757, &, 0, 2, 20
2, 45768, &, 0, 1, 10
2, 45779, &, 0, 0, 0
2, 62082, &, 0, 0, 77
2, 62198, &, 0, 97, 92
2, 62274, &, 0, 111, 99
2, 62371, &, 0, 39, 165
2, 62465, ;, 0, 60
2, 67073, ;, 0, 0
2, 75265, ;, 0, 122
2, 75267, ;, 0, 96
2, 75342, ;, 0, 122
2, 75344, ;, 0, 110
2, 75436, ;, 0, 80
2, 75557, ;, 0, 116
2, 75661, ;, 0, 111
2, 75771, ;, 0, 51
2, 75825, ;, 0, 92
2, 75884, ;, 0, 67
2, 75942, ;, 0, 92
2, 76019, ;, 0, 105
2, 76129, ;, 0, 71
2, 76216, ;, 0, 92
2, 76314, ;, 0, 105
2, 76424, ;, 0, 67
2, 76482, ;, 0, 92
2, 76562, ;, 0, 114
2, 76673, ;, 0, 103
2, 76787, ;, 0, 97
2, 76896, ;, 0, 68
2, 76993, ;, 0, 116
2, 77090, ;, 0, 92
2, 77169, ;, 0, 114
2, 77266, ;, 0, 99
2, 77374, ;, 0, 101
2, 77466, ;, 0, 74
2, 77563, ;, 0, 118
2, 77660, ;, 0, 92
2, 77766, ;, 0, 97
2, 77884, ;, 0, 97
2, 77996, ;, 0, 97
2, 78112, ;, 0, 104
2, 78171, ;, 0, 67
2, 78229, ;, 0, 92
2, 78309, ;, 0, 114
2, 78420, ;, 0, 103
2, 78534, ;, 0, 97
2, 78643, ;, 0, 32
2, 78713, ;, 0, 105
2, 78821, ;, 0, 101
2, 78936, ;, 0, 32
2, 78976, ;, 0, 120
2, 79032, ;, 0, 54
2, 79073, ;, 0, 92
2, 79146, ;, 0, 110
2, 79262, ;, 0, 101
2, 79370, ;, 0, 92
2, 79475, ;, 0, 67
2, 79551, ;, 0, 83
2, 79583, ;, 0, 67
2, 79691, ;, 0, 105
2, 79792, ;, 0, 110
2, 79908, ;, 0, 92
2, 79967, ;, 0, 67
2, 80025, ;, 0, 92
2, 80105, ;, 0, 114
2, 80216, ;, 0, 103
2, 80330, ;, 0, 97
2, 80439, ;, 0, 32
2, 80509, ;, 0, 105
2, 80617, ;, 0, 101
2, 80732, ;, 0, 92
2, 80805, ;, 0, 110
2, 80921, ;, 0, 101
2, 81029, ;, 0, 92
2, 81134, ;, 0, 67
2, 81210, ;, 0, 83
2, 81242, ;, 0, 67
2, 81350, ;, 0, 105
2, 81451, ;, 0, 110
2, 81567, ;, 0, 92
2, 81626, ;, 0, 67
2, 81684, ;, 0, 92
2, 81803, ;, 0, 105
2, 81913, ;, 0, 100
2, 82024, ;, 0, 119
2, 82139, ;, 0, 92
2, 82254, ;, 0, 121
2, 82369, ;, 0, 116
2, 82470, ;, 0, 109
2, 82521, ;, 0, 50
2, 82580, ;, 0, 67
2, 82638, ;, 0, 92
2, 82757, ;, 0, 105
2, 82867, ;, 0, 100
2, 82978, ;, 0, 119
2, 83093, ;, 0, 59
2, 83160, ;, 0, 58
2, 83252, ;, 0, 119
2, 83357, ;, 0, 110
2, 83457, ;, 0, 111
2, 83576, ;, 0, 115
2, 83668, ;, 0, 83
2, 83789, ;, 0, 115
2, 83905, ;, 0, 101
2, 84014, ;, 0, 51
2, 84064, ;, 0, 92
2, 84151, ;, 0, 98
2, 84252, ;, 0, 109
2, 84311, ;, 0, 67
2, 84369, ;, 0, 92
2, 84488, ;, 0, 105
2, 84598, ;, 0, 100
2, 84709, ;, 0, 119
2, 84824, ;, 0, 92
2, 84907, ;, 0, 121
2, 85022, ;, 0, 116
2, 85123, ;, 0, 109
2, 85174, ;, 0, 50
2, 85266, ;, 0, 87
2, 85371, ;, 0, 110
2, 85471, ;, 0, 111
2, 85590, ;, 0, 115
2, 85670, ;, 0, 111
2, 85789, ;, 0, 101
2, 85903, ;, 0, 83
2, 86007, ;, 0, 101
2, 86115, ;, 0, 108
2, 86207, ;, 0, 118
2, 86256, ;, 0, 46
2, 86304, ;, 0, 92
2, 86363, ;, 0, 67
2, 86421, ;, 0, 92
2, 86501, ;, 0, 114
2, 86612, ;, 0, 103
2, 86726, ;, 0, 97
2, 86835, ;, 0, 32
2, 86905, ;, 0, 105
2, 87013, ;, 0, 101
2, 87128, ;, 0, 32
2, 87168, ;, 0, 120
2, 87224, ;, 0, 54
2, 87265, ;, 0, 92
2, 87338, ;, 0, 110
2, 87454, ;, 0, 101
2, 87562, ;, 0, 92
2, 87635, ;, 0, 110
2, 87751, ;, 0, 101
2, 87859, ;, 0, 40
2, 87941, ;, 0, 41
2, 87973, ;, 0, 77
2, 88070, ;, 0, 110
2, 88167, ;, 0, 103
2, 88268, ;, 0, 109
2, 88369, ;, 0, 110
2, 88485, ;, 0, 32
2, 88554, ;, 0, 110
2, 88657, ;, 0, 105
2, 88767, ;, 0, 101
2, 88799, ;, 0, 67
2, 88910, ;, 0, 109
2, 89022, ;, 0, 111
2, 89132, ;, 0, 101
2, 89242, ;, 0, 116
2, 89357, ;, 0, 92
2, 89425, ;, 0, 65
2, 89501, ;, 0, 59
2, 89568, ;, 0, 58
2, 89660, ;, 0, 80
2, 89774, ;, 0, 111
2, 89877, ;, 0, 114
2, 89974, ;, 0, 109
2, 90006, ;, 0, 70
2, 90111, ;, 0, 108
2, 90212, ;, 0, 115
2, 90304, ;, 0, 73
2, 90414, ;, 0, 116
2, 90515, ;, 0, 108
2, 90607, ;, 0, 73
2, 90717, ;, 0, 116
2, 90818, ;, 0, 108
2, 90858, ;, 0, 82
2, 90899, ;, 0, 32
2, 90976, ;, 0, 97
2, 91086, ;, 0, 97
2, 91189, ;, 0, 101
2, 91298, ;, 0, 101
2, 91408, ;, 0, 116
2, 91440, ;, 0, 69
2, 91550, ;, 0, 103
2, 91655, ;, 0, 110
2, 91756, ;, 0, 32
2, 91823, ;, 0, 111
2, 91932, ;, 0, 112
2, 92043, ;, 0, 110
2, 92144, ;, 0, 110
2, 92260, ;, 0, 115
2, 92352, ;, 0, 68
2, 92417, ;, 0, 76
2, 92476, ;, 0, 67
2, 92534, ;, 0, 92
2, 92614, ;, 0, 114
2, 92725, ;, 0, 103
2, 92839, ;, 0, 97
2, 92948, ;, 0, 32
2, 93018, ;, 0, 105
2, 93126, ;, 0, 101
2, 93241, ;, 0, 32
2, 93281, ;, 0, 120
2, 93337, ;, 0, 54
2, 93378, ;, 0, 92
2, 93451, ;, 0, 110
2, 93567, ;, 0, 101
2, 93675, ;, 0, 92
2, 93748, ;, 0, 110
2, 93864, ;, 0, 101
2, 93972, ;, 0, 40
2, 94054, ;, 0, 41
2, 94086, ;, 0, 77
2, 94183, ;, 0, 110
2, 94280, ;, 0, 103
2, 94381, ;, 0, 109
2, 94482, ;, 0, 110
2, 94598, ;, 0, 32
2, 94667, ;, 0, 110
2, 94770, ;, 0, 105
2, 94880, ;, 0, 101
2, 94912, ;, 0, 67
2, 95023, ;, 0, 109
2, 95135, ;, 0, 111
2, 95245, ;, 0, 101
2, 95355, ;, 0, 116
2, 95470, ;, 0, 92
2, 95543, ;, 0, 80
2, 95627, ;, 0, 59
2, 95694, ;, 0, 58
2, 95786, ;, 0, 80
2, 95900, ;, 0, 111
2, 96003, ;, 0, 114
2, 96100, ;, 0, 109
2, 96132, ;, 0, 70
2, 96237, ;, 0, 108
2, 96338, ;, 0, 115
2, 96430, ;, 0, 73
2, 96540, ;, 0, 116
2, 96641, ;, 0, 108
2, 96733, ;, 0, 73
2, 96843, ;, 0, 116
2, 96944, ;, 0, 108
2, 96984, ;, 0, 82
2, 97025, ;, 0, 32
2, 97102, ;, 0, 97
2, 97212, ;, 0, 97
2, 97315, ;, 0, 101
2, 97424, ;, 0, 101
2, 97534, ;, 0, 116
2, 97566, ;, 0, 69
2, 97676, ;, 0, 103
2, 97781, ;, 0, 110
2, 97882, ;, 0, 32
2, 97949, ;, 0, 111
2, 98058, ;, 0, 112
2, 98169, ;, 0, 110
2, 98270, ;, 0, 110
2, 98386, ;, 0, 115
2, 98478, ;, 0, 73
2, 98558, ;, 0, 84
2, 98617, ;, 0, 67
2, 98675, ;, 0, 92
2, 98794, ;, 0, 105
2, 98904, ;, 0, 100
2, 99015, ;, 0, 119
2, 99130, ;, 0, 92
2, 99245, ;, 0, 121
2, 99360, ;, 0, 116
2, 99461, ;, 0, 109
2, 99512, ;, 0, 50
2, 99604, ;, 0, 99
2, 99715, ;, 0, 110
2, 99817, ;, 0, 105
2, 99920, ;, 0, 92
2, 100035, ;, 0, 121
2, 100150, ;, 0, 116
2, 100251, ;, 0, 109
2, 100363, ;, 0, 114
2, 100474, ;, 0, 102
2, 100579, ;, 0, 108
2, 100680, ;, 0, 92
2, 100726, ;, 0, 100
2, 100836, ;, 0, 120
2, 100928, ;, 0, 98
2, 101033, ;, 0, 110
2, 101092, ;, 0, 67
2, 101150, ;, 0, 92
2, 101230, ;, 0, 114
2, 101341, ;, 0, 103
2, 101455, ;, 0, 97
2, 101564, ;, 0, 32
2, 101634, ;, 0, 105
2, 101742, ;, 0, 101
2, 101857, ;, 0, 92
2, 101934, ;, 0, 105
2, 102033, ;, 0, 114
2, 102144, ;, 0, 115
2, 102255, ;, 0, 102
2, 102371, ;, 0, 32
2, 102439, ;, 0, 78
2, 102527, ;, 0, 92
2, 102595, ;, 0, 110
2, 102713, ;, 0, 109
2, 102805, ;, 0, 59
2, 102872, ;, 0, 58
2, 102964, ;, 0, 80
2, 103078, ;, 0, 111
2, 103181, ;, 0, 114
2, 103278, ;, 0, 109
2, 103310, ;, 0, 70
2, 103415, ;, 0, 108
2, 103516, ;, 0, 115
2, 103608, ;, 0, 77
2, 103713, ;, 0, 99
2, 103827, ;, 0, 111
2, 103942, ;, 0, 111
2, 104044, ;, 0, 116
2, 104076, ;, 0, 83
2, 104157, ;, 0, 76
2, 104189, ;, 0, 83
2, 104290, ;, 0, 114
2, 104408, ;, 0, 101
2, 104522, ;, 0, 92
2, 104571, ;, 0, 51
2, 104619, ;, 0, 92
2, 104703, ;, 0, 111
2, 104814, ;, 0, 108
2, 104929, ;, 0, 92
2, 104995, ;, 0, 105
2, 105105, ;, 0, 110
2, 105197, ;, 0, 59
2, 105264, ;, 0, 58
2, 105356, ;, 0, 80
2, 105470, ;, 0, 111
2, 105573, ;, 0, 114
2, 105670, ;, 0, 109
2, 105702, ;, 0, 70
2, 105807, ;, 0, 108
2, 105908, ;, 0, 115
2, 105940, ;, 0, 40
2, 106060, ;, 0, 56
2, 106114, ;, 0, 41
2, 106206, ;, 0, 87
2, 106311, ;, 0, 110
2, 106411, ;, 0, 111
2, 106530, ;, 0, 115
2, 106562, ;, 0, 75
2, 106667, ;, 0, 116
2, 106782, ;, 0, 92
2, 106831, ;, 0, 48
2, 106923, ;, 0, 87
2, 107028, ;, 0, 110
2, 107128, ;, 0, 111
2, 107247, ;, 0, 115
2, 107279, ;, 0, 80
2, 107380, ;, 0, 114
2, 107482, ;, 0, 111
2, 107596, ;, 0, 109
2, 107693, ;, 0, 110
2, 107792, ;, 0, 101
2, 107824, ;, 0, 84
2, 107935, ;, 0, 111
2, 108043, ;, 0, 107
2, 108148, ;, 0, 116
2, 108240, ;, 0, 59
2, 108307, ;, 0, 58
2, 108399, ;, 0, 80
2, 108513, ;, 0, 111
2, 108616, ;, 0, 114
2, 108713, ;, 0, 109
2, 108745, ;, 0, 70
2, 108850, ;, 0, 108
2, 108951, ;, 0, 115
2, 109043, ;, 0, 100
2, 109154, ;, 0, 116
2, 109264, ;, 0, 101
2, 109380, ;, 0, 92
2, 109439, ;, 0, 67
2, 109497, ;, 0, 92
2, 109577, ;, 0, 114
2, 109688, ;, 0, 103
2, 109802, ;, 0, 97
2, 109911, ;, 0, 32
2, 109981, ;, 0, 105
2, 110089, ;, 0, 101
2, 110204, ;, 0, 32
2, 110244, ;, 0, 120
2, 110300, ;, 0, 54
2, 110341, ;, 0, 92
2, 110412, ;, 0, 116
2, 110519, ;, 0, 83
2, 110623, ;, 0, 97
2, 110737, ;, 0, 112
2, 110829, ;, 0, 50
2, 110875, ;, 0, 49
2, 110925, ;, 0, 92
2, 111023, ;, 0, 105
2, 111133, ;, 0, 59
2, 111200, ;, 0, 58
2, 111292, ;, 0, 85
2, 111407, ;, 0, 101
2, 111521, ;, 0, 115
2, 111613, ;, 0, 69
2, 111722, ;, 0, 109
2, 111823, ;, 0, 116
2, 111855, ;, 0, 72
2, 111952, ;, 0, 121
2, 112053, ;, 0, 115
2, 112145, ;, 0, 65
2, 112257, ;, 0, 112
2, 112325, ;, 0, 97
2, 112441, ;, 0, 97
2, 112533, ;, 0, 76
2, 112644, ;, 0, 99
2, 112741, ;, 0, 108
2, 112833, ;, 0, 77
2, 112938, ;, 0, 99
2, 113052, ;, 0, 111
2, 113167, ;, 0, 111
2, 113269, ;, 0, 116
2, 113361, ;, 0, 87
2, 113466, ;, 0, 110
2, 113566, ;, 0, 111
2, 113685, ;, 0, 115
2, 113750, ;, 0, 112
2, 113862, ;, 0, 115
2, 113921, ;, 0, 67
2, 113979, ;, 0, 92
2, 114056, ;, 0, 105
2, 114166, ;, 0, 71
2, 114253, ;, 0, 92
2, 114351, ;, 0, 105
2, 114461, ;, 0, 59
2, 114528, ;, 0, 58
2, 114620, ;, 0, 85
2, 114735, ;, 0, 101
2, 114849, ;, 0, 115
2, 114941, ;, 0, 69
2, 115050, ;, 0, 109
2, 115151, ;, 0, 116
2, 115183, ;, 0, 72
2, 115280, ;, 0, 121
2, 115381, ;, 0, 115
2, 115473, ;, 0, 65
2, 115585, ;, 0, 112
2, 115653, ;, 0, 97
2, 115769, ;, 0, 97
2, 115861, ;, 0, 76
2, 115972, ;, 0, 99
2, 116069, ;, 0, 108
2, 116161, ;, 0, 77
2, 116266, ;, 0, 99
2, 116380, ;, 0, 111
2, 116495, ;, 0, 111
2, 116597, ;, 0, 116
2, 116689, ;, 0, 87
2, 116794, ;, 0, 110
2, 116894, ;, 0, 111
2, 117013, ;, 0, 115
2, 117078, ;, 0, 112
2, 117190, ;, 0, 115
2, 117249, ;, 0, 67
2, 117307, ;, 0, 92
2, 117392, ;, 0, 115
2, 117493, ;, 0, 114

