0, 0, <, 1, 3, 192
1, 0, /
1, 0, ~, "Piano Introduction"
1, 0, |, "By Final Fantasy X"
1, 0, (, "Copyright © 2001 by JeffreyAtW"
1, 0, (, "Copyright © 2001 by JeffreyAtW"
1, 0, |, "Generated by NoteWorthy Composer"
1, 0, %, 352941
1, 0, $, 6, 2, 24, 8
1, 12672, %, 352941
1, 12768, %, 350877
1, 12864, %, 348837
1, 12960, %, 346820
1, 13056, %, 344827
1, 13152, %, 342857
1, 13248, %, 340909
1, 13344, %, 338983
1, 13440, %, 337078
1, 13536, %, 335195
1, 13632, %, 333333
1, 13728, %, 331491
1, 13824, %, 329670
1, 31104, %, 329670
1, 31268, %, 331491
1, 31433, %, 333333
1, 31597, %, 335195
1, 31762, %, 337078
1, 31926, %, 338983
1, 32091, %, 340909
1, 32256, %, 342857
1, 33408, %, 342857
1, 33572, %, 340909
1, 33737, %, 338983
1, 33901, %, 337078
1, 34066, %, 335195
1, 34230, %, 333333
1, 34395, %, 331491
1, 34560, %, 329670
1, 40320, %, 329670
1, 40978, %, 331491
1, 41636, %, 333333
1, 42294, %, 335195
1, 42953, %, 337078
1, 43611, %, 338983
1, 44269, %, 340909
1, 44928, %, 342857
1, 46080, %, 363636
1, 46156, %, 365853
1, 46233, %, 368098
1, 46310, %, 370370
1, 46387, %, 372670
1, 46464, %, 375000
1, 46540, %, 377358
1, 46617, %, 379746
1, 46694, %, 382165
1, 46771, %, 384615
1, 46848, %, 387096
1, 46924, %, 389610
1, 47001, %, 392156
1, 47078, %, 394736
1, 47155, %, 397350
1, 47232, %, 400000
1, 47232, \
2, 0, /
2, 0, `, 0
2, 0, ~, "Piano Introduction"
2, 0, ;, 0, 0
2, 0, &, 0, 7, 127
2, 0, &, 0, 10, 64
2, 0, &, 0, 64, 127
2, 0, {, 0, 88, 110
2, 192, {, 0, 88, 0
2, 192, {, 0, 76, 110
2, 384, {, 0, 76, 0
2, 384, {, 0, 79, 110
2, 576, {, 0, 79, 0
2, 576, {, 0, 83, 110
2, 768, {, 0, 83, 0
2, 768, {, 0, 88, 110
2, 960, {, 0, 88, 0
2, 960, {, 0, 86, 110
2, 960, {, 0, 90, 110
2, 1152, {, 0, 86, 0
2, 1152, {, 0, 90, 0
2, 1152, &, 0, 64, 0
2, 1152, &, 0, 64, 127
2, 1152, {, 0, 88, 110
2, 1152, {, 0, 91, 110
2, 1920, {, 0, 88, 0
2, 1920, {, 0, 91, 0
2, 2304, &, 0, 64, 0
2, 2304, &, 0, 64, 127
2, 2304, {, 0, 86, 110
2, 2496, {, 0, 86, 0
2, 2496, {, 0, 74, 110
2, 2688, {, 0, 74, 0
2, 2688, {, 0, 78, 110
2, 2880, {, 0, 78, 0
2, 2880, {, 0, 81, 110
2, 3072, {, 0, 81, 0
2, 3072, {, 0, 86, 110
2, 3264, {, 0, 86, 0
2, 3264, {, 0, 84, 110
2, 3264, {, 0, 88, 110
2, 3456, {, 0, 84, 0
2, 3456, {, 0, 88, 0
2, 3456, &, 0, 64, 0
2, 3456, &, 0, 64, 127
2, 3456, {, 0, 86, 110
2, 3456, {, 0, 90, 110
2, 4224, {, 0, 86, 0
2, 4224, {, 0, 90, 0
2, 4608, &, 0, 64, 0
2, 4608, &, 0, 64, 127
2, 4608, {, 0, 83, 110
2, 4992, {, 0, 83, 0
2, 4992, {, 0, 83, 110
2, 5376, {, 0, 83, 0
2, 5376, {, 0, 83, 110
2, 5760, {, 0, 83, 0
2, 5760, {, 0, 83, 110
2, 6144, {, 0, 83, 0
2, 6144, {, 0, 81, 110
2, 6528, {, 0, 81, 0
2, 6720, {, 0, 86, 110
2, 6912, {, 0, 86, 0
2, 6912, {, 0, 78, 110
2, 7680, {, 0, 78, 0
2, 9216, {, 0, 88, 110
2, 9600, {, 0, 88, 0
2, 9600, {, 0, 88, 110
2, 9984, {, 0, 88, 0
2, 9984, {, 0, 88, 110
2, 10368, {, 0, 88, 0
2, 10368, {, 0, 88, 110
2, 10752, {, 0, 88, 0
2, 10752, {, 0, 86, 110
2, 11136, {, 0, 86, 0
2, 11328, {, 0, 91, 110
2, 11520, {, 0, 91, 0
2, 11520, {, 0, 84, 110
2, 12288, {, 0, 84, 0
2, 13824, {, 0, 67, 110
2, 13824, {, 0, 76, 110
2, 14400, {, 0, 67, 0
2, 14400, {, 0, 76, 0
2, 14400, {, 0, 66, 110
2, 14400, {, 0, 71, 110
2, 14592, {, 0, 66, 0
2, 14592, {, 0, 71, 0
2, 14592, {, 0, 67, 110
2, 14592, {, 0, 76, 110
2, 14784, {, 0, 67, 0
2, 14784, {, 0, 76, 0
2, 14784, {, 0, 69, 110
2, 14784, {, 0, 78, 110
2, 14976, {, 0, 69, 0
2, 14976, {, 0, 78, 0
2, 14976, {, 0, 71, 110
2, 14976, {, 0, 79, 110
2, 15360, {, 0, 71, 0
2, 15360, {, 0, 79, 0
2, 15360, {, 0, 78, 110
2, 15744, {, 0, 78, 0
2, 15744, {, 0, 76, 110
2, 16128, {, 0, 76, 0
2, 16128, {, 0, 66, 110
2, 16128, {, 0, 74, 110
2, 16704, {, 0, 66, 0
2, 16704, {, 0, 74, 0
2, 16704, {, 0, 67, 110
2, 16704, {, 0, 76, 110
2, 16896, {, 0, 67, 0
2, 16896, {, 0, 76, 0
2, 16896, {, 0, 66, 110
2, 16896, {, 0, 72, 110
2, 16896, {, 0, 74, 110
2, 17280, {, 0, 66, 0
2, 17280, {, 0, 72, 0
2, 17280, {, 0, 74, 0
2, 17280, {, 0, 67, 110
2, 17280, {, 0, 71, 110
2, 18048, {, 0, 67, 0
2, 18048, {, 0, 71, 0
2, 18432, {, 0, 67, 110
2, 18432, {, 0, 76, 110
2, 19008, {, 0, 67, 0
2, 19008, {, 0, 76, 0
2, 19008, {, 0, 66, 110
2, 19008, {, 0, 71, 110
2, 19200, {, 0, 66, 0
2, 19200, {, 0, 71, 0
2, 19200, {, 0, 67, 110
2, 19200, {, 0, 76, 110
2, 19392, {, 0, 67, 0
2, 19392, {, 0, 76, 0
2, 19392, {, 0, 69, 110
2, 19392, {, 0, 78, 110
2, 19584, {, 0, 69, 0
2, 19584, {, 0, 78, 0
2, 19584, {, 0, 71, 110
2, 19584, {, 0, 79, 110
2, 19968, {, 0, 71, 0
2, 19968, {, 0, 79, 0
2, 19968, {, 0, 78, 110
2, 20352, {, 0, 78, 0
2, 20352, {, 0, 79, 110
2, 20736, {, 0, 79, 0
2, 20736, {, 0, 69, 110
2, 20736, {, 0, 81, 110
2, 21312, {, 0, 69, 0
2, 21312, {, 0, 81, 0
2, 21312, {, 0, 67, 110
2, 21312, {, 0, 79, 110
2, 21504, {, 0, 67, 0
2, 21504, {, 0, 79, 0
2, 21504, {, 0, 69, 110
2, 21504, {, 0, 78, 110
2, 21504, {, 0, 81, 110
2, 21888, {, 0, 69, 0
2, 21888, {, 0, 78, 0
2, 21888, {, 0, 81, 0
2, 21888, {, 0, 71, 110
2, 21888, {, 0, 79, 110
2, 21888, {, 0, 83, 110
2, 22272, {, 0, 71, 0
2, 22272, {, 0, 79, 0
2, 22272, {, 0, 83, 0
2, 23040, {, 0, 67, 110
2, 23040, {, 0, 76, 110
2, 23616, {, 0, 67, 0
2, 23616, {, 0, 76, 0
2, 23616, {, 0, 66, 110
2, 23616, {, 0, 71, 110
2, 23808, {, 0, 66, 0
2, 23808, {, 0, 71, 0
2, 23808, {, 0, 67, 110
2, 23808, {, 0, 76, 110
2, 24000, {, 0, 67, 0
2, 24000, {, 0, 76, 0
2, 24000, {, 0, 69, 110
2, 24000, {, 0, 78, 110
2, 24192, {, 0, 69, 0
2, 24192, {, 0, 78, 0
2, 24192, {, 0, 71, 110
2, 24192, {, 0, 79, 110
2, 24576, {, 0, 71, 0
2, 24576, {, 0, 79, 0
2, 24576, {, 0, 78, 110
2, 24960, {, 0, 78, 0
2, 24960, {, 0, 76, 110
2, 25344, {, 0, 76, 0
2, 25344, {, 0, 66, 110
2, 25344, {, 0, 74, 110
2, 25920, {, 0, 66, 0
2, 25920, {, 0, 74, 0
2, 25920, {, 0, 67, 110
2, 25920, {, 0, 76, 110
2, 26112, {, 0, 67, 0
2, 26112, {, 0, 76, 0
2, 26112, {, 0, 66, 110
2, 26112, {, 0, 72, 110
2, 26112, {, 0, 74, 110
2, 26496, {, 0, 66, 0
2, 26496, {, 0, 72, 0
2, 26496, {, 0, 74, 0
2, 26496, {, 0, 67, 110
2, 26496, {, 0, 71, 110
2, 27264, {, 0, 67, 0
2, 27264, {, 0, 71, 0
2, 27264, {, 0, 67, 110
2, 27456, {, 0, 67, 0
2, 27456, {, 0, 69, 110
2, 27648, {, 0, 69, 0
2, 27648, {, 0, 64, 110
2, 27648, {, 0, 71, 110
2, 28032, {, 0, 64, 0
2, 28032, {, 0, 71, 0
2, 28032, {, 0, 64, 110
2, 28032, {, 0, 71, 110
2, 28416, {, 0, 64, 0
2, 28416, {, 0, 71, 0
2, 28416, {, 0, 64, 110
2, 28416, {, 0, 71, 110
2, 28800, {, 0, 64, 0
2, 28800, {, 0, 71, 0
2, 28800, {, 0, 66, 110
2, 28800, {, 0, 71, 110
2, 29184, {, 0, 66, 0
2, 29184, {, 0, 71, 0
2, 29184, {, 0, 69, 110
2, 29568, {, 0, 69, 0
2, 29568, {, 0, 74, 110
2, 29952, {, 0, 74, 0
2, 29952, {, 0, 67, 110
2, 30528, {, 0, 67, 0
2, 30528, {, 0, 67, 110
2, 30720, {, 0, 67, 0
2, 30720, {, 0, 66, 110
2, 30912, {, 0, 66, 0
2, 30912, {, 0, 62, 110
2, 31104, {, 0, 62, 0
2, 31104, &, 0, 64, 0
2, 31104, &, 0, 64, 127
2, 31104, {, 0, 64, 110
2, 31680, {, 0, 64, 0
2, 31680, {, 0, 64, 110
2, 31872, {, 0, 64, 0
2, 31872, {, 0, 67, 110
2, 32064, {, 0, 67, 0
2, 32064, {, 0, 72, 110
2, 32256, {, 0, 72, 0
2, 32256, {, 0, 76, 110
2, 32448, {, 0, 76, 0
2, 32448, {, 0, 64, 110
2, 32640, {, 0, 64, 0
2, 32640, {, 0, 67, 110
2, 32832, {, 0, 67, 0
2, 32832, {, 0, 72, 110
2, 33024, {, 0, 72, 0
2, 33024, {, 0, 76, 110
2, 33216, {, 0, 76, 0
2, 33216, {, 0, 79, 110
2, 33408, {, 0, 79, 0
2, 33408, &, 0, 64, 0
2, 33408, &, 0, 64, 127
2, 33408, {, 0, 81, 110
2, 34176, {, 0, 81, 0
2, 34176, {, 0, 88, 110
2, 34560, {, 0, 88, 0
2, 34560, &, 0, 64, 0
2, 34560, &, 0, 64, 127
2, 34560, {, 0, 79, 110
2, 34560, {, 0, 81, 110
2, 34560, {, 0, 88, 110
2, 34944, {, 0, 79, 0
2, 34944, {, 0, 81, 0
2, 34944, {, 0, 88, 0
2, 34944, {, 0, 86, 110
2, 35328, {, 0, 86, 0
2, 35328, {, 0, 77, 110
2, 35328, {, 0, 84, 110
2, 35712, {, 0, 77, 0
2, 35712, {, 0, 84, 0
2, 35712, &, 0, 64, 0
2, 35712, &, 0, 64, 127
2, 35712, {, 0, 79, 110
2, 35712, {, 0, 83, 110
2, 36480, {, 0, 79, 0
2, 36480, {, 0, 83, 0
2, 36480, {, 0, 91, 110
2, 36768, {, 0, 91, 0
2, 36768, {, 0, 79, 110
2, 36816, {, 0, 83, 110
2, 36864, {, 0, 91, 110
2, 37248, {, 0, 79, 0
2, 37248, {, 0, 83, 0
2, 37248, {, 0, 91, 0
2, 38016, &, 0, 64, 0
2, 38016, &, 0, 64, 127
2, 38016, {, 0, 83, 110
2, 38784, {, 0, 83, 0
2, 38784, {, 0, 90, 110
2, 39072, {, 0, 90, 0
2, 39072, {, 0, 81, 110
2, 39120, {, 0, 85, 110
2, 39168, {, 0, 90, 110
2, 39552, {, 0, 81, 0
2, 39552, {, 0, 85, 0
2, 39552, {, 0, 90, 0
2, 40320, {, 0, 81, 110
2, 41088, {, 0, 81, 0
2, 41088, {, 0, 88, 110
2, 41376, {, 0, 88, 0
2, 41376, {, 0, 78, 110
2, 41424, {, 0, 83, 110
2, 41472, {, 0, 88, 110
2, 41856, {, 0, 78, 0
2, 41856, {, 0, 83, 0
2, 41856, {, 0, 88, 0
2, 41856, {, 0, 87, 110
2, 42240, {, 0, 87, 0
2, 42624, &, 0, 64, 0
2, 42624, &, 0, 64, 127
2, 42624, {, 0, 66, 110
2, 42624, {, 0, 71, 110
2, 43392, {, 0, 66, 0
2, 43392, {, 0, 71, 0
2, 43392, {, 0, 66, 110
2, 43392, {, 0, 71, 110
2, 43392, {, 0, 74, 110
2, 43392, {, 0, 78, 110
2, 43776, {, 0, 66, 0
2, 43776, {, 0, 71, 0
2, 43776, {, 0, 74, 0
2, 43776, {, 0, 78, 0
2, 43776, {, 0, 69, 110
2, 43776, {, 0, 78, 110
2, 44160, {, 0, 69, 0
2, 44160, {, 0, 78, 0
2, 44160, {, 0, 67, 110
2, 44160, {, 0, 76, 110
2, 44544, {, 0, 67, 0
2, 44544, {, 0, 76, 0
2, 44544, {, 0, 66, 110
2, 44544, {, 0, 74, 110
2, 44928, {, 0, 66, 0
2, 44928, {, 0, 74, 0
2, 44928, {, 0, 69, 110
2, 44928, {, 0, 73, 110
2, 45696, {, 0, 69, 0
2, 45696, {, 0, 73, 0
2, 45696, {, 0, 69, 110
2, 45696, {, 0, 73, 110
2, 45696, {, 0, 78, 110
2, 45696, {, 0, 81, 110
2, 46080, {, 0, 69, 0
2, 46080, {, 0, 73, 0
2, 46080, {, 0, 78, 0
2, 46080, {, 0, 81, 0
2, 46080, {, 0, 69, 110
2, 46080, {, 0, 73, 110
2, 46080, {, 0, 78, 110
2, 46080, {, 0, 81, 110
2, 46464, {, 0, 69, 0
2, 46464, {, 0, 73, 0
2, 46464, {, 0, 78, 0
2, 46464, {, 0, 81, 0
2, 47232, {, 0, 68, 110
2, 47232, {, 0, 73, 110
2, 47232, {, 0, 80, 110
2, 47616, {, 0, 68, 0
2, 47616, {, 0, 73, 0
2, 47616, {, 0, 80, 0
2, 47616, {, 0, 76, 110
2, 48000, {, 0, 76, 0
2, 48000, {, 0, 73, 110
2, 48384, {, 0, 73, 0
2, 48384, &, 0, 64, 0
2, 48384, &, 0, 64, 127
2, 48384, {, 0, 67, 110
2, 48384, {, 0, 71, 110
2, 49152, {, 0, 67, 0
2, 49152, {, 0, 71, 0
2, 49152, {, 0, 78, 110
2, 49536, {, 0, 78, 0
2, 49536, &, 0, 64, 0
2, 49536, &, 0, 64, 127
2, 49536, {, 0, 69, 110
2, 50112, {, 0, 69, 0
2, 50112, {, 0, 66, 110
2, 50304, {, 0, 66, 0
2, 50304, {, 0, 69, 110
2, 50688, {, 0, 69, 0
2, 50688, &, 0, 64, 0
2, 50688, &, 0, 64, 127
2, 50688, {, 0, 66, 110
2, 50688, {, 0, 71, 110
2, 51456, {, 0, 66, 0
2, 51456, {, 0, 71, 0
2, 51456, \
3, 0, /
3, 0, `, 0
3, 0, ~, "Final Fantasy X"
3, 0, ;, 0, 0
3, 0, &, 0, 7, 127
3, 0, &, 0, 10, 64
3, 0, {, 0, 64, 110
3, 0, {, 0, 71, 110
3, 768, {, 0, 64, 0
3, 768, {, 0, 71, 0
3, 768, {, 0, 62, 110
3, 1152, {, 0, 62, 0
3, 1152, {, 0, 60, 110
3, 1920, {, 0, 60, 0
3, 2304, {, 0, 62, 110
3, 2304, {, 0, 69, 110
3, 3072, {, 0, 62, 0
3, 3072, {, 0, 69, 0
3, 3072, {, 0, 60, 110
3, 3456, {, 0, 60, 0
3, 3456, {, 0, 59, 110
3, 4224, {, 0, 59, 0
3, 4608, {, 0, 60, 110
3, 4800, {, 0, 67, 110
3, 4992, {, 0, 67, 0
3, 4992, {, 0, 74, 110
3, 5184, {, 0, 74, 0
3, 5184, {, 0, 72, 110
3, 5328, {, 0, 60, 0
3, 5376, {, 0, 72, 0
3, 5376, {, 0, 76, 110
3, 5568, {, 0, 76, 0
3, 5568, {, 0, 78, 110
3, 5760, {, 0, 78, 0
3, 5760, &, 0, 64, 0
3, 5760, &, 0, 64, 127
3, 5760, {, 0, 72, 110
3, 5760, {, 0, 76, 110
3, 5760, {, 0, 79, 110
3, 6528, {, 0, 72, 0
3, 6528, {, 0, 76, 0
3, 6528, {, 0, 79, 0
3, 6912, &, 0, 64, 0
3, 6912, &, 0, 64, 127
3, 6912, {, 0, 59, 110
3, 7104, {, 0, 66, 110
3, 7296, {, 0, 66, 0
3, 7296, {, 0, 71, 110
3, 7488, {, 0, 71, 0
3, 7488, {, 0, 73, 110
3, 7632, {, 0, 59, 0
3, 7680, {, 0, 73, 0
3, 7680, {, 0, 74, 110
3, 7872, {, 0, 74, 0
3, 7872, {, 0, 78, 110
3, 8064, {, 0, 78, 0
3, 8064, {, 0, 83, 110
3, 8832, {, 0, 83, 0
3, 9216, &, 0, 64, 0
3, 9216, &, 0, 64, 127
3, 9216, {, 0, 57, 110
3, 9408, {, 0, 64, 110
3, 9600, {, 0, 64, 0
3, 9600, {, 0, 71, 110
3, 9792, {, 0, 71, 0
3, 9792, {, 0, 69, 110
3, 9936, {, 0, 57, 0
3, 9984, {, 0, 69, 0
3, 9984, {, 0, 72, 110
3, 10176, {, 0, 72, 0
3, 10176, {, 0, 74, 110
3, 10368, {, 0, 74, 0
3, 10368, &, 0, 64, 0
3, 10368, &, 0, 64, 127
3, 10368, {, 0, 69, 110
3, 10368, {, 0, 72, 110
3, 10368, {, 0, 76, 110
3, 10560, {, 0, 69, 0
3, 10560, {, 0, 72, 0
3, 10560, {, 0, 76, 0
3, 11520, &, 0, 64, 0
3, 11520, &, 0, 64, 127
3, 11520, {, 0, 53, 110
3, 11712, {, 0, 60, 110
3, 11904, {, 0, 60, 0
3, 11904, {, 0, 65, 110
3, 12096, {, 0, 65, 0
3, 12096, {, 0, 67, 110
3, 12240, {, 0, 53, 0
3, 12288, {, 0, 67, 0
3, 12288, {, 0, 69, 110
3, 12480, {, 0, 69, 0
3, 12480, {, 0, 72, 110
3, 12672, {, 0, 72, 0
3, 12672, {, 0, 77, 110
3, 12864, {, 0, 77, 0
3, 12864, {, 0, 72, 110
3, 13056, {, 0, 72, 0
3, 13056, {, 0, 77, 110
3, 13248, {, 0, 77, 0
3, 13248, {, 0, 79, 110
3, 13440, {, 0, 79, 0
3, 13440, {, 0, 81, 110
3, 13632, {, 0, 81, 0
3, 13632, {, 0, 84, 110
3, 13824, {, 0, 84, 0
3, 13824, &, 0, 64, 0
3, 13824, &, 0, 64, 127
3, 13824, {, 0, 52, 110
3, 14016, {, 0, 59, 110
3, 14208, {, 0, 59, 0
3, 14208, {, 0, 64, 110
3, 14400, {, 0, 64, 0
3, 14400, {, 0, 66, 110
3, 14544, {, 0, 52, 0
3, 14592, {, 0, 66, 0
3, 14592, {, 0, 67, 110
3, 14784, {, 0, 67, 0
3, 14784, {, 0, 69, 110
3, 14976, {, 0, 69, 0
3, 14976, &, 0, 64, 0
3, 14976, &, 0, 64, 127
3, 14976, {, 0, 60, 110
3, 15168, {, 0, 60, 0
3, 15168, {, 0, 67, 110
3, 15360, {, 0, 67, 0
3, 15552, {, 0, 66, 110
3, 15744, {, 0, 66, 0
3, 15744, {, 0, 64, 110
3, 15936, {, 0, 64, 0
3, 15936, {, 0, 60, 110
3, 16128, {, 0, 60, 0
3, 16128, &, 0, 64, 0
3, 16128, &, 0, 64, 127
3, 16128, {, 0, 50, 110
3, 16320, {, 0, 57, 110
3, 16512, {, 0, 57, 0
3, 16512, {, 0, 62, 110
3, 16704, {, 0, 62, 0
3, 16704, {, 0, 64, 110
3, 16848, {, 0, 50, 0
3, 16896, {, 0, 64, 0
3, 16896, {, 0, 69, 110
3, 17088, {, 0, 69, 0
3, 17088, {, 0, 60, 110
3, 17280, {, 0, 60, 0
3, 17280, &, 0, 64, 0
3, 17280, &, 0, 64, 127
3, 17280, {, 0, 43, 110
3, 17472, {, 0, 50, 110
3, 17664, {, 0, 50, 0
3, 17664, {, 0, 55, 110
3, 17856, {, 0, 55, 0
3, 17856, {, 0, 57, 110
3, 18000, {, 0, 43, 0
3, 18048, {, 0, 57, 0
3, 18048, {, 0, 59, 110
3, 18240, {, 0, 59, 0
3, 18240, {, 0, 62, 110
3, 18432, {, 0, 62, 0
3, 18432, &, 0, 64, 0
3, 18432, &, 0, 64, 127
3, 18432, {, 0, 52, 110
3, 18624, {, 0, 59, 110
3, 18816, {, 0, 59, 0
3, 18816, {, 0, 64, 110
3, 19008, {, 0, 64, 0
3, 19008, {, 0, 66, 110
3, 19152, {, 0, 52, 0
3, 19200, {, 0, 66, 0
3, 19200, {, 0, 67, 110
3, 19392, {, 0, 67, 0
3, 19392, {, 0, 69, 110
3, 19584, {, 0, 69, 0
3, 19584, &, 0, 64, 0
3, 19584, &, 0, 64, 127
3, 19584, {, 0, 60, 110
3, 19776, {, 0, 60, 0
3, 19776, {, 0, 67, 110
3, 19968, {, 0, 67, 0
3, 20160, {, 0, 66, 110
3, 20352, {, 0, 66, 0
3, 20352, {, 0, 64, 110
3, 20544, {, 0, 64, 0
3, 20544, {, 0, 60, 110
3, 20736, {, 0, 60, 0
3, 20736, &, 0, 64, 0
3, 20736, &, 0, 64, 127
3, 20736, {, 0, 50, 110
3, 20928, {, 0, 57, 110
3, 21120, {, 0, 57, 0
3, 21120, {, 0, 62, 110
3, 21312, {, 0, 62, 0
3, 21312, {, 0, 64, 110
3, 21456, {, 0, 50, 0
3, 21504, {, 0, 64, 0
3, 21504, {, 0, 66, 110
3, 21696, {, 0, 66, 0
3, 21696, {, 0, 60, 110
3, 21888, {, 0, 60, 0
3, 21888, &, 0, 64, 0
3, 21888, &, 0, 64, 127
3, 21888, {, 0, 43, 110
3, 22080, {, 0, 50, 110
3, 22272, {, 0, 50, 0
3, 22272, {, 0, 55, 110
3, 22464, {, 0, 55, 0
3, 22464, {, 0, 57, 110
3, 22608, {, 0, 43, 0
3, 22656, {, 0, 57, 0
3, 22656, {, 0, 59, 110
3, 22848, {, 0, 59, 0
3, 22848, {, 0, 62, 110
3, 23040, {, 0, 62, 0
3, 23040, &, 0, 64, 0
3, 23040, &, 0, 64, 127
3, 23040, {, 0, 52, 110
3, 23232, {, 0, 59, 110
3, 23424, {, 0, 59, 0
3, 23424, {, 0, 64, 110
3, 23616, {, 0, 64, 0
3, 23616, {, 0, 66, 110
3, 23760, {, 0, 52, 0
3, 23808, {, 0, 66, 0
3, 23808, {, 0, 67, 110
3, 24000, {, 0, 67, 0
3, 24000, {, 0, 69, 110
3, 24192, {, 0, 69, 0
3, 24192, &, 0, 64, 0
3, 24192, &, 0, 64, 127
3, 24192, {, 0, 60, 110
3, 24384, {, 0, 60, 0
3, 24384, {, 0, 67, 110
3, 24576, {, 0, 67, 0
3, 24768, {, 0, 66, 110
3, 24960, {, 0, 66, 0
3, 24960, {, 0, 64, 110
3, 25152, {, 0, 64, 0
3, 25152, {, 0, 60, 110
3, 25344, {, 0, 60, 0
3, 25344, &, 0, 64, 0
3, 25344, &, 0, 64, 127
3, 25344, {, 0, 50, 110
3, 25536, {, 0, 57, 110
3, 25728, {, 0, 57, 0
3, 25728, {, 0, 62, 110
3, 25920, {, 0, 62, 0
3, 25920, {, 0, 64, 110
3, 26064, {, 0, 50, 0
3, 26112, {, 0, 64, 0
3, 26112, {, 0, 69, 110
3, 26304, {, 0, 69, 0
3, 26304, {, 0, 60, 110
3, 26496, {, 0, 60, 0
3, 26496, &, 0, 64, 0
3, 26496, &, 0, 64, 127
3, 26496, {, 0, 43, 110
3, 26688, {, 0, 50, 110
3, 26880, {, 0, 50, 0
3, 26880, {, 0, 55, 110
3, 27072, {, 0, 55, 0
3, 27072, {, 0, 57, 110
3, 27216, {, 0, 43, 0
3, 27264, {, 0, 57, 0
3, 27264, {, 0, 59, 110
3, 27456, {, 0, 59, 0
3, 27456, {, 0, 62, 110
3, 27648, {, 0, 62, 0
3, 27648, &, 0, 64, 0
3, 27648, &, 0, 64, 127
3, 27648, {, 0, 48, 110
3, 27840, {, 0, 55, 110
3, 28032, {, 0, 55, 0
3, 28032, {, 0, 60, 110
3, 28224, {, 0, 60, 0
3, 28224, {, 0, 55, 110
3, 28416, {, 0, 48, 0
3, 28416, {, 0, 55, 0
3, 28416, {, 0, 59, 110
3, 28608, {, 0, 59, 0
3, 28608, {, 0, 55, 110
3, 28800, {, 0, 55, 0
3, 28800, &, 0, 64, 0
3, 28800, &, 0, 64, 127
3, 28800, {, 0, 50, 110
3, 29568, {, 0, 50, 0
3, 29952, {, 0, 45, 110
3, 30144, {, 0, 52, 110
3, 30336, {, 0, 52, 0
3, 30336, {, 0, 57, 110
3, 30720, {, 0, 45, 0
3, 30720, {, 0, 57, 0
3, 30720, {, 0, 54, 110
3, 30720, {, 0, 59, 110
3, 31104, {, 0, 54, 0
3, 31104, {, 0, 59, 0
3, 31104, {, 0, 48, 110
3, 31296, {, 0, 55, 110
3, 31488, {, 0, 55, 0
3, 31488, {, 0, 60, 110
3, 31872, {, 0, 48, 0
3, 32256, {, 0, 60, 0
3, 33408, {, 0, 57, 110
3, 33600, {, 0, 64, 110
3, 33792, {, 0, 64, 0
3, 33792, {, 0, 69, 110
3, 33984, {, 0, 69, 0
3, 33984, {, 0, 71, 110
3, 34176, {, 0, 57, 0
3, 34176, {, 0, 71, 0
3, 34176, {, 0, 72, 110
3, 34368, {, 0, 72, 0
3, 34368, {, 0, 76, 110
3, 34560, {, 0, 76, 0
3, 34560, {, 0, 53, 110
3, 34752, {, 0, 60, 110
3, 34944, {, 0, 60, 0
3, 34944, {, 0, 65, 110
3, 35136, {, 0, 65, 0
3, 35136, {, 0, 67, 110
3, 35328, {, 0, 53, 0
3, 35328, {, 0, 67, 0
3, 35328, {, 0, 69, 110
3, 35520, {, 0, 69, 0
3, 35520, {, 0, 72, 110
3, 35712, {, 0, 72, 0
3, 35712, {, 0, 55, 110
3, 35904, {, 0, 62, 110
3, 36096, {, 0, 62, 0
3, 36096, {, 0, 67, 110
3, 36288, {, 0, 67, 0
3, 36288, {, 0, 69, 110
3, 36480, {, 0, 55, 0
3, 36480, {, 0, 69, 0
3, 36480, {, 0, 71, 110
3, 36672, {, 0, 71, 0
3, 36672, {, 0, 74, 110
3, 36864, {, 0, 74, 0
3, 36864, &, 0, 64, 0
3, 36864, &, 0, 64, 127
3, 36864, {, 0, 52, 110
3, 37056, {, 0, 59, 110
3, 37248, {, 0, 59, 0
3, 37248, {, 0, 64, 110
3, 37440, {, 0, 64, 0
3, 37440, {, 0, 66, 110
3, 37632, {, 0, 52, 0
3, 37632, {, 0, 66, 0
3, 37632, {, 0, 67, 110
3, 37824, {, 0, 67, 0
3, 37824, {, 0, 71, 110
3, 38016, {, 0, 71, 0
3, 38016, {, 0, 59, 110
3, 38208, {, 0, 66, 110
3, 38400, {, 0, 66, 0
3, 38400, {, 0, 71, 110
3, 38592, {, 0, 71, 0
3, 38592, {, 0, 73, 110
3, 38784, {, 0, 59, 0
3, 38784, {, 0, 73, 0
3, 38784, {, 0, 74, 110
3, 38976, {, 0, 74, 0
3, 38976, {, 0, 76, 110
3, 39168, {, 0, 76, 0
3, 39168, &, 0, 64, 0
3, 39168, &, 0, 64, 127
3, 39168, {, 0, 66, 110
3, 39936, {, 0, 66, 0
3, 40320, &, 0, 64, 0
3, 40320, &, 0, 64, 127
3, 40320, {, 0, 57, 110
3, 40512, {, 0, 64, 110
3, 40704, {, 0, 64, 0
3, 40704, {, 0, 69, 110
3, 40896, {, 0, 69, 0
3, 40896, {, 0, 71, 110
3, 41088, {, 0, 57, 0
3, 41088, {, 0, 71, 0
3, 41088, {, 0, 72, 110
3, 41280, {, 0, 72, 0
3, 41280, {, 0, 69, 110
3, 41472, {, 0, 69, 0
3, 41472, &, 0, 64, 0
3, 41472, &, 0, 64, 127
3, 41472, {, 0, 59, 110
3, 42240, {, 0, 59, 0
3, 42240, {, 0, 59, 110
3, 42432, {, 0, 59, 0
3, 42432, {, 0, 57, 110
3, 42624, {, 0, 57, 0
3, 42624, {, 0, 47, 110
3, 42816, {, 0, 54, 110
3, 43008, {, 0, 54, 0
3, 43008, {, 0, 59, 110
3, 43200, {, 0, 59, 0
3, 43200, {, 0, 61, 110
3, 43392, {, 0, 47, 0
3, 43392, {, 0, 61, 0
3, 43392, {, 0, 62, 110
3, 43584, {, 0, 62, 0
3, 43584, {, 0, 54, 110
3, 43776, {, 0, 54, 0
3, 43776, &, 0, 64, 0
3, 43776, &, 0, 64, 127
3, 43776, {, 0, 43, 110
3, 43968, {, 0, 50, 110
3, 44160, {, 0, 50, 0
3, 44160, {, 0, 55, 110
3, 44352, {, 0, 55, 0
3, 44352, {, 0, 57, 110
3, 44544, {, 0, 43, 0
3, 44544, {, 0, 57, 0
3, 44544, {, 0, 59, 110
3, 44736, {, 0, 59, 0
3, 44736, {, 0, 50, 110
3, 44928, {, 0, 50, 0
3, 44928, &, 0, 64, 0
3, 44928, &, 0, 64, 127
3, 44928, {, 0, 45, 110
3, 45120, {, 0, 52, 110
3, 45312, {, 0, 52, 0
3, 45312, {, 0, 57, 110
3, 45504, {, 0, 57, 0
3, 45504, {, 0, 59, 110
3, 45696, {, 0, 45, 0
3, 45696, {, 0, 59, 0
3, 45696, {, 0, 61, 110
3, 45888, {, 0, 61, 0
3, 45888, {, 0, 52, 110
3, 46080, {, 0, 52, 0
3, 46080, &, 0, 64, 0
3, 46080, &, 0, 64, 127
3, 46080, {, 0, 42, 110
3, 46272, {, 0, 49, 110
3, 46464, {, 0, 49, 0
3, 46464, {, 0, 54, 110
3, 46656, {, 0, 54, 0
3, 46656, {, 0, 56, 110
3, 46848, {, 0, 42, 0
3, 46848, {, 0, 56, 0
3, 46848, {, 0, 57, 110
3, 47040, {, 0, 57, 0
3, 47040, {, 0, 59, 110
3, 47232, {, 0, 59, 0
3, 47232, &, 0, 64, 0
3, 47232, &, 0, 64, 127
3, 47232, {, 0, 49, 110
3, 47232, {, 0, 56, 110
3, 48000, {, 0, 49, 0
3, 48000, {, 0, 56, 0
3, 48384, {, 0, 43, 110
3, 49152, {, 0, 43, 0
3, 49152, {, 0, 55, 110
3, 49152, {, 0, 59, 110
3, 49536, {, 0, 55, 0
3, 49536, {, 0, 59, 0
3, 49536, {, 0, 54, 110
3, 49536, {, 0, 57, 110
3, 50304, {, 0, 54, 0
3, 50304, {, 0, 57, 0
3, 50304, {, 0, 57, 110
3, 50304, {, 0, 64, 110
3, 50688, {, 0, 57, 0
3, 50688, {, 0, 64, 0
3, 50688, {, 0, 35, 110
3, 50880, {, 0, 47, 110
3, 51072, {, 0, 47, 0
3, 51072, {, 0, 51, 110
3, 51264, {, 0, 51, 0
3, 51264, {, 0, 54, 110
3, 51456, {, 0, 35, 0
3, 51456, {, 0, 54, 0
3, 51456, {, 0, 59, 110
3, 51648, {, 0, 59, 0
3, 51648, {, 0, 63, 110
3, 51840, {, 0, 63, 0
3, 51840, {, 0, 66, 110
3, 52032, {, 0, 66, 0
3, 54336, &, 0, 7, 0
3, 54336, {, 0, 83, 110
3, 55104, {, 0, 83, 0
3, 55104, \
0, 0, >

