0, 0, <, 1, 19, 480
1, 0, /
1, 0, ~, "\203X\203s\203\211\202Ì\217î\214i"
1, 0, (, ") tombery"
1, 0, ~, ""
1, 0, ^, "Setup"
1, 0, #, 0, "major"
1, 0, $, 1, 2, 24, 8
1, 0, %, 250000
1, 480, ^, "Setup"
1, 480, #, -1, "major"
1, 480, $, 4, 2, 24, 8
1, 480, %, 530973
1, 15840, ^, "Setup"
1, 15840, #, -1, "major"
1, 15840, $, 2, 2, 24, 8
1, 16800, ^, "Setup"
1, 16800, #, -1, "major"
1, 16800, $, 4, 2, 24, 8
1, 55200, %, 582524
1, 57120, %, 530973
1, 57120, \
2, 0, /
2, 0, ~, "Conductor track"
2, 480, |, "Start"
2, 57120, \
3, 0, /
3, 0, ~, "System Setup"
3, 0, ?, 5, 126, 127, 9, 1, 247
3, 480, \
4, 0, /
4, 0, ~, "CH #1"
4, 0, |, "Picked Bs."
4, 240, &, 0, 7, 100
4, 300, &, 0, 91, 120
4, 360, &, 0, 11, 100
4, 420, ;, 0, 34
4, 480, |, "Start"
4, 480, &, 0, 11, 100
4, 480, &, 0, 10, 64
4, 960, {, 0, 69, 127
4, 960, {, 0, 65, 127
4, 960, {, 0, 62, 127
4, 1080, {, 0, 69, 0
4, 1080, {, 0, 65, 0
4, 1080, {, 0, 62, 0
4, 1680, {, 0, 67, 127
4, 1680, {, 0, 64, 127
4, 1680, {, 0, 58, 127
4, 1800, {, 0, 67, 0
4, 1800, {, 0, 64, 0
4, 1800, {, 0, 58, 0
4, 2640, {, 0, 60, 127
4, 2880, {, 0, 65, 127
4, 2880, {, 0, 69, 127
4, 3000, {, 0, 60, 0
4, 3120, {, 0, 60, 127
4, 3240, {, 0, 65, 0
4, 3240, {, 0, 69, 0
4, 3480, {, 0, 60, 0
4, 3840, {, 0, 60, 127
4, 3840, {, 0, 64, 127
4, 3840, {, 0, 67, 127
4, 3960, {, 0, 60, 0
4, 3960, {, 0, 64, 0
4, 3960, {, 0, 67, 0
4, 4560, {, 0, 57, 127
4, 4800, {, 0, 57, 0
4, 4800, {, 0, 62, 127
4, 4800, {, 0, 69, 127
4, 5040, {, 0, 62, 0
4, 5040, {, 0, 69, 0
4, 5520, {, 0, 64, 127
4, 5520, {, 0, 60, 127
4, 5760, {, 0, 64, 0
4, 5760, {, 0, 60, 0
4, 5760, {, 0, 57, 127
4, 6000, {, 0, 57, 0
4, 6180, {, 0, 60, 127
4, 6240, {, 0, 60, 0
4, 6240, {, 0, 62, 127
4, 6480, {, 0, 62, 0
4, 7440, {, 0, 67, 127
4, 7680, {, 0, 67, 0
4, 7680, {, 0, 71, 127
4, 7920, {, 0, 71, 0
4, 7920, {, 0, 72, 127
4, 8160, {, 0, 72, 0
4, 8160, {, 0, 62, 127
4, 8640, {, 0, 62, 0
4, 8640, &, 0, 11, 45
4, 8640, {, 0, 62, 127
4, 8760, {, 0, 62, 0
4, 8880, &, 0, 11, 52
4, 8880, {, 0, 64, 127
4, 9120, {, 0, 64, 0
4, 9360, {, 0, 67, 127
4, 9600, {, 0, 67, 0
4, 9600, &, 0, 11, 100
4, 9840, {, 0, 72, 127
4, 10080, {, 0, 72, 0
4, 10560, &, 0, 11, 87
4, 10560, {, 0, 69, 127
4, 10800, {, 0, 69, 0
4, 10800, {, 0, 69, 127
4, 11040, {, 0, 69, 0
4, 11280, &, 0, 11, 79
4, 11280, {, 0, 67, 127
4, 11520, {, 0, 67, 0
4, 11520, &, 0, 11, 98
4, 11520, {, 0, 69, 127
4, 11760, {, 0, 69, 0
4, 11760, &, 0, 11, 87
4, 11760, {, 0, 67, 127
4, 12000, {, 0, 67, 0
4, 12000, &, 0, 11, 72
4, 12000, {, 0, 65, 127
4, 13200, {, 0, 65, 0
4, 13620, {, 0, 71, 127
4, 13680, {, 0, 71, 0
4, 13680, &, 0, 11, 99
4, 13680, {, 0, 74, 127
4, 13920, {, 0, 74, 0
4, 16320, &, 0, 11, 114
4, 16560, &, 0, 11, 74
4, 16800, &, 0, 11, 86
4, 16800, {, 0, 62, 127
4, 17280, {, 0, 62, 0
4, 17280, {, 0, 64, 127
4, 17520, {, 0, 64, 0
4, 17520, {, 0, 65, 127
4, 17700, {, 0, 62, 127
4, 17760, {, 0, 65, 0
4, 17760, {, 0, 62, 0
4, 17760, &, 0, 11, 114
4, 17760, {, 0, 64, 127
4, 18240, {, 0, 64, 0
4, 18240, &, 0, 11, 78
4, 18240, {, 0, 65, 127
4, 18480, {, 0, 65, 0
4, 18480, {, 0, 67, 127
4, 18720, {, 0, 67, 0
4, 18720, {, 0, 69, 127
4, 19200, {, 0, 69, 0
4, 19200, {, 0, 70, 127
4, 19440, {, 0, 70, 0
4, 19440, {, 0, 69, 127
4, 19680, {, 0, 69, 0
4, 19680, {, 0, 67, 127
4, 20640, {, 0, 67, 0
4, 20640, {, 0, 69, 127
4, 21120, {, 0, 69, 0
4, 21120, {, 0, 67, 127
4, 21360, {, 0, 67, 0
4, 21360, {, 0, 65, 127
4, 21600, {, 0, 65, 0
4, 21600, {, 0, 64, 127
4, 22560, {, 0, 64, 0
4, 22560, {, 0, 65, 127
4, 23040, {, 0, 65, 0
4, 23040, {, 0, 64, 127
4, 23280, {, 0, 64, 0
4, 23280, {, 0, 62, 127
4, 23520, {, 0, 62, 0
4, 23520, {, 0, 60, 127
4, 24480, {, 0, 60, 0
4, 24480, {, 0, 62, 127
4, 24960, {, 0, 62, 0
4, 24960, {, 0, 64, 127
4, 25200, {, 0, 64, 0
4, 25200, {, 0, 65, 127
4, 25380, {, 0, 62, 127
4, 25440, {, 0, 65, 0
4, 25440, {, 0, 62, 0
4, 25440, {, 0, 64, 127
4, 25920, {, 0, 64, 0
4, 25920, {, 0, 65, 127
4, 26160, {, 0, 65, 0
4, 26160, {, 0, 67, 127
4, 26400, {, 0, 67, 0
4, 26400, &, 0, 11, 106
4, 26400, {, 0, 69, 127
4, 26880, {, 0, 69, 0
4, 26880, &, 0, 11, 77
4, 26880, {, 0, 70, 127
4, 27120, {, 0, 70, 0
4, 27120, {, 0, 69, 127
4, 27360, {, 0, 69, 0
4, 27360, {, 0, 67, 127
4, 28320, {, 0, 67, 0
4, 28320, &, 0, 11, 106
4, 28320, {, 0, 69, 127
4, 28800, {, 0, 69, 0
4, 28800, &, 0, 11, 80
4, 28800, {, 0, 67, 127
4, 29040, {, 0, 67, 0
4, 29040, {, 0, 65, 127
4, 29280, {, 0, 65, 0
4, 29280, {, 0, 64, 127
4, 29760, {, 0, 64, 0
4, 29760, {, 0, 60, 127
4, 30180, {, 0, 58, 127
4, 30240, {, 0, 60, 0
4, 30240, {, 0, 58, 0
4, 30240, &, 0, 11, 104
4, 30240, {, 0, 60, 127
4, 30480, {, 0, 60, 0
4, 30480, &, 0, 11, 79
4, 30480, {, 0, 62, 127
4, 30660, {, 0, 60, 127
4, 30720, {, 0, 62, 0
4, 30720, {, 0, 60, 0
4, 30720, &, 0, 11, 90
4, 30720, {, 0, 62, 127
4, 31440, {, 0, 67, 127
4, 31680, {, 0, 67, 0
4, 31680, &, 0, 11, 24
4, 31680, {, 0, 74, 127
4, 31920, {, 0, 74, 0
4, 31920, &, 0, 11, 51
4, 31920, {, 0, 79, 127
4, 32160, {, 0, 62, 0
4, 32160, {, 0, 79, 0
4, 32160, &, 0, 11, 92
4, 32160, {, 0, 81, 127
4, 32640, {, 0, 81, 0
4, 32640, {, 0, 79, 127
4, 32880, {, 0, 79, 0
4, 32880, {, 0, 77, 127
4, 33120, {, 0, 77, 0
4, 33120, {, 0, 76, 127
4, 33600, {, 0, 76, 0
4, 33600, {, 0, 72, 127
4, 33960, {, 0, 69, 127
4, 34020, {, 0, 69, 0
4, 34020, {, 0, 70, 127
4, 34080, {, 0, 72, 0
4, 34080, {, 0, 70, 0
4, 34080, &, 0, 11, 115
4, 34080, {, 0, 72, 127
4, 34320, {, 0, 72, 0
4, 34320, {, 0, 74, 127
4, 34560, {, 0, 74, 0
4, 34560, {, 0, 74, 127
4, 35520, {, 0, 74, 0
4, 35520, {, 0, 69, 127
4, 35760, {, 0, 69, 0
4, 36000, &, 0, 11, 94
4, 36000, {, 0, 62, 127
4, 36480, {, 0, 62, 0
4, 36480, &, 0, 11, 79
4, 36480, {, 0, 64, 127
4, 36480, {, 0, 60, 127
4, 36720, {, 0, 64, 0
4, 36720, {, 0, 60, 0
4, 36720, {, 0, 65, 127
4, 36720, {, 0, 62, 127
4, 36960, {, 0, 65, 0
4, 36960, {, 0, 62, 0
4, 36960, {, 0, 64, 127
4, 36960, {, 0, 60, 127
4, 37440, {, 0, 64, 0
4, 37440, {, 0, 60, 0
4, 37440, {, 0, 65, 127
4, 37440, {, 0, 62, 127
4, 37680, {, 0, 65, 0
4, 37680, {, 0, 62, 0
4, 37680, {, 0, 67, 127
4, 37680, {, 0, 64, 127
4, 37920, {, 0, 67, 0
4, 37920, {, 0, 64, 0
4, 37920, {, 0, 69, 127
4, 37920, {, 0, 65, 127
4, 38400, {, 0, 69, 0
4, 38400, {, 0, 65, 0
4, 38400, {, 0, 70, 127
4, 38400, {, 0, 67, 127
4, 38640, {, 0, 70, 0
4, 38640, {, 0, 67, 0
4, 38640, {, 0, 69, 127
4, 38640, {, 0, 65, 127
4, 38880, {, 0, 69, 0
4, 38880, {, 0, 65, 0
4, 38880, &, 0, 11, 82
4, 38880, {, 0, 60, 127
4, 39840, {, 0, 60, 0
4, 39840, &, 0, 11, 95
4, 39840, {, 0, 69, 127
4, 40320, {, 0, 69, 0
4, 40320, {, 0, 67, 127
4, 40560, {, 0, 67, 0
4, 40560, {, 0, 65, 127
4, 40800, {, 0, 65, 0
4, 40800, {, 0, 64, 127
4, 41760, {, 0, 64, 0
4, 41760, {, 0, 65, 127
4, 42240, {, 0, 65, 0
4, 42240, {, 0, 64, 127
4, 42480, {, 0, 64, 0
4, 42480, {, 0, 62, 127
4, 42720, {, 0, 62, 0
4, 42720, {, 0, 60, 127
4, 42960, &, 0, 11, 113
4, 42960, {, 0, 67, 127
4, 43200, {, 0, 60, 0
4, 43200, {, 0, 67, 0
4, 43200, &, 0, 11, 80
4, 43200, {, 0, 64, 127
4, 43320, {, 0, 64, 0
4, 43320, {, 0, 62, 127
4, 43440, {, 0, 62, 0
4, 43440, {, 0, 60, 127
4, 43560, {, 0, 60, 0
4, 43680, {, 0, 62, 127
4, 44160, {, 0, 62, 0
4, 44160, &, 0, 11, 81
4, 44160, {, 0, 64, 127
4, 44160, {, 0, 60, 127
4, 44400, {, 0, 64, 0
4, 44400, {, 0, 60, 0
4, 44400, {, 0, 65, 127
4, 44400, {, 0, 62, 127
4, 44640, {, 0, 65, 0
4, 44640, {, 0, 62, 0
4, 44640, {, 0, 64, 127
4, 44640, {, 0, 60, 127
4, 45120, {, 0, 64, 0
4, 45120, {, 0, 60, 0
4, 45120, {, 0, 65, 127
4, 45120, {, 0, 62, 127
4, 45360, {, 0, 65, 0
4, 45360, {, 0, 62, 0
4, 45360, {, 0, 67, 127
4, 45360, {, 0, 64, 127
4, 45600, {, 0, 67, 0
4, 45600, {, 0, 64, 0
4, 45600, &, 0, 11, 112
4, 45600, {, 0, 69, 127
4, 45600, {, 0, 65, 127
4, 46080, {, 0, 69, 0
4, 46080, {, 0, 65, 0
4, 46080, &, 0, 11, 92
4, 46080, {, 0, 70, 127
4, 46080, {, 0, 67, 127
4, 46320, {, 0, 70, 0
4, 46320, {, 0, 67, 0
4, 46320, {, 0, 72, 127
4, 46320, {, 0, 69, 127
4, 46560, {, 0, 72, 0
4, 46560, {, 0, 69, 0
4, 46560, {, 0, 67, 127
4, 46560, {, 0, 64, 127
4, 47520, {, 0, 67, 0
4, 47520, {, 0, 64, 0
4, 47520, {, 0, 69, 127
4, 48000, {, 0, 69, 0
4, 48000, &, 0, 11, 107
4, 48000, {, 0, 67, 127
4, 48240, {, 0, 67, 0
4, 48240, &, 0, 11, 87
4, 48240, {, 0, 65, 127
4, 48480, {, 0, 65, 0
4, 48480, {, 0, 64, 127
4, 48960, {, 0, 64, 0
4, 48960, {, 0, 60, 127
4, 49440, {, 0, 60, 0
4, 49440, {, 0, 60, 127
4, 49440, {, 0, 57, 127
4, 49680, {, 0, 60, 0
4, 49680, {, 0, 57, 0
4, 49680, {, 0, 62, 127
4, 49680, {, 0, 59, 127
4, 49920, {, 0, 62, 0
4, 49920, {, 0, 59, 0
4, 49920, {, 0, 62, 127
4, 49920, {, 0, 59, 127
4, 50640, &, 0, 11, 97
4, 50640, {, 0, 67, 127
4, 50880, {, 0, 67, 0
4, 50880, &, 0, 11, 59
4, 50880, {, 0, 74, 127
4, 51000, {, 0, 74, 0
4, 51120, &, 0, 11, 72
4, 51120, {, 0, 79, 127
4, 51240, {, 0, 79, 0
4, 51360, {, 0, 62, 0
4, 51360, {, 0, 59, 0
4, 51360, {, 0, 81, 127
4, 51840, {, 0, 81, 0
4, 51840, {, 0, 79, 127
4, 52080, {, 0, 79, 0
4, 52080, {, 0, 77, 127
4, 52320, {, 0, 77, 0
4, 52320, {, 0, 76, 127
4, 52800, {, 0, 76, 0
4, 52800, {, 0, 72, 127
4, 53220, {, 0, 70, 127
4, 53280, {, 0, 72, 0
4, 53280, {, 0, 70, 0
4, 53280, {, 0, 72, 127
4, 53520, {, 0, 72, 0
4, 53520, {, 0, 74, 127
4, 53700, {, 0, 72, 127
4, 53760, {, 0, 74, 0
4, 53760, {, 0, 72, 0
4, 53760, {, 0, 74, 127
4, 55200, {, 0, 74, 0
4, 55200, &, 0, 11, 87
4, 55200, {, 0, 62, 127
4, 56160, {, 0, 62, 0
4, 56160, &, 0, 11, 63
4, 56160, {, 0, 64, 127
4, 56640, {, 0, 64, 0
4, 56640, &, 0, 11, 90
4, 56640, {, 0, 65, 127
4, 56880, {, 0, 65, 0
4, 56880, {, 0, 67, 127
4, 57120, {, 0, 67, 0
4, 57120, &, 0, 11, 120
4, 57120, {, 0, 69, 127
4, 57600, {, 0, 69, 0
4, 57600, &, 0, 11, 100
4, 57600, {, 0, 72, 127
4, 58080, {, 0, 72, 0
4, 58080, &, 0, 11, 115
4, 58080, {, 0, 67, 127
4, 59040, {, 0, 67, 0
4, 59040, &, 0, 11, 120
4, 59040, {, 0, 69, 127
4, 59520, {, 0, 69, 0
4, 59520, &, 0, 11, 99
4, 59520, {, 0, 67, 127
4, 59760, {, 0, 67, 0
4, 59760, {, 0, 65, 127
4, 60000, {, 0, 65, 0
4, 60000, {, 0, 62, 127
4, 60240, {, 0, 62, 0
4, 60240, {, 0, 65, 127
4, 60480, {, 0, 65, 0
4, 60480, &, 0, 11, 116
4, 60480, {, 0, 65, 127
4, 60720, {, 0, 65, 0
4, 60720, &, 0, 11, 102
4, 60720, {, 0, 67, 127
4, 60960, {, 0, 67, 0
4, 60960, &, 0, 11, 120
4, 60960, {, 0, 69, 127
4, 61380, &, 0, 11, 99
4, 61440, {, 0, 69, 0
4, 61440, {, 0, 72, 127
4, 61920, {, 0, 72, 0
4, 61920, &, 0, 11, 113
4, 61920, {, 0, 67, 127
4, 62400, {, 0, 67, 0
4, 62400, &, 0, 11, 100
4, 62400, {, 0, 65, 127
4, 62640, {, 0, 65, 0
4, 62640, {, 0, 64, 127
4, 62880, {, 0, 64, 0
4, 62880, &, 0, 11, 84
4, 62880, {, 0, 62, 127
4, 64320, {, 0, 62, 0
4, 64320, {, 0, 65, 127
4, 64560, {, 0, 65, 0
4, 64560, {, 0, 67, 127
4, 64800, {, 0, 67, 0
4, 64800, {, 0, 69, 127
4, 65280, {, 0, 69, 0
4, 65280, &, 0, 11, 109
4, 65280, {, 0, 72, 127
4, 65760, {, 0, 72, 0
4, 65760, &, 0, 11, 94
4, 65760, {, 0, 67, 127
4, 66720, {, 0, 67, 0
4, 66720, &, 0, 11, 116
4, 66720, {, 0, 69, 127
4, 67200, {, 0, 69, 0
4, 67200, &, 0, 11, 95
4, 67200, {, 0, 67, 127
4, 67440, {, 0, 67, 0
4, 67440, {, 0, 65, 127
4, 67680, {, 0, 65, 0
4, 67680, {, 0, 62, 127
4, 67920, {, 0, 62, 0
4, 67920, {, 0, 65, 127
4, 68160, {, 0, 65, 0
4, 68160, {, 0, 65, 127
4, 68400, {, 0, 65, 0
4, 68400, {, 0, 67, 127
4, 68640, {, 0, 67, 0
4, 68640, {, 0, 69, 127
4, 69120, {, 0, 69, 0
4, 69120, &, 0, 11, 113
4, 69120, {, 0, 72, 127
4, 69600, {, 0, 72, 0
4, 69600, &, 0, 11, 97
4, 69600, {, 0, 76, 127
4, 70080, {, 0, 76, 0
4, 70080, &, 0, 11, 114
4, 70080, {, 0, 72, 127
4, 70560, {, 0, 72, 0
4, 70560, &, 0, 11, 98
4, 70560, {, 0, 74, 127
4, 72000, {, 0, 74, 0
4, 72960, {, 0, 74, 127
4, 72960, {, 0, 65, 127
4, 73440, {, 0, 74, 0
4, 73440, {, 0, 65, 0
4, 73440, {, 0, 72, 127
4, 73440, {, 0, 64, 127
4, 73920, {, 0, 72, 0
4, 73920, {, 0, 64, 0
4, 73920, {, 0, 70, 127
4, 73920, {, 0, 62, 127
4, 74400, {, 0, 70, 0
4, 74400, {, 0, 62, 0
4, 74400, {, 0, 69, 127
4, 74400, {, 0, 60, 127
4, 76320, {, 0, 69, 0
4, 76320, {, 0, 60, 0
4, 76800, {, 0, 72, 127
4, 76800, {, 0, 64, 127
4, 77280, {, 0, 72, 0
4, 77280, {, 0, 64, 0
4, 77280, {, 0, 69, 127
4, 77280, {, 0, 60, 127
4, 77760, {, 0, 69, 0
4, 77760, {, 0, 60, 0
4, 77760, {, 0, 64, 127
4, 77760, {, 0, 55, 127
4, 78240, {, 0, 64, 0
4, 78240, {, 0, 55, 0
4, 78240, {, 0, 62, 127
4, 78240, {, 0, 53, 127
4, 78480, {, 0, 62, 0
4, 78480, {, 0, 53, 0
4, 78480, {, 0, 65, 127
4, 78720, {, 0, 65, 0
4, 78720, {, 0, 65, 127
4, 79200, {, 0, 65, 0
4, 79440, {, 0, 65, 127
4, 79680, {, 0, 65, 0
4, 79920, {, 0, 67, 127
4, 80040, {, 0, 67, 0
4, 80160, {, 0, 69, 127
4, 80640, {, 0, 69, 0
4, 80640, {, 0, 69, 127
4, 80640, {, 0, 65, 127
4, 81120, {, 0, 69, 0
4, 81120, {, 0, 65, 0
4, 81120, {, 0, 67, 127
4, 81120, {, 0, 64, 127
4, 81600, {, 0, 67, 0
4, 81600, {, 0, 64, 0
4, 81600, {, 0, 65, 127
4, 81600, {, 0, 62, 127
4, 82080, {, 0, 65, 0
4, 82080, {, 0, 62, 0
4, 82080, {, 0, 67, 127
4, 82320, {, 0, 67, 0
4, 82320, {, 0, 69, 127
4, 82560, {, 0, 69, 0
4, 82560, {, 0, 60, 127
4, 84000, {, 0, 60, 0
4, 84480, {, 0, 69, 127
4, 84960, {, 0, 69, 0
4, 84960, {, 0, 76, 127
4, 85440, {, 0, 76, 0
4, 85440, {, 0, 72, 127
4, 85920, {, 0, 72, 0
4, 89760, &, 0, 11, 94
4, 89760, {, 0, 62, 127
4, 90240, {, 0, 62, 0
4, 90240, &, 0, 11, 79
4, 90240, {, 0, 64, 127
4, 90240, {, 0, 60, 127
4, 90480, {, 0, 64, 0
4, 90480, {, 0, 60, 0
4, 90480, {, 0, 65, 127
4, 90480, {, 0, 62, 127
4, 90720, {, 0, 65, 0
4, 90720, {, 0, 62, 0
4, 90720, {, 0, 64, 127
4, 90720, {, 0, 60, 127
4, 91200, {, 0, 64, 0
4, 91200, {, 0, 60, 0
4, 91200, {, 0, 65, 127
4, 91200, {, 0, 62, 127
4, 91440, {, 0, 65, 0
4, 91440, {, 0, 62, 0
4, 91440, {, 0, 67, 127
4, 91440, {, 0, 64, 127
4, 91680, {, 0, 67, 0
4, 91680, {, 0, 64, 0
4, 91680, {, 0, 69, 127
4, 91680, {, 0, 65, 127
4, 92160, {, 0, 69, 0
4, 92160, {, 0, 65, 0
4, 92160, {, 0, 70, 127
4, 92160, {, 0, 67, 127
4, 92400, {, 0, 70, 0
4, 92400, {, 0, 67, 0
4, 92400, {, 0, 69, 127
4, 92400, {, 0, 65, 127
4, 92640, {, 0, 69, 0
4, 92640, {, 0, 65, 0
4, 92640, &, 0, 11, 82
4, 92640, {, 0, 60, 127
4, 93600, {, 0, 60, 0
4, 93600, &, 0, 11, 95
4, 93600, {, 0, 69, 127
4, 94080, {, 0, 69, 0
4, 94080, {, 0, 67, 127
4, 94320, {, 0, 67, 0
4, 94320, {, 0, 65, 127
4, 94560, {, 0, 65, 0
4, 94560, {, 0, 64, 127
4, 95520, {, 0, 64, 0
4, 95520, {, 0, 65, 127
4, 96000, {, 0, 65, 0
4, 96000, {, 0, 64, 127
4, 96240, {, 0, 64, 0
4, 96240, {, 0, 62, 127
4, 96480, {, 0, 62, 0
4, 96480, {, 0, 60, 127
4, 96720, &, 0, 11, 113
4, 96720, {, 0, 67, 127
4, 96960, {, 0, 60, 0
4, 96960, {, 0, 67, 0
4, 96960, &, 0, 11, 80
4, 96960, {, 0, 64, 127
4, 97080, {, 0, 64, 0
4, 97080, {, 0, 62, 127
4, 97200, {, 0, 62, 0
4, 97200, {, 0, 60, 127
4, 97320, {, 0, 60, 0
4, 97440, {, 0, 62, 127
4, 97920, {, 0, 62, 0
4, 97920, &, 0, 11, 81
4, 97920, {, 0, 64, 127
4, 97920, {, 0, 60, 127
4, 98160, {, 0, 64, 0
4, 98160, {, 0, 60, 0
4, 98160, {, 0, 65, 127
4, 98160, {, 0, 62, 127
4, 98400, {, 0, 65, 0
4, 98400, {, 0, 62, 0
4, 98400, {, 0, 64, 127
4, 98400, {, 0, 60, 127
4, 98880, {, 0, 64, 0
4, 98880, {, 0, 60, 0
4, 98880, {, 0, 65, 127
4, 98880, {, 0, 62, 127
4, 99120, {, 0, 65, 0
4, 99120, {, 0, 62, 0
4, 99120, {, 0, 67, 127
4, 99120, {, 0, 64, 127
4, 99360, {, 0, 67, 0
4, 99360, {, 0, 64, 0
4, 99360, &, 0, 11, 112
4, 99360, {, 0, 69, 127
4, 99360, {, 0, 65, 127
4, 99840, {, 0, 69, 0
4, 99840, {, 0, 65, 0
4, 99840, &, 0, 11, 92
4, 99840, {, 0, 70, 127
4, 99840, {, 0, 67, 127
4, 100080, {, 0, 70, 0
4, 100080, {, 0, 67, 0
4, 100080, {, 0, 72, 127
4, 100080, {, 0, 69, 127
4, 100320, {, 0, 72, 0
4, 100320, {, 0, 69, 0
4, 100320, {, 0, 67, 127
4, 100320, {, 0, 64, 127
4, 101280, {, 0, 67, 0
4, 101280, {, 0, 64, 0
4, 101280, {, 0, 69, 127
4, 101760, {, 0, 69, 0
4, 101760, &, 0, 11, 107
4, 101760, {, 0, 67, 127
4, 102000, {, 0, 67, 0
4, 102000, &, 0, 11, 87
4, 102000, {, 0, 65, 127
4, 102240, {, 0, 65, 0
4, 102240, {, 0, 64, 127
4, 102720, {, 0, 64, 0
4, 102720, {, 0, 60, 127
4, 103200, {, 0, 60, 0
4, 103200, {, 0, 60, 127
4, 103200, {, 0, 57, 127
4, 103440, {, 0, 60, 0
4, 103440, {, 0, 57, 0
4, 103440, {, 0, 62, 127
4, 103440, {, 0, 59, 127
4, 103680, {, 0, 62, 0
4, 103680, {, 0, 59, 0
4, 103680, {, 0, 62, 127
4, 103680, {, 0, 59, 127
4, 104400, &, 0, 11, 97
4, 104400, {, 0, 67, 127
4, 104640, {, 0, 67, 0
4, 104640, &, 0, 11, 59
4, 104640, {, 0, 74, 127
4, 104760, {, 0, 74, 0
4, 104880, &, 0, 11, 72
4, 104880, {, 0, 79, 127
4, 105000, {, 0, 79, 0
4, 105120, {, 0, 62, 0
4, 105120, {, 0, 59, 0
4, 105120, {, 0, 81, 127
4, 105600, {, 0, 81, 0
4, 105600, {, 0, 79, 127
4, 105840, {, 0, 79, 0
4, 105840, {, 0, 77, 127
4, 106080, {, 0, 77, 0
4, 106080, {, 0, 76, 127
4, 106560, {, 0, 76, 0
4, 106560, {, 0, 72, 127
4, 106980, {, 0, 70, 127
4, 107040, {, 0, 72, 0
4, 107040, {, 0, 70, 0
4, 107040, {, 0, 72, 127
4, 107280, {, 0, 72, 0
4, 107280, {, 0, 74, 127
4, 107460, {, 0, 72, 127
4, 107520, {, 0, 74, 0
4, 107520, {, 0, 72, 0
4, 107520, {, 0, 74, 127
4, 108960, {, 0, 74, 0
4, 108960, &, 0, 11, 80
4, 108960, {, 0, 40, 127
4, 108960, {, 0, 56, 127
4, 109020, &, 0, 11, 58
4, 109020, {, 0, 50, 127
4, 109020, {, 0, 61, 127
4, 109080, {, 0, 56, 0
4, 109140, {, 0, 61, 0
4, 109140, {, 0, 64, 127
4, 109260, {, 0, 64, 0
4, 109260, {, 0, 71, 127
4, 109380, {, 0, 71, 0
4, 109380, &, 0, 11, 73
4, 109380, {, 0, 76, 127
4, 109440, &, 0, 11, 61
4, 109440, {, 0, 64, 127
4, 109500, {, 0, 76, 0
4, 109560, {, 0, 64, 0
4, 109560, &, 0, 11, 81
4, 109560, {, 0, 62, 127
4, 109620, &, 0, 11, 63
4, 109620, {, 0, 67, 127
4, 109680, {, 0, 62, 0
4, 109680, &, 0, 11, 60
4, 109740, {, 0, 67, 0
4, 109740, &, 0, 11, 63
4, 109740, {, 0, 71, 127
4, 109860, {, 0, 71, 0
4, 109860, {, 0, 76, 127
4, 109920, {, 0, 40, 0
4, 109920, &, 0, 11, 65
4, 109920, {, 0, 83, 127
4, 109980, {, 0, 76, 0
4, 109980, {, 0, 50, 0
4, 110040, {, 0, 83, 0
4, 110700, {, 0, 40, 127
4, 110760, {, 0, 46, 127
4, 110820, {, 0, 53, 127
4, 110880, {, 0, 57, 127
4, 110940, {, 0, 62, 127
4, 111000, {, 0, 67, 127
4, 112620, {, 0, 40, 0
4, 112680, {, 0, 46, 0
4, 112740, {, 0, 53, 0
4, 112800, {, 0, 57, 0
4, 112800, {, 0, 69, 127
4, 112860, {, 0, 62, 0
4, 112920, {, 0, 67, 0
4, 114720, {, 0, 69, 0
4, 114720, \
5, 0, /
5, 0, ~, "CH #2"
5, 0, |, "Picked Bs."
5, 240, &, 1, 7, 100
5, 300, &, 1, 91, 100
5, 360, &, 1, 11, 100
5, 420, ;, 1, 34
5, 480, |, "Start"
5, 480, &, 1, 11, 100
5, 480, &, 1, 10, 64
5, 480, {, 1, 50, 127
5, 960, {, 1, 50, 0
5, 1200, {, 1, 57, 127
5, 1440, {, 1, 57, 0
5, 1440, {, 1, 48, 127
5, 1680, {, 1, 48, 0
5, 1920, &, 1, 11, 68
5, 1920, {, 1, 55, 127
5, 2160, {, 1, 55, 0
5, 2160, &, 1, 11, 126
5, 2160, {, 1, 53, 127
5, 2400, {, 1, 53, 0
5, 3300, {, 1, 50, 127
5, 3360, {, 1, 50, 0
5, 3360, {, 1, 48, 127
5, 3600, {, 1, 48, 0
5, 3600, {, 1, 55, 127
5, 4080, {, 1, 55, 0
5, 4320, &, 1, 11, 99
5, 4320, {, 1, 46, 127
5, 4800, {, 1, 46, 0
5, 5040, {, 1, 45, 127
5, 5760, {, 1, 45, 0
5, 5940, {, 1, 45, 127
5, 6000, {, 1, 45, 0
5, 6000, {, 1, 43, 127
5, 6420, {, 1, 52, 127
5, 6480, {, 1, 43, 0
5, 6480, {, 1, 52, 0
5, 6480, &, 1, 11, 73
5, 6480, {, 1, 53, 127
5, 6720, {, 1, 53, 0
5, 6720, {, 1, 59, 127
5, 6960, {, 1, 59, 0
5, 6960, &, 1, 11, 54
5, 6960, {, 1, 62, 127
5, 7920, {, 1, 62, 0
5, 8160, &, 1, 11, 96
5, 8160, {, 1, 50, 127
5, 8640, {, 1, 50, 0
5, 8640, {, 1, 62, 127
5, 8640, {, 1, 65, 127
5, 8880, {, 1, 62, 0
5, 8880, {, 1, 65, 0
5, 8880, {, 1, 57, 127
5, 9120, {, 1, 57, 0
5, 9120, {, 1, 48, 127
5, 9360, {, 1, 48, 0
5, 9360, {, 1, 58, 127
5, 9360, {, 1, 64, 127
5, 9600, {, 1, 58, 0
5, 9600, {, 1, 64, 0
5, 9600, {, 1, 55, 127
5, 9840, {, 1, 55, 0
5, 9840, {, 1, 53, 127
5, 10080, {, 1, 53, 0
5, 10320, {, 1, 60, 127
5, 10560, {, 1, 60, 0
5, 10560, {, 1, 65, 127
5, 10560, {, 1, 69, 127
5, 10800, {, 1, 65, 0
5, 10800, {, 1, 69, 0
5, 10800, {, 1, 60, 127
5, 11040, {, 1, 60, 0
5, 11040, {, 1, 46, 127
5, 11280, {, 1, 46, 0
5, 11280, {, 1, 53, 127
5, 11520, {, 1, 53, 0
5, 11520, {, 1, 57, 127
5, 11520, {, 1, 62, 127
5, 11760, {, 1, 57, 0
5, 11760, {, 1, 62, 0
5, 11880, {, 1, 45, 127
5, 11940, {, 1, 45, 0
5, 11940, {, 1, 46, 127
5, 12000, {, 1, 46, 0
5, 12000, {, 1, 43, 127
5, 12240, {, 1, 43, 0
5, 12240, {, 1, 53, 127
5, 12480, {, 1, 53, 0
5, 12480, {, 1, 57, 127
5, 12720, {, 1, 57, 0
5, 12720, {, 1, 58, 127
5, 12960, {, 1, 58, 0
5, 12960, {, 1, 60, 127
5, 13200, {, 1, 60, 0
5, 13200, {, 1, 62, 127
5, 13440, {, 1, 62, 0
5, 13440, {, 1, 64, 127
5, 13680, {, 1, 64, 0
5, 13680, {, 1, 55, 127
5, 13680, {, 1, 45, 127
5, 13920, {, 1, 55, 0
5, 13920, {, 1, 45, 0
5, 16080, {, 1, 67, 127
5, 16080, {, 1, 60, 127
5, 16080, {, 1, 55, 127
5, 16080, {, 1, 45, 127
5, 16320, {, 1, 67, 0
5, 16320, {, 1, 60, 0
5, 16320, &, 1, 11, 118
5, 16320, {, 1, 57, 127
5, 16560, {, 1, 57, 0
5, 16560, {, 1, 55, 0
5, 16560, {, 1, 45, 0
5, 16560, &, 1, 11, 74
5, 16800, &, 1, 11, 93
5, 16800, {, 1, 50, 127
5, 17040, {, 1, 50, 0
5, 17040, &, 1, 11, 52
5, 17040, {, 1, 53, 127
5, 17280, {, 1, 53, 0
5, 17280, &, 1, 11, 115
5, 17280, {, 1, 57, 127
5, 17520, {, 1, 57, 0
5, 17760, &, 1, 11, 98
5, 17760, {, 1, 48, 127
5, 18000, {, 1, 48, 0
5, 18000, {, 1, 55, 127
5, 18240, {, 1, 55, 0
5, 18240, {, 1, 58, 127
5, 18360, {, 1, 58, 0
5, 18480, &, 1, 11, 61
5, 18480, {, 1, 53, 127
5, 18720, {, 1, 53, 0
5, 18720, &, 1, 11, 68
5, 18960, {, 1, 57, 127
5, 19200, {, 1, 57, 0
5, 19200, {, 1, 60, 127
5, 19680, {, 1, 60, 0
5, 19680, {, 1, 48, 127
5, 19860, {, 1, 53, 127
5, 19920, {, 1, 48, 0
5, 19920, {, 1, 53, 0
5, 19920, &, 1, 11, 111
5, 19920, {, 1, 55, 127
5, 20160, {, 1, 55, 0
5, 20160, &, 1, 11, 81
5, 20160, {, 1, 58, 127
5, 20640, {, 1, 58, 0
5, 20640, {, 1, 46, 127
5, 20880, {, 1, 46, 0
5, 20880, &, 1, 11, 111
5, 20880, {, 1, 53, 127
5, 21120, {, 1, 53, 0
5, 21120, &, 1, 11, 87
5, 21120, {, 1, 57, 127
5, 21360, {, 1, 57, 0
5, 21360, &, 1, 11, 113
5, 21360, {, 1, 45, 127
5, 21840, {, 1, 45, 0
5, 21840, &, 1, 11, 82
5, 21840, {, 1, 52, 127
5, 22080, {, 1, 52, 0
5, 22080, {, 1, 55, 127
5, 22260, {, 1, 52, 127
5, 22320, {, 1, 55, 0
5, 22320, {, 1, 52, 0
5, 22320, {, 1, 50, 127
5, 22560, {, 1, 50, 0
5, 22740, {, 1, 52, 127
5, 22800, {, 1, 52, 0
5, 22800, &, 1, 11, 109
5, 22800, {, 1, 53, 127
5, 23040, {, 1, 53, 0
5, 23040, {, 1, 57, 127
5, 23280, {, 1, 57, 0
5, 23760, &, 1, 11, 74
5, 23760, {, 1, 55, 127
5, 24000, {, 1, 55, 0
5, 24000, {, 1, 52, 127
5, 24120, {, 1, 52, 0
5, 24240, {, 1, 48, 127
5, 24360, {, 1, 48, 0
5, 24480, &, 1, 11, 83
5, 24480, {, 1, 50, 127
5, 24600, {, 1, 50, 0
5, 24720, {, 1, 53, 127
5, 24840, {, 1, 53, 0
5, 24960, {, 1, 57, 127
5, 25200, {, 1, 57, 0
5, 25440, {, 1, 48, 127
5, 25680, {, 1, 48, 0
5, 25680, &, 1, 11, 100
5, 25680, {, 1, 55, 127
5, 25800, {, 1, 55, 0
5, 25920, &, 1, 11, 106
5, 25920, {, 1, 58, 127
5, 26160, {, 1, 58, 0
5, 26160, &, 1, 11, 77
5, 26160, {, 1, 53, 127
5, 26640, {, 1, 53, 0
5, 26640, {, 1, 57, 127
5, 26880, {, 1, 57, 0
5, 26880, {, 1, 60, 127
5, 27120, {, 1, 60, 0
5, 27360, {, 1, 48, 127
5, 27540, {, 1, 53, 127
5, 27600, {, 1, 48, 0
5, 27600, {, 1, 53, 0
5, 27600, {, 1, 55, 127
5, 27840, {, 1, 55, 0
5, 27840, {, 1, 58, 127
5, 28080, {, 1, 58, 0
5, 28320, &, 1, 11, 94
5, 28320, {, 1, 46, 127
5, 28560, {, 1, 46, 0
5, 28560, {, 1, 53, 127
5, 28680, {, 1, 53, 0
5, 28800, {, 1, 57, 127
5, 29040, {, 1, 57, 0
5, 29040, {, 1, 45, 127
5, 29520, {, 1, 45, 0
5, 29520, {, 1, 52, 127
5, 29760, {, 1, 52, 0
5, 29760, {, 1, 55, 127
5, 29940, {, 1, 41, 127
5, 30000, {, 1, 55, 0
5, 30000, {, 1, 41, 0
5, 30000, &, 1, 11, 104
5, 30000, {, 1, 43, 127
5, 30240, {, 1, 43, 0
5, 30420, {, 1, 52, 127
5, 30480, {, 1, 52, 0
5, 30480, {, 1, 53, 127
5, 30720, {, 1, 53, 0
5, 30720, &, 1, 11, 76
5, 30720, {, 1, 59, 127
5, 30960, {, 1, 59, 0
5, 30960, {, 1, 62, 127
5, 31200, {, 1, 62, 0
5, 31440, {, 1, 55, 127
5, 31680, {, 1, 55, 0
5, 31680, {, 1, 52, 127
5, 31920, {, 1, 52, 0
5, 31920, {, 1, 48, 127
5, 32160, {, 1, 48, 0
5, 32160, {, 1, 46, 127
5, 32400, {, 1, 46, 0
5, 32400, {, 1, 53, 127
5, 32520, {, 1, 53, 0
5, 32640, {, 1, 57, 127
5, 32880, {, 1, 57, 0
5, 32880, {, 1, 45, 127
5, 33360, {, 1, 45, 0
5, 33360, {, 1, 52, 127
5, 33600, {, 1, 52, 0
5, 33600, {, 1, 55, 127
5, 33840, {, 1, 55, 0
5, 33840, {, 1, 52, 127
5, 34080, {, 1, 52, 0
5, 34080, &, 1, 11, 108
5, 34080, {, 1, 43, 127
5, 34140, {, 1, 50, 127
5, 34200, {, 1, 53, 127
5, 34560, {, 1, 43, 0
5, 34560, &, 1, 11, 113
5, 34620, {, 1, 50, 0
5, 34680, {, 1, 53, 0
5, 34800, {, 1, 45, 127
5, 34860, {, 1, 52, 127
5, 34920, {, 1, 55, 127
5, 35280, {, 1, 45, 0
5, 35340, {, 1, 52, 0
5, 35400, {, 1, 55, 0
5, 36000, &, 1, 11, 84
5, 36000, {, 1, 50, 127
5, 36240, {, 1, 50, 0
5, 36240, {, 1, 53, 127
5, 36480, {, 1, 53, 0
5, 36480, {, 1, 57, 127
5, 36720, {, 1, 57, 0
5, 36960, {, 1, 48, 127
5, 37200, {, 1, 48, 0
5, 37200, {, 1, 55, 127
5, 37440, {, 1, 55, 0
5, 37440, {, 1, 58, 127
5, 37680, {, 1, 58, 0
5, 37680, {, 1, 53, 127
5, 37920, {, 1, 53, 0
5, 38160, {, 1, 57, 127
5, 38400, {, 1, 57, 0
5, 38400, {, 1, 60, 127
5, 38640, {, 1, 60, 0
5, 38880, &, 1, 11, 119
5, 38880, {, 1, 48, 127
5, 39060, {, 1, 53, 127
5, 39120, {, 1, 48, 0
5, 39120, {, 1, 53, 0
5, 39120, &, 1, 11, 94
5, 39120, {, 1, 55, 127
5, 39360, {, 1, 55, 0
5, 39360, {, 1, 58, 127
5, 39600, {, 1, 58, 0
5, 39840, {, 1, 46, 127
5, 40080, {, 1, 46, 0
5, 40080, {, 1, 53, 127
5, 40320, {, 1, 53, 0
5, 40320, {, 1, 57, 127
5, 40560, {, 1, 57, 0
5, 40560, {, 1, 45, 127
5, 40800, {, 1, 45, 0
5, 41040, {, 1, 52, 127
5, 41280, {, 1, 52, 0
5, 41280, {, 1, 55, 127
5, 41460, {, 1, 48, 127
5, 41520, {, 1, 55, 0
5, 41520, {, 1, 48, 0
5, 41520, &, 1, 11, 109
5, 41520, {, 1, 50, 127
5, 41760, {, 1, 50, 0
5, 41940, {, 1, 52, 127
5, 42000, {, 1, 52, 0
5, 42000, {, 1, 53, 127
5, 42240, {, 1, 53, 0
5, 42240, &, 1, 11, 78
5, 42240, {, 1, 57, 127
5, 42480, {, 1, 57, 0
5, 42960, {, 1, 55, 127
5, 43200, {, 1, 55, 0
5, 43200, {, 1, 52, 127
5, 43320, {, 1, 52, 0
5, 43440, {, 1, 48, 127
5, 43680, {, 1, 48, 0
5, 43680, {, 1, 50, 127
5, 43920, {, 1, 50, 0
5, 43920, {, 1, 53, 127
5, 44160, {, 1, 53, 0
5, 44160, {, 1, 57, 127
5, 44400, {, 1, 57, 0
5, 44640, {, 1, 48, 127
5, 44880, {, 1, 48, 0
5, 44880, {, 1, 55, 127
5, 45120, {, 1, 55, 0
5, 45120, {, 1, 58, 127
5, 45360, {, 1, 58, 0
5, 45360, {, 1, 53, 127
5, 45600, {, 1, 53, 0
5, 45840, {, 1, 57, 127
5, 46080, {, 1, 57, 0
5, 46080, {, 1, 60, 127
5, 46320, {, 1, 60, 0
5, 46560, &, 1, 11, 97
5, 46560, {, 1, 48, 127
5, 46740, {, 1, 53, 127
5, 46800, {, 1, 48, 0
5, 46800, {, 1, 53, 0
5, 46800, &, 1, 11, 98
5, 46800, {, 1, 55, 127
5, 47040, {, 1, 55, 0
5, 47040, &, 1, 11, 82
5, 47040, {, 1, 58, 127
5, 47280, {, 1, 58, 0
5, 47520, {, 1, 46, 127
5, 47760, {, 1, 46, 0
5, 47760, {, 1, 53, 127
5, 48000, {, 1, 53, 0
5, 48000, {, 1, 57, 127
5, 48240, {, 1, 57, 0
5, 48240, {, 1, 45, 127
5, 48480, {, 1, 45, 0
5, 48720, {, 1, 52, 127
5, 48960, {, 1, 52, 0
5, 48960, {, 1, 55, 127
5, 49140, {, 1, 41, 127
5, 49200, {, 1, 55, 0
5, 49200, {, 1, 41, 0
5, 49200, &, 1, 11, 108
5, 49200, {, 1, 43, 127
5, 49440, {, 1, 43, 0
5, 49620, {, 1, 52, 127
5, 49680, {, 1, 52, 0
5, 49680, {, 1, 53, 127
5, 49920, {, 1, 53, 0
5, 49920, &, 1, 11, 86
5, 49920, {, 1, 59, 127
5, 50160, {, 1, 59, 0
5, 50160, {, 1, 62, 127
5, 50400, {, 1, 62, 0
5, 50640, {, 1, 55, 127
5, 50880, {, 1, 55, 0
5, 50880, {, 1, 52, 127
5, 51000, {, 1, 52, 0
5, 51120, {, 1, 48, 127
5, 51240, {, 1, 48, 0
5, 51360, {, 1, 46, 127
5, 51420, {, 1, 50, 127
5, 51480, {, 1, 53, 127
5, 51540, {, 1, 57, 127
5, 52320, {, 1, 46, 0
5, 52320, {, 1, 45, 127
5, 52380, {, 1, 50, 0
5, 52380, {, 1, 48, 127
5, 52440, {, 1, 53, 0
5, 52440, {, 1, 52, 127
5, 52500, {, 1, 57, 0
5, 52500, {, 1, 55, 127
5, 53280, {, 1, 45, 0
5, 53280, {, 1, 43, 127
5, 53340, {, 1, 48, 0
5, 53400, {, 1, 52, 0
5, 53460, {, 1, 55, 0
5, 53520, {, 1, 43, 0
5, 53520, {, 1, 53, 127
5, 53760, {, 1, 53, 0
5, 53760, {, 1, 59, 127
5, 54000, {, 1, 59, 0
5, 54000, {, 1, 62, 127
5, 54240, {, 1, 62, 0
5, 54480, &, 1, 11, 106
5, 54480, {, 1, 67, 127
5, 54720, {, 1, 67, 0
5, 54720, &, 1, 11, 84
5, 54720, {, 1, 62, 127
5, 54960, {, 1, 62, 0
5, 54960, {, 1, 60, 127
5, 55200, {, 1, 60, 0
5, 55200, &, 1, 11, 93
5, 55200, {, 1, 55, 127
5, 55260, {, 1, 58, 127
5, 55320, {, 1, 62, 127
5, 55380, {, 1, 65, 127
5, 56160, {, 1, 55, 0
5, 56160, &, 1, 11, 72
5, 56160, {, 1, 57, 127
5, 56220, {, 1, 58, 0
5, 56220, {, 1, 60, 127
5, 56280, {, 1, 62, 0
5, 56280, {, 1, 64, 127
5, 56340, {, 1, 65, 0
5, 56340, {, 1, 67, 127
5, 56640, {, 1, 57, 0
5, 56700, {, 1, 60, 0
5, 56760, {, 1, 64, 0
5, 56820, {, 1, 67, 0
5, 57120, {, 1, 53, 127
5, 57180, {, 1, 57, 127
5, 57240, {, 1, 60, 127
5, 58080, {, 1, 53, 0
5, 58080, {, 1, 48, 127
5, 58140, {, 1, 57, 0
5, 58140, {, 1, 52, 127
5, 58200, {, 1, 60, 0
5, 58200, {, 1, 55, 127
5, 59040, {, 1, 48, 0
5, 59040, {, 1, 50, 127
5, 59100, {, 1, 52, 0
5, 59100, {, 1, 53, 127
5, 59160, {, 1, 55, 0
5, 59160, {, 1, 57, 127
5, 60000, {, 1, 50, 0
5, 60000, {, 1, 46, 127
5, 60060, {, 1, 53, 0
5, 60120, {, 1, 57, 0
5, 60240, {, 1, 46, 0
5, 60240, {, 1, 53, 127
5, 60480, {, 1, 53, 0
5, 60480, {, 1, 48, 127
5, 60720, {, 1, 48, 0
5, 60720, {, 1, 55, 127
5, 60960, {, 1, 55, 0
5, 60960, {, 1, 53, 127
5, 61020, {, 1, 57, 127
5, 61080, {, 1, 60, 127
5, 61920, {, 1, 53, 0
5, 61920, {, 1, 48, 127
5, 61980, {, 1, 57, 0
5, 61980, {, 1, 52, 127
5, 62040, {, 1, 60, 0
5, 62040, {, 1, 55, 127
5, 62880, {, 1, 48, 0
5, 62880, {, 1, 46, 127
5, 62940, {, 1, 52, 0
5, 63000, {, 1, 55, 0
5, 63120, {, 1, 46, 0
5, 63120, {, 1, 53, 127
5, 63360, {, 1, 53, 0
5, 63360, {, 1, 58, 127
5, 63840, {, 1, 58, 0
5, 63840, &, 1, 11, 60
5, 63840, {, 1, 53, 127
5, 63840, {, 1, 50, 127
5, 64320, {, 1, 53, 0
5, 64320, {, 1, 50, 0
5, 64320, {, 1, 55, 127
5, 64320, {, 1, 48, 127
5, 64800, {, 1, 55, 0
5, 64800, {, 1, 48, 0
5, 64800, &, 1, 11, 74
5, 64800, {, 1, 53, 127
5, 64860, {, 1, 57, 127
5, 64920, {, 1, 60, 127
5, 65760, {, 1, 53, 0
5, 65760, {, 1, 48, 127
5, 65820, {, 1, 57, 0
5, 65820, {, 1, 52, 127
5, 65880, {, 1, 60, 0
5, 65880, {, 1, 55, 127
5, 66720, {, 1, 48, 0
5, 66720, &, 1, 11, 91
5, 66720, {, 1, 50, 127
5, 66780, {, 1, 52, 0
5, 66780, {, 1, 53, 127
5, 66840, {, 1, 55, 0
5, 66840, {, 1, 57, 127
5, 67680, {, 1, 50, 0
5, 67680, &, 1, 11, 76
5, 67680, {, 1, 46, 127
5, 67740, {, 1, 53, 0
5, 67800, {, 1, 57, 0
5, 67920, {, 1, 46, 0
5, 67920, {, 1, 53, 127
5, 68160, {, 1, 53, 0
5, 68160, {, 1, 48, 127
5, 68400, {, 1, 48, 0
5, 68400, {, 1, 55, 127
5, 68640, {, 1, 55, 0
5, 68640, {, 1, 53, 127
5, 68700, {, 1, 57, 127
5, 68760, {, 1, 60, 127
5, 69600, {, 1, 53, 0
5, 69600, {, 1, 45, 127
5, 69660, {, 1, 57, 0
5, 69660, {, 1, 48, 127
5, 69720, {, 1, 60, 0
5, 69720, {, 1, 52, 127
5, 70560, {, 1, 45, 0
5, 70560, {, 1, 46, 127
5, 70620, {, 1, 48, 0
5, 70680, {, 1, 52, 0
5, 70800, {, 1, 46, 0
5, 70800, {, 1, 53, 127
5, 71040, {, 1, 53, 0
5, 71040, {, 1, 58, 127
5, 71280, {, 1, 58, 0
5, 71280, &, 1, 11, 97
5, 71280, {, 1, 62, 127
5, 71760, {, 1, 62, 0
5, 71760, {, 1, 65, 127
5, 72240, {, 1, 65, 0
5, 72240, {, 1, 62, 127
5, 72480, {, 1, 62, 0
5, 72480, &, 1, 11, 93
5, 72480, {, 1, 53, 127
5, 72540, {, 1, 57, 127
5, 72600, {, 1, 62, 127
5, 72660, {, 1, 65, 127
5, 73440, {, 1, 53, 0
5, 73500, {, 1, 57, 0
5, 73560, {, 1, 62, 0
5, 73620, {, 1, 65, 0
5, 74400, {, 1, 45, 127
5, 74640, {, 1, 45, 0
5, 74640, {, 1, 52, 127
5, 74880, {, 1, 52, 0
5, 74880, {, 1, 55, 127
5, 75120, {, 1, 55, 0
5, 75120, {, 1, 60, 127
5, 75600, {, 1, 60, 0
5, 75600, {, 1, 62, 127
5, 76080, {, 1, 62, 0
5, 76080, {, 1, 64, 127
5, 76200, {, 1, 52, 127
5, 76260, {, 1, 57, 127
5, 76320, {, 1, 64, 0
5, 76320, {, 1, 60, 127
5, 76380, {, 1, 64, 127
5, 76440, &, 1, 11, 109
5, 76440, {, 1, 67, 127
5, 76560, &, 1, 11, 92
5, 78120, {, 1, 52, 0
5, 78180, {, 1, 57, 0
5, 78240, {, 1, 60, 0
5, 78240, {, 1, 46, 127
5, 78300, {, 1, 64, 0
5, 78360, {, 1, 67, 0
5, 78480, {, 1, 46, 0
5, 78480, {, 1, 53, 127
5, 78720, {, 1, 53, 0
5, 78720, {, 1, 57, 127
5, 78960, {, 1, 57, 0
5, 78960, {, 1, 62, 127
5, 79440, {, 1, 62, 0
5, 79440, {, 1, 65, 127
5, 79920, {, 1, 65, 0
5, 79920, {, 1, 67, 127
5, 80040, {, 1, 53, 127
5, 80100, {, 1, 58, 127
5, 80160, {, 1, 67, 0
5, 80160, {, 1, 62, 127
5, 80220, {, 1, 65, 127
5, 80280, &, 1, 11, 93
5, 80280, {, 1, 69, 127
5, 80400, &, 1, 11, 92
5, 81960, {, 1, 53, 0
5, 82020, {, 1, 58, 0
5, 82080, {, 1, 62, 0
5, 82080, {, 1, 45, 127
5, 82140, {, 1, 65, 0
5, 82200, {, 1, 69, 0
5, 82320, {, 1, 45, 0
5, 82320, {, 1, 52, 127
5, 82560, {, 1, 52, 0
5, 82560, {, 1, 62, 127
5, 82800, {, 1, 62, 0
5, 82800, {, 1, 64, 127
5, 83280, {, 1, 64, 0
5, 83280, {, 1, 60, 127
5, 83760, {, 1, 60, 0
5, 83760, {, 1, 64, 127
5, 84000, {, 1, 64, 0
5, 84000, {, 1, 57, 127
5, 84060, {, 1, 60, 127
5, 84120, {, 1, 64, 127
5, 84180, &, 1, 11, 90
5, 84180, {, 1, 67, 127
5, 84300, &, 1, 11, 91
5, 84480, {, 1, 57, 0
5, 84540, {, 1, 60, 0
5, 84600, {, 1, 64, 0
5, 84660, {, 1, 67, 0
5, 85920, {, 1, 46, 127
5, 85920, {, 1, 65, 127
5, 85980, {, 1, 53, 127
5, 85980, {, 1, 70, 127
5, 86040, {, 1, 57, 127
5, 86040, {, 1, 74, 127
5, 87840, {, 1, 46, 0
5, 87840, {, 1, 65, 0
5, 87840, &, 1, 11, 65
5, 87840, {, 1, 45, 127
5, 87900, {, 1, 53, 0
5, 87900, {, 1, 70, 0
5, 87900, {, 1, 52, 127
5, 87960, {, 1, 57, 0
5, 87960, {, 1, 74, 0
5, 87960, {, 1, 55, 127
5, 88320, {, 1, 64, 127
5, 89280, {, 1, 64, 0
5, 89280, &, 1, 11, 83
5, 89280, {, 1, 57, 127
5, 89520, {, 1, 57, 0
5, 89760, {, 1, 45, 0
5, 89760, {, 1, 52, 0
5, 89760, {, 1, 55, 0
5, 89760, &, 1, 11, 84
5, 89760, {, 1, 50, 127
5, 90000, {, 1, 50, 0
5, 90000, {, 1, 53, 127
5, 90240, {, 1, 53, 0
5, 90240, {, 1, 57, 127
5, 90480, {, 1, 57, 0
5, 90720, {, 1, 48, 127
5, 90960, {, 1, 48, 0
5, 90960, {, 1, 55, 127
5, 91200, {, 1, 55, 0
5, 91200, {, 1, 58, 127
5, 91440, {, 1, 58, 0
5, 91440, {, 1, 53, 127
5, 91680, {, 1, 53, 0
5, 91920, {, 1, 57, 127
5, 92160, {, 1, 57, 0
5, 92160, {, 1, 60, 127
5, 92400, {, 1, 60, 0
5, 92640, &, 1, 11, 119
5, 92640, {, 1, 48, 127
5, 92820, {, 1, 53, 127
5, 92880, {, 1, 48, 0
5, 92880, {, 1, 53, 0
5, 92880, &, 1, 11, 94
5, 92880, {, 1, 55, 127
5, 93120, {, 1, 55, 0
5, 93120, {, 1, 58, 127
5, 93360, {, 1, 58, 0
5, 93600, {, 1, 46, 127
5, 93840, {, 1, 46, 0
5, 93840, {, 1, 53, 127
5, 94080, {, 1, 53, 0
5, 94080, {, 1, 57, 127
5, 94320, {, 1, 57, 0
5, 94320, {, 1, 45, 127
5, 94560, {, 1, 45, 0
5, 94800, {, 1, 52, 127
5, 95040, {, 1, 52, 0
5, 95040, {, 1, 55, 127
5, 95220, {, 1, 48, 127
5, 95280, {, 1, 55, 0
5, 95280, {, 1, 48, 0
5, 95280, &, 1, 11, 109
5, 95280, {, 1, 50, 127
5, 95520, {, 1, 50, 0
5, 95700, {, 1, 52, 127
5, 95760, {, 1, 52, 0
5, 95760, {, 1, 53, 127
5, 96000, {, 1, 53, 0
5, 96000, &, 1, 11, 78
5, 96000, {, 1, 57, 127
5, 96240, {, 1, 57, 0
5, 96720, {, 1, 55, 127
5, 96960, {, 1, 55, 0
5, 96960, {, 1, 52, 127
5, 97080, {, 1, 52, 0
5, 97200, {, 1, 48, 127
5, 97440, {, 1, 48, 0
5, 97440, {, 1, 50, 127
5, 97680, {, 1, 50, 0
5, 97680, {, 1, 53, 127
5, 97920, {, 1, 53, 0
5, 97920, {, 1, 57, 127
5, 98160, {, 1, 57, 0
5, 98400, {, 1, 48, 127
5, 98640, {, 1, 48, 0
5, 98640, {, 1, 55, 127
5, 98880, {, 1, 55, 0
5, 98880, {, 1, 58, 127
5, 99120, {, 1, 58, 0
5, 99120, {, 1, 53, 127
5, 99360, {, 1, 53, 0
5, 99600, {, 1, 57, 127
5, 99840, {, 1, 57, 0
5, 99840, {, 1, 60, 127
5, 100080, {, 1, 60, 0
5, 100320, &, 1, 11, 97
5, 100320, {, 1, 48, 127
5, 100500, {, 1, 53, 127
5, 100560, {, 1, 48, 0
5, 100560, {, 1, 53, 0
5, 100560, &, 1, 11, 98
5, 100560, {, 1, 55, 127
5, 100800, {, 1, 55, 0
5, 100800, &, 1, 11, 82
5, 100800, {, 1, 58, 127
5, 101040, {, 1, 58, 0
5, 101280, {, 1, 46, 127
5, 101520, {, 1, 46, 0
5, 101520, {, 1, 53, 127
5, 101760, {, 1, 53, 0
5, 101760, {, 1, 57, 127
5, 102000, {, 1, 57, 0
5, 102000, {, 1, 45, 127
5, 102240, {, 1, 45, 0
5, 102480, {, 1, 52, 127
5, 102720, {, 1, 52, 0
5, 102720, {, 1, 55, 127
5, 102900, {, 1, 41, 127
5, 102960, {, 1, 55, 0
5, 102960, {, 1, 41, 0
5, 102960, &, 1, 11, 108
5, 102960, {, 1, 43, 127
5, 103200, {, 1, 43, 0
5, 103380, {, 1, 52, 127
5, 103440, {, 1, 52, 0
5, 103440, {, 1, 53, 127
5, 103680, {, 1, 53, 0
5, 103680, &, 1, 11, 86
5, 103680, {, 1, 59, 127
5, 103920, {, 1, 59, 0
5, 103920, {, 1, 62, 127
5, 104160, {, 1, 62, 0
5, 104400, {, 1, 55, 127
5, 104640, {, 1, 55, 0
5, 104640, {, 1, 52, 127
5, 104760, {, 1, 52, 0
5, 104880, {, 1, 48, 127
5, 105000, {, 1, 48, 0
5, 105120, {, 1, 46, 127
5, 105180, {, 1, 50, 127
5, 105240, {, 1, 53, 127
5, 105300, {, 1, 57, 127
5, 106080, {, 1, 46, 0
5, 106080, {, 1, 45, 127
5, 106140, {, 1, 50, 0
5, 106140, {, 1, 48, 127
5, 106200, {, 1, 53, 0
5, 106200, {, 1, 52, 127
5, 106260, {, 1, 57, 0
5, 106260, {, 1, 55, 127
5, 107040, {, 1, 45, 0
5, 107040, {, 1, 43, 127
5, 107100, {, 1, 48, 0
5, 107160, {, 1, 52, 0
5, 107220, {, 1, 55, 0
5, 107280, {, 1, 43, 0
5, 107280, {, 1, 53, 127
5, 107520, {, 1, 53, 0
5, 107520, {, 1, 59, 127
5, 107760, {, 1, 59, 0
5, 107760, {, 1, 62, 127
5, 108000, {, 1, 62, 0
5, 108240, &, 1, 11, 106
5, 108240, {, 1, 67, 127
5, 108480, {, 1, 67, 0
5, 108480, &, 1, 11, 84
5, 108480, {, 1, 62, 127
5, 108720, {, 1, 62, 0
5, 108720, {, 1, 60, 127
5, 108960, {, 1, 60, 0
5, 108960, \
6, 0, /
6, 0, ~, "CH #3"
6, 0, |, "Gt.Fret Noise"
6, 240, &, 2, 7, 78
6, 300, &, 2, 10, 64
6, 360, &, 2, 11, 100
6, 420, ;, 2, 120
6, 480, |, "Start"
6, 480, &, 2, 10, 125
6, 480, &, 2, 11, 28
6, 1920, {, 2, 55, 127
6, 2040, {, 2, 55, 0
6, 5520, {, 2, 64, 127
6, 5640, {, 2, 64, 0
6, 11280, {, 2, 67, 127
6, 11400, {, 2, 67, 0
6, 13680, {, 2, 55, 127
6, 13800, {, 2, 55, 0
6, 19440, {, 2, 57, 127
6, 19560, {, 2, 57, 0
6, 32160, {, 2, 81, 127
6, 32220, {, 2, 81, 0
6, 44880, {, 2, 67, 127
6, 44940, {, 2, 67, 0
6, 47520, {, 2, 69, 127
6, 47580, {, 2, 69, 0
6, 98640, {, 2, 67, 127
6, 98700, {, 2, 67, 0
6, 101280, {, 2, 69, 127
6, 101340, {, 2, 69, 0
6, 108960, {, 2, 52, 127
6, 109080, {, 2, 52, 0
6, 109560, {, 2, 57, 127
6, 109680, {, 2, 57, 0
6, 109680, \
7, 0, /
7, 0, ~, "CH #4"
7, 0, |, "Picked Bs."
7, 240, &, 3, 7, 100
7, 300, &, 3, 10, 64
7, 360, &, 3, 11, 100
7, 420, ;, 3, 34
7, 480, |, "Start"
7, 480, &, 3, 11, 100
7, 480, &, 3, 10, 64
7, 36000, &, 3, 10, 113
7, 36480, {, 3, 69, 127
7, 36480, {, 3, 65, 127
7, 36600, {, 3, 69, 0
7, 36600, {, 3, 65, 0
7, 37200, {, 3, 67, 127
7, 37200, {, 3, 64, 127
7, 37320, {, 3, 67, 0
7, 37320, {, 3, 64, 0
7, 38400, {, 3, 69, 127
7, 38400, {, 3, 65, 127
7, 38520, {, 3, 69, 0
7, 38520, {, 3, 65, 0
7, 44160, {, 3, 69, 127
7, 44160, {, 3, 65, 127
7, 44280, {, 3, 69, 0
7, 44280, {, 3, 65, 0
7, 44880, {, 3, 67, 127
7, 44880, {, 3, 64, 127
7, 45000, {, 3, 67, 0
7, 45000, {, 3, 64, 0
7, 46080, {, 3, 69, 127
7, 46080, {, 3, 65, 127
7, 46200, {, 3, 69, 0
7, 46200, {, 3, 65, 0
7, 89760, &, 3, 11, 87
7, 89760, &, 3, 10, 113
7, 90000, {, 3, 62, 127
7, 90000, {, 3, 60, 127
7, 90120, {, 3, 62, 0
7, 90120, {, 3, 60, 0
7, 90240, {, 3, 62, 127
7, 90240, {, 3, 60, 127
7, 90360, {, 3, 62, 0
7, 90360, {, 3, 60, 0
7, 90960, {, 3, 64, 127
7, 90960, {, 3, 65, 127
7, 91080, {, 3, 64, 0
7, 91080, {, 3, 65, 0
7, 91200, {, 3, 64, 127
7, 91200, {, 3, 65, 127
7, 91320, {, 3, 64, 0
7, 91320, {, 3, 65, 0
7, 92160, {, 3, 69, 127
7, 92160, {, 3, 65, 127
7, 92280, {, 3, 69, 0
7, 92280, {, 3, 65, 0
7, 97920, {, 3, 69, 127
7, 97920, {, 3, 65, 127
7, 98040, {, 3, 69, 0
7, 98040, {, 3, 65, 0
7, 98640, {, 3, 67, 127
7, 98640, {, 3, 64, 127
7, 98760, {, 3, 67, 0
7, 98760, {, 3, 64, 0
7, 98760, \
8, 0, /
8, 0, ~, "CH #5"
8, 0, |, "Piano1"
8, 240, &, 4, 7, 100
8, 300, &, 4, 10, 64
8, 360, &, 4, 11, 100
8, 420, ;, 4, 0
8, 480, |, "Start"
8, 480, &, 4, 11, 100
8, 480, &, 4, 10, 64
8, 480, \
9, 0, /
9, 0, ~, "CH #6"
9, 0, |, "Piano1"
9, 240, &, 5, 7, 100
9, 300, &, 5, 10, 64
9, 360, &, 5, 11, 100
9, 420, ;, 5, 0
9, 480, |, "Start"
9, 480, &, 5, 11, 100
9, 480, &, 5, 10, 64
9, 480, \
10, 0, /
10, 0, ~, "CH #7"
10, 0, |, "Piano1"
10, 240, &, 6, 7, 100
10, 300, &, 6, 10, 64
10, 360, &, 6, 11, 100
10, 420, ;, 6, 0
10, 480, |, "Start"
10, 480, &, 6, 11, 100
10, 480, &, 6, 10, 64
10, 480, \
11, 0, /
11, 0, ~, "CH #8"
11, 0, |, "Piano1"
11, 240, &, 7, 7, 100
11, 300, &, 7, 10, 64
11, 360, &, 7, 11, 100
11, 420, ;, 7, 0
11, 480, |, "Start"
11, 480, &, 7, 11, 100
11, 480, &, 7, 10, 64
11, 480, \
12, 0, /
12, 0, ~, "CH #9"
12, 0, |, "Piano1"
12, 240, &, 8, 7, 100
12, 300, &, 8, 10, 64
12, 360, &, 8, 11, 100
12, 420, ;, 8, 0
12, 480, |, "Start"
12, 480, &, 8, 11, 100
12, 480, &, 8, 10, 64
12, 480, \
13, 0, /
13, 0, ~, "CH #10"
13, 0, |, "Piano1"
13, 240, &, 9, 7, 10
13, 300, &, 9, 10, 64
13, 360, &, 9, 11, 100
13, 420, ;, 9, 0
13, 480, |, "Start"
13, 480, &, 9, 11, 100
13, 480, &, 9, 10, 64
13, 13920, &, 9, 11, 7
13, 14400, {, 9, 37, 127
13, 14520, {, 9, 37, 0
13, 14880, {, 9, 37, 127
13, 15000, {, 9, 37, 0
13, 15360, {, 9, 37, 127
13, 15480, {, 9, 37, 0
13, 113280, {, 9, 37, 127
13, 113400, {, 9, 37, 0
13, 113760, {, 9, 37, 127
13, 113880, {, 9, 37, 0
13, 114240, &, 9, 11, 126
13, 114240, {, 9, 42, 127
13, 114360, {, 9, 42, 0
13, 114360, \
14, 0, /
14, 0, ~, "CH #11"
14, 0, |, "Piano1"
14, 240, &, 10, 7, 100
14, 300, &, 10, 10, 64
14, 360, &, 10, 11, 100
14, 420, ;, 10, 0
14, 480, |, "Start"
14, 480, &, 10, 11, 100
14, 480, &, 10, 10, 64
14, 480, \
15, 0, /
15, 0, ~, "CH #12"
15, 0, |, "Piano1"
15, 240, &, 11, 7, 100
15, 300, &, 11, 10, 64
15, 360, &, 11, 11, 100
15, 420, ;, 11, 0
15, 480, |, "Start"
15, 480, &, 11, 11, 100
15, 480, &, 11, 10, 64
15, 480, \
16, 0, /
16, 0, ~, "CH #13"
16, 0, |, "Piano1"
16, 240, &, 12, 7, 100
16, 300, &, 12, 10, 64
16, 360, &, 12, 11, 100
16, 420, ;, 12, 0
16, 480, |, "Start"
16, 480, &, 12, 11, 100
16, 480, &, 12, 10, 64
16, 480, \
17, 0, /
17, 0, ~, "CH #14"
17, 0, |, "Piano1"
17, 240, &, 13, 7, 100
17, 300, &, 13, 10, 64
17, 360, &, 13, 11, 100
17, 420, ;, 13, 0
17, 480, |, "Start"
17, 480, &, 13, 11, 100
17, 480, &, 13, 10, 64
17, 480, \
18, 0, /
18, 0, ~, "CH #15"
18, 0, |, "Piano1"
18, 240, &, 14, 7, 100
18, 300, &, 14, 10, 64
18, 360, &, 14, 11, 100
18, 420, ;, 14, 0
18, 480, |, "Start"
18, 480, &, 14, 11, 100
18, 480, &, 14, 10, 64
18, 480, \
19, 0, /
19, 0, ~, "CH #16"
19, 0, |, "Piano1"
19, 240, &, 15, 7, 100
19, 300, &, 15, 10, 64
19, 360, &, 15, 11, 100
19, 420, ;, 15, 0
19, 480, |, "Start"
19, 480, &, 15, 11, 100
19, 480, &, 15, 10, 64
19, 480, \
0, 0, >

