0, 0, <, 1, 17, 480
1, 0, /
1, 0, ~, ""
1, 0, $, 4, 2, 24, 8
1, 0, %, 681818
1, 11520, %, 731707
1, 11520, \
2, 0, /
2, 0, ~, ""
2, 0, `, 0
2, 0, ?, 5, 126, 127, 9, 1, 247
2, 0, ?, 7, 127, 127, 4, 1, 0, 127, 247
2, 1920, &, 0, 0, 0
2, 1920, &, 0, 32, 0
2, 1920, ;, 0, 24
2, 14880, {, 0, 55, 120
2, 15360, {, 0, 55, 0
2, 15360, {, 0, 60, 120
2, 15520, {, 0, 60, 0
2, 15520, {, 0, 62, 120
2, 15680, {, 0, 62, 0
2, 15680, {, 0, 64, 120
2, 15840, {, 0, 64, 0
2, 15840, {, 0, 67, 120
2, 17760, {, 0, 67, 0
2, 18720, {, 0, 65, 120
2, 18880, {, 0, 65, 0
2, 18880, {, 0, 62, 120
2, 19040, {, 0, 62, 0
2, 19040, {, 0, 59, 120
2, 19200, {, 0, 59, 0
2, 19200, {, 0, 60, 120
2, 20160, {, 0, 60, 0
2, 20160, {, 0, 55, 120
2, 22080, {, 0, 55, 0
2, 22560, {, 0, 55, 120
2, 23040, {, 0, 55, 0
2, 23040, {, 0, 60, 120
2, 23200, {, 0, 60, 0
2, 23200, {, 0, 62, 120
2, 23360, {, 0, 62, 0
2, 23360, {, 0, 64, 120
2, 23520, {, 0, 64, 0
2, 23520, {, 0, 67, 120
2, 25440, {, 0, 67, 0
2, 26400, {, 0, 67, 120
2, 26560, {, 0, 67, 0
2, 26560, {, 0, 65, 120
2, 26720, {, 0, 65, 0
2, 26720, {, 0, 64, 120
2, 26880, {, 0, 64, 0
2, 26880, {, 0, 64, 120
2, 27840, {, 0, 64, 0
2, 27840, {, 0, 62, 120
2, 29760, {, 0, 62, 0
2, 30240, {, 0, 55, 120
2, 30720, {, 0, 55, 0
2, 30720, {, 0, 59, 120
2, 30880, {, 0, 59, 0
2, 30880, {, 0, 64, 120
2, 31040, {, 0, 64, 0
2, 31040, {, 0, 67, 120
2, 31200, {, 0, 67, 0
2, 31200, {, 0, 71, 120
2, 33120, {, 0, 71, 0
2, 34080, {, 0, 71, 120
2, 34240, {, 0, 71, 0
2, 34240, {, 0, 67, 120
2, 34400, {, 0, 67, 0
2, 34400, {, 0, 64, 120
2, 34560, {, 0, 64, 0
2, 34560, {, 0, 64, 120
2, 35520, {, 0, 64, 0
2, 35520, {, 0, 62, 120
2, 37440, {, 0, 62, 0
2, 37920, {, 0, 57, 120
2, 38400, {, 0, 57, 0
2, 38400, {, 0, 64, 120
2, 38560, {, 0, 64, 0
2, 38560, {, 0, 62, 120
2, 38720, {, 0, 62, 0
2, 38720, {, 0, 64, 120
2, 38880, {, 0, 64, 0
2, 38880, {, 0, 65, 120
2, 40800, {, 0, 65, 0
2, 41760, {, 0, 64, 120
2, 41920, {, 0, 64, 0
2, 41920, {, 0, 62, 120
2, 42080, {, 0, 62, 0
2, 42080, {, 0, 64, 120
2, 42240, {, 0, 64, 0
2, 42240, {, 0, 65, 120
2, 44160, {, 0, 65, 0
2, 99360, {, 0, 55, 120
2, 99816, {, 0, 55, 0
2, 99840, ?, 7, 127, 127, 4, 1, 0, 125, 247
2, 99840, {, 0, 60, 120
2, 100000, {, 0, 60, 0
2, 100000, {, 0, 62, 120
2, 100160, {, 0, 62, 0
2, 100160, {, 0, 64, 120
2, 100320, {, 0, 64, 0
2, 100320, ?, 7, 127, 127, 4, 1, 0, 120, 247
2, 100320, {, 0, 67, 120
2, 100800, ?, 7, 127, 127, 4, 1, 0, 115, 247
2, 101280, ?, 7, 127, 127, 4, 1, 0, 110, 247
2, 101760, ?, 7, 127, 127, 4, 1, 0, 105, 247
2, 102240, {, 0, 67, 0
2, 102240, ?, 7, 127, 127, 4, 1, 0, 100, 247
2, 102720, ?, 7, 127, 127, 4, 1, 0, 95, 247
2, 103200, ?, 7, 127, 127, 4, 1, 0, 90, 247
2, 103200, {, 0, 65, 120
2, 103360, {, 0, 65, 0
2, 103360, {, 0, 62, 120
2, 103520, {, 0, 62, 0
2, 103520, {, 0, 59, 120
2, 103680, {, 0, 59, 0
2, 103680, ?, 7, 127, 127, 4, 1, 0, 85, 247
2, 103680, {, 0, 60, 120
2, 104160, ?, 7, 127, 127, 4, 1, 0, 80, 247
2, 104640, {, 0, 60, 0
2, 104640, ?, 7, 127, 127, 4, 1, 0, 75, 247
2, 104640, {, 0, 55, 120
2, 105120, ?, 7, 127, 127, 4, 1, 0, 70, 247
2, 105600, ?, 7, 127, 127, 4, 1, 0, 65, 247
2, 106080, ?, 7, 127, 127, 4, 1, 0, 60, 247
2, 106560, {, 0, 55, 0
2, 106560, ?, 7, 127, 127, 4, 1, 0, 55, 247
2, 107040, ?, 7, 127, 127, 4, 1, 0, 50, 247
2, 107040, {, 0, 55, 120
2, 107520, {, 0, 55, 0
2, 107520, ?, 7, 127, 127, 4, 1, 0, 45, 247
2, 107520, {, 0, 60, 120
2, 107680, {, 0, 60, 0
2, 107680, {, 0, 62, 120
2, 107840, {, 0, 62, 0
2, 107840, {, 0, 64, 120
2, 108000, {, 0, 64, 0
2, 108000, ?, 7, 127, 127, 4, 1, 0, 40, 247
2, 108000, {, 0, 67, 120
2, 108480, ?, 7, 127, 127, 4, 1, 0, 35, 247
2, 108960, ?, 7, 127, 127, 4, 1, 0, 30, 247
2, 109440, ?, 7, 127, 127, 4, 1, 0, 25, 247
2, 109920, {, 0, 67, 0
2, 109920, ?, 7, 127, 127, 4, 1, 0, 20, 247
2, 110400, ?, 7, 127, 127, 4, 1, 0, 15, 247
2, 110880, ?, 7, 127, 127, 4, 1, 0, 10, 247
2, 110880, {, 0, 67, 120
2, 111040, {, 0, 67, 0
2, 111040, {, 0, 65, 120
2, 111200, {, 0, 65, 0
2, 111200, {, 0, 64, 120
2, 111360, {, 0, 64, 0
2, 111360, ?, 7, 127, 127, 4, 1, 0, 5, 247
2, 111360, {, 0, 64, 120
2, 112320, {, 0, 64, 0
2, 112320, ?, 7, 127, 127, 4, 1, 0, 1, 247
2, 112320, {, 0, 62, 120
2, 113280, {, 0, 62, 0
2, 113280, \
3, 0, /
3, 0, ~, ""
3, 0, `, 0
3, 0, &, 1, 0, 0
3, 0, &, 1, 32, 0
3, 0, ;, 1, 25
3, 11520, {, 1, 48, 110
3, 11520, {, 1, 60, 70
3, 11760, {, 1, 55, 110
3, 11760, {, 1, 67, 70
3, 11991, {, 1, 55, 0
3, 11991, {, 1, 67, 0
3, 12000, {, 1, 62, 110
3, 12000, {, 1, 74, 70
3, 12231, {, 1, 62, 0
3, 12231, {, 1, 74, 0
3, 12240, {, 1, 64, 110
3, 12240, {, 1, 76, 70
3, 12471, {, 1, 64, 0
3, 12471, {, 1, 76, 0
3, 12480, {, 1, 62, 110
3, 12480, {, 1, 74, 70
3, 12711, {, 1, 62, 0
3, 12711, {, 1, 74, 0
3, 12720, {, 1, 55, 110
3, 12720, {, 1, 67, 70
3, 12903, {, 1, 48, 0
3, 12903, {, 1, 60, 0
3, 12951, {, 1, 55, 0
3, 12951, {, 1, 67, 0
3, 12960, {, 1, 52, 110
3, 12960, {, 1, 64, 70
3, 13200, {, 1, 55, 110
3, 13200, {, 1, 67, 70
3, 13421, {, 1, 52, 0
3, 13421, {, 1, 64, 0
3, 13431, {, 1, 55, 0
3, 13431, {, 1, 67, 0
3, 13440, {, 1, 48, 110
3, 13440, {, 1, 60, 70
3, 13680, {, 1, 55, 110
3, 13680, {, 1, 67, 70
3, 13911, {, 1, 55, 0
3, 13911, {, 1, 67, 0
3, 13920, {, 1, 62, 110
3, 13920, {, 1, 74, 70
3, 14151, {, 1, 62, 0
3, 14151, {, 1, 74, 0
3, 14160, {, 1, 64, 110
3, 14160, {, 1, 76, 70
3, 14391, {, 1, 64, 0
3, 14391, {, 1, 76, 0
3, 14400, {, 1, 62, 110
3, 14400, {, 1, 74, 70
3, 14631, {, 1, 62, 0
3, 14631, {, 1, 74, 0
3, 14640, {, 1, 55, 110
3, 14640, {, 1, 67, 70
3, 14823, {, 1, 48, 0
3, 14823, {, 1, 60, 0
3, 14871, {, 1, 55, 0
3, 14871, {, 1, 67, 0
3, 14880, {, 1, 52, 110
3, 14880, {, 1, 64, 70
3, 15120, {, 1, 55, 110
3, 15120, {, 1, 67, 70
3, 15341, {, 1, 52, 0
3, 15341, {, 1, 64, 0
3, 15351, {, 1, 55, 0
3, 15351, {, 1, 67, 0
3, 15360, {, 1, 48, 110
3, 15360, {, 1, 60, 70
3, 15600, {, 1, 55, 110
3, 15600, {, 1, 67, 70
3, 15831, {, 1, 55, 0
3, 15831, {, 1, 67, 0
3, 15840, {, 1, 62, 110
3, 15840, {, 1, 74, 70
3, 16071, {, 1, 62, 0
3, 16071, {, 1, 74, 0
3, 16080, {, 1, 64, 110
3, 16080, {, 1, 76, 70
3, 16311, {, 1, 64, 0
3, 16311, {, 1, 76, 0
3, 16320, {, 1, 62, 110
3, 16320, {, 1, 74, 70
3, 16551, {, 1, 62, 0
3, 16551, {, 1, 74, 0
3, 16560, {, 1, 55, 110
3, 16560, {, 1, 67, 70
3, 16743, {, 1, 48, 0
3, 16743, {, 1, 60, 0
3, 16791, {, 1, 55, 0
3, 16791, {, 1, 67, 0
3, 16800, {, 1, 52, 110
3, 16800, {, 1, 64, 70
3, 17040, {, 1, 55, 110
3, 17040, {, 1, 67, 70
3, 17261, {, 1, 52, 0
3, 17261, {, 1, 64, 0
3, 17271, {, 1, 55, 0
3, 17271, {, 1, 67, 0
3, 17280, {, 1, 48, 110
3, 17280, {, 1, 60, 70
3, 17520, {, 1, 55, 110
3, 17520, {, 1, 67, 70
3, 17751, {, 1, 55, 0
3, 17751, {, 1, 67, 0
3, 17760, {, 1, 62, 110
3, 17760, {, 1, 74, 70
3, 17991, {, 1, 62, 0
3, 17991, {, 1, 74, 0
3, 18000, {, 1, 64, 110
3, 18000, {, 1, 76, 70
3, 18231, {, 1, 64, 0
3, 18231, {, 1, 76, 0
3, 18240, {, 1, 62, 110
3, 18240, {, 1, 74, 70
3, 18471, {, 1, 62, 0
3, 18471, {, 1, 74, 0
3, 18480, {, 1, 55, 110
3, 18480, {, 1, 67, 70
3, 18663, {, 1, 48, 0
3, 18663, {, 1, 60, 0
3, 18711, {, 1, 55, 0
3, 18711, {, 1, 67, 0
3, 18720, {, 1, 53, 110
3, 18720, {, 1, 65, 70
3, 18960, {, 1, 55, 110
3, 18960, {, 1, 67, 70
3, 19181, {, 1, 53, 0
3, 19181, {, 1, 65, 0
3, 19191, {, 1, 55, 0
3, 19191, {, 1, 67, 0
3, 19200, {, 1, 48, 110
3, 19200, {, 1, 60, 70
3, 19440, {, 1, 55, 110
3, 19440, {, 1, 67, 70
3, 19671, {, 1, 55, 0
3, 19671, {, 1, 67, 0
3, 19680, {, 1, 62, 110
3, 19680, {, 1, 74, 70
3, 19911, {, 1, 62, 0
3, 19911, {, 1, 74, 0
3, 19920, {, 1, 64, 110
3, 19920, {, 1, 76, 70
3, 20151, {, 1, 64, 0
3, 20151, {, 1, 76, 0
3, 20160, {, 1, 62, 110
3, 20160, {, 1, 74, 70
3, 20391, {, 1, 62, 0
3, 20391, {, 1, 74, 0
3, 20400, {, 1, 55, 110
3, 20400, {, 1, 67, 70
3, 20583, {, 1, 48, 0
3, 20583, {, 1, 60, 0
3, 20631, {, 1, 55, 0
3, 20631, {, 1, 67, 0
3, 20640, {, 1, 52, 110
3, 20640, {, 1, 64, 70
3, 20880, {, 1, 55, 110
3, 20880, {, 1, 67, 70
3, 21101, {, 1, 52, 0
3, 21101, {, 1, 64, 0
3, 21111, {, 1, 55, 0
3, 21111, {, 1, 67, 0
3, 21120, {, 1, 48, 110
3, 21120, {, 1, 60, 70
3, 21360, {, 1, 55, 110
3, 21360, {, 1, 67, 70
3, 21591, {, 1, 55, 0
3, 21591, {, 1, 67, 0
3, 21600, {, 1, 62, 110
3, 21600, {, 1, 74, 70
3, 21831, {, 1, 62, 0
3, 21831, {, 1, 74, 0
3, 21840, {, 1, 64, 110
3, 21840, {, 1, 76, 70
3, 22071, {, 1, 64, 0
3, 22071, {, 1, 76, 0
3, 22080, {, 1, 62, 110
3, 22080, {, 1, 74, 70
3, 22311, {, 1, 62, 0
3, 22311, {, 1, 74, 0
3, 22320, {, 1, 55, 110
3, 22320, {, 1, 67, 70
3, 22503, {, 1, 48, 0
3, 22503, {, 1, 60, 0
3, 22551, {, 1, 55, 0
3, 22551, {, 1, 67, 0
3, 22560, {, 1, 52, 110
3, 22560, {, 1, 64, 70
3, 22800, {, 1, 55, 110
3, 22800, {, 1, 67, 70
3, 23021, {, 1, 52, 0
3, 23021, {, 1, 64, 0
3, 23031, {, 1, 55, 0
3, 23031, {, 1, 67, 0
3, 23040, {, 1, 45, 110
3, 23040, {, 1, 57, 70
3, 23280, {, 1, 71, 70
3, 23280, {, 1, 59, 110
3, 23511, {, 1, 71, 0
3, 23511, {, 1, 59, 0
3, 23520, {, 1, 60, 110
3, 23520, {, 1, 72, 70
3, 23751, {, 1, 60, 0
3, 23751, {, 1, 72, 0
3, 23760, {, 1, 67, 110
3, 23760, {, 1, 79, 70
3, 23991, {, 1, 67, 0
3, 23991, {, 1, 79, 0
3, 24000, {, 1, 60, 110
3, 24000, {, 1, 72, 70
3, 24231, {, 1, 60, 0
3, 24231, {, 1, 72, 0
3, 24240, {, 1, 59, 110
3, 24240, {, 1, 71, 70
3, 24423, {, 1, 45, 0
3, 24423, {, 1, 57, 0
3, 24471, {, 1, 59, 0
3, 24471, {, 1, 71, 0
3, 24480, {, 1, 52, 110
3, 24480, {, 1, 64, 70
3, 24720, {, 1, 55, 110
3, 24720, {, 1, 67, 70
3, 24941, {, 1, 52, 0
3, 24941, {, 1, 64, 0
3, 24951, {, 1, 55, 0
3, 24951, {, 1, 67, 0
3, 24960, {, 1, 45, 110
3, 24960, {, 1, 57, 70
3, 25200, {, 1, 71, 70
3, 25200, {, 1, 59, 110
3, 25431, {, 1, 71, 0
3, 25431, {, 1, 59, 0
3, 25440, {, 1, 60, 110
3, 25440, {, 1, 72, 70
3, 25671, {, 1, 60, 0
3, 25671, {, 1, 72, 0
3, 25680, {, 1, 67, 110
3, 25680, {, 1, 79, 70
3, 25911, {, 1, 67, 0
3, 25911, {, 1, 79, 0
3, 25920, {, 1, 60, 110
3, 25920, {, 1, 72, 70
3, 26151, {, 1, 60, 0
3, 26151, {, 1, 72, 0
3, 26160, {, 1, 59, 110
3, 26160, {, 1, 71, 70
3, 26343, {, 1, 45, 0
3, 26343, {, 1, 57, 0
3, 26391, {, 1, 59, 0
3, 26391, {, 1, 71, 0
3, 26400, {, 1, 52, 110
3, 26400, {, 1, 64, 70
3, 26640, {, 1, 55, 110
3, 26640, {, 1, 67, 70
3, 26861, {, 1, 52, 0
3, 26861, {, 1, 64, 0
3, 26871, {, 1, 55, 0
3, 26871, {, 1, 67, 0
3, 26880, {, 1, 43, 110
3, 26880, {, 1, 55, 70
3, 27120, {, 1, 69, 70
3, 27120, {, 1, 57, 110
3, 27351, {, 1, 69, 0
3, 27351, {, 1, 57, 0
3, 27360, {, 1, 59, 110
3, 27360, {, 1, 71, 70
3, 27591, {, 1, 59, 0
3, 27591, {, 1, 71, 0
3, 27600, {, 1, 65, 110
3, 27600, {, 1, 77, 70
3, 27831, {, 1, 65, 0
3, 27831, {, 1, 77, 0
3, 27840, {, 1, 59, 110
3, 27840, {, 1, 71, 70
3, 28071, {, 1, 59, 0
3, 28071, {, 1, 71, 0
3, 28080, {, 1, 57, 110
3, 28080, {, 1, 69, 70
3, 28263, {, 1, 43, 0
3, 28263, {, 1, 55, 0
3, 28311, {, 1, 57, 0
3, 28311, {, 1, 69, 0
3, 28320, {, 1, 53, 110
3, 28320, {, 1, 65, 70
3, 28560, {, 1, 57, 110
3, 28560, {, 1, 69, 70
3, 28781, {, 1, 53, 0
3, 28781, {, 1, 65, 0
3, 28791, {, 1, 57, 0
3, 28791, {, 1, 69, 0
3, 28800, {, 1, 43, 110
3, 28800, {, 1, 55, 70
3, 29040, {, 1, 69, 70
3, 29040, {, 1, 57, 110
3, 29271, {, 1, 69, 0
3, 29271, {, 1, 57, 0
3, 29280, {, 1, 59, 110
3, 29280, {, 1, 71, 70
3, 29511, {, 1, 59, 0
3, 29511, {, 1, 71, 0
3, 29520, {, 1, 65, 110
3, 29520, {, 1, 77, 70
3, 29751, {, 1, 65, 0
3, 29751, {, 1, 77, 0
3, 29760, {, 1, 59, 110
3, 29760, {, 1, 71, 70
3, 29991, {, 1, 59, 0
3, 29991, {, 1, 71, 0
3, 30000, {, 1, 57, 110
3, 30000, {, 1, 69, 70
3, 30183, {, 1, 43, 0
3, 30183, {, 1, 55, 0
3, 30231, {, 1, 57, 0
3, 30231, {, 1, 69, 0
3, 30240, {, 1, 53, 110
3, 30240, {, 1, 65, 70
3, 30480, {, 1, 57, 110
3, 30480, {, 1, 69, 70
3, 30701, {, 1, 53, 0
3, 30701, {, 1, 65, 0
3, 30711, {, 1, 57, 0
3, 30711, {, 1, 69, 0
3, 30720, {, 1, 40, 110
3, 30720, {, 1, 52, 110
3, 30960, {, 1, 55, 110
3, 30960, {, 1, 67, 70
3, 31191, {, 1, 55, 0
3, 31191, {, 1, 67, 0
3, 31200, {, 1, 62, 110
3, 31200, {, 1, 74, 70
3, 31431, {, 1, 62, 0
3, 31431, {, 1, 74, 0
3, 31440, {, 1, 64, 110
3, 31440, {, 1, 76, 70
3, 31671, {, 1, 64, 0
3, 31671, {, 1, 76, 0
3, 31680, {, 1, 62, 110
3, 31680, {, 1, 74, 70
3, 31911, {, 1, 62, 0
3, 31911, {, 1, 74, 0
3, 31920, {, 1, 55, 110
3, 31920, {, 1, 67, 70
3, 32103, {, 1, 40, 0
3, 32103, {, 1, 52, 0
3, 32151, {, 1, 55, 0
3, 32151, {, 1, 67, 0
3, 32160, {, 1, 52, 110
3, 32160, {, 1, 64, 70
3, 32400, {, 1, 55, 110
3, 32400, {, 1, 67, 70
3, 32621, {, 1, 52, 0
3, 32621, {, 1, 64, 0
3, 32631, {, 1, 55, 0
3, 32631, {, 1, 67, 0
3, 32640, {, 1, 40, 110
3, 32640, {, 1, 52, 70
3, 32880, {, 1, 55, 110
3, 32880, {, 1, 67, 70
3, 33111, {, 1, 55, 0
3, 33111, {, 1, 67, 0
3, 33120, {, 1, 62, 110
3, 33120, {, 1, 74, 70
3, 33351, {, 1, 62, 0
3, 33351, {, 1, 74, 0
3, 33360, {, 1, 64, 110
3, 33360, {, 1, 76, 70
3, 33591, {, 1, 64, 0
3, 33591, {, 1, 76, 0
3, 33600, {, 1, 62, 110
3, 33600, {, 1, 74, 70
3, 33831, {, 1, 62, 0
3, 33831, {, 1, 74, 0
3, 33840, {, 1, 55, 110
3, 33840, {, 1, 67, 70
3, 34023, {, 1, 40, 0
3, 34023, {, 1, 52, 0
3, 34071, {, 1, 55, 0
3, 34071, {, 1, 67, 0
3, 34080, {, 1, 45, 110
3, 34080, {, 1, 57, 70
3, 34320, {, 1, 55, 110
3, 34320, {, 1, 67, 70
3, 34541, {, 1, 45, 0
3, 34541, {, 1, 57, 0
3, 34551, {, 1, 55, 0
3, 34551, {, 1, 67, 0
3, 34560, {, 1, 50, 110
3, 34560, {, 1, 62, 70
3, 34800, {, 1, 57, 110
3, 34800, {, 1, 69, 70
3, 35021, {, 1, 62, 0
3, 35031, {, 1, 57, 0
3, 35031, {, 1, 69, 0
3, 35040, {, 1, 62, 110
3, 35040, {, 1, 74, 70
3, 35271, {, 1, 62, 0
3, 35271, {, 1, 74, 0
3, 35280, {, 1, 67, 110
3, 35280, {, 1, 79, 70
3, 35511, {, 1, 67, 0
3, 35511, {, 1, 79, 0
3, 35520, {, 1, 62, 110
3, 35520, {, 1, 74, 70
3, 35751, {, 1, 62, 0
3, 35751, {, 1, 74, 0
3, 35760, {, 1, 57, 110
3, 35760, {, 1, 69, 70
3, 35943, {, 1, 50, 0
3, 35991, {, 1, 57, 0
3, 35991, {, 1, 69, 0
3, 36000, {, 1, 62, 110
3, 36000, {, 1, 74, 70
3, 36240, {, 1, 67, 110
3, 36240, {, 1, 79, 70
3, 36461, {, 1, 62, 0
3, 36461, {, 1, 74, 0
3, 36471, {, 1, 67, 0
3, 36471, {, 1, 79, 0
3, 36480, {, 1, 50, 110
3, 36480, {, 1, 62, 70
3, 36720, {, 1, 57, 110
3, 36720, {, 1, 69, 70
3, 36941, {, 1, 62, 0
3, 36951, {, 1, 57, 0
3, 36951, {, 1, 69, 0
3, 36960, {, 1, 62, 110
3, 36960, {, 1, 74, 70
3, 37191, {, 1, 62, 0
3, 37191, {, 1, 74, 0
3, 37200, {, 1, 65, 110
3, 37200, {, 1, 77, 70
3, 37431, {, 1, 65, 0
3, 37431, {, 1, 77, 0
3, 37440, {, 1, 62, 110
3, 37440, {, 1, 74, 70
3, 37671, {, 1, 62, 0
3, 37671, {, 1, 74, 0
3, 37680, {, 1, 57, 110
3, 37680, {, 1, 69, 70
3, 37863, {, 1, 50, 0
3, 37911, {, 1, 57, 0
3, 37911, {, 1, 69, 0
3, 37920, {, 1, 62, 110
3, 37920, {, 1, 74, 70
3, 38160, {, 1, 65, 110
3, 38160, {, 1, 77, 70
3, 38381, {, 1, 62, 0
3, 38381, {, 1, 74, 0
3, 38391, {, 1, 65, 0
3, 38391, {, 1, 77, 0
3, 38400, {, 1, 50, 110
3, 38400, {, 1, 62, 70
3, 38640, {, 1, 56, 110
3, 38640, {, 1, 68, 70
3, 38861, {, 1, 62, 0
3, 38871, {, 1, 56, 0
3, 38871, {, 1, 68, 0
3, 38880, {, 1, 62, 110
3, 38880, {, 1, 74, 70
3, 39111, {, 1, 62, 0
3, 39111, {, 1, 74, 0
3, 39120, {, 1, 65, 110
3, 39120, {, 1, 77, 70
3, 39351, {, 1, 65, 0
3, 39351, {, 1, 77, 0
3, 39360, {, 1, 62, 110
3, 39360, {, 1, 74, 70
3, 39591, {, 1, 62, 0
3, 39591, {, 1, 74, 0
3, 39600, {, 1, 56, 110
3, 39600, {, 1, 68, 70
3, 39783, {, 1, 50, 0
3, 39831, {, 1, 56, 0
3, 39831, {, 1, 68, 0
3, 39840, {, 1, 62, 110
3, 39840, {, 1, 74, 70
3, 40080, {, 1, 65, 110
3, 40080, {, 1, 77, 70
3, 40301, {, 1, 62, 0
3, 40301, {, 1, 74, 0
3, 40311, {, 1, 65, 0
3, 40311, {, 1, 77, 0
3, 40320, {, 1, 50, 110
3, 40320, {, 1, 62, 70
3, 40560, {, 1, 56, 110
3, 40560, {, 1, 68, 70
3, 40791, {, 1, 56, 0
3, 40791, {, 1, 68, 0
3, 40800, {, 1, 60, 110
3, 40800, {, 1, 72, 70
3, 41031, {, 1, 60, 0
3, 41031, {, 1, 72, 0
3, 41040, {, 1, 68, 110
3, 41040, {, 1, 80, 70
3, 41271, {, 1, 68, 0
3, 41271, {, 1, 80, 0
3, 41280, {, 1, 60, 110
3, 41280, {, 1, 72, 70
3, 41511, {, 1, 60, 0
3, 41511, {, 1, 72, 0
3, 41520, {, 1, 56, 110
3, 41520, {, 1, 68, 70
3, 41703, {, 1, 50, 0
3, 41751, {, 1, 56, 0
3, 41751, {, 1, 68, 0
3, 41760, {, 1, 60, 110
3, 41760, {, 1, 72, 70
3, 42000, {, 1, 68, 110
3, 42000, {, 1, 80, 70
3, 42164, {, 1, 62, 0
3, 42221, {, 1, 60, 0
3, 42221, {, 1, 72, 0
3, 42231, {, 1, 68, 0
3, 42231, {, 1, 80, 0
3, 42240, {, 1, 43, 110
3, 42240, {, 1, 55, 70
3, 42480, {, 1, 57, 110
3, 42480, {, 1, 69, 70
3, 42711, {, 1, 57, 0
3, 42711, {, 1, 69, 0
3, 42720, {, 1, 59, 110
3, 42720, {, 1, 71, 70
3, 42951, {, 1, 59, 0
3, 42951, {, 1, 71, 0
3, 42960, {, 1, 65, 110
3, 42960, {, 1, 77, 70
3, 43191, {, 1, 65, 0
3, 43191, {, 1, 77, 0
3, 43200, {, 1, 59, 110
3, 43200, {, 1, 71, 70
3, 43431, {, 1, 59, 0
3, 43431, {, 1, 71, 0
3, 43440, {, 1, 57, 110
3, 43440, {, 1, 69, 70
3, 43623, {, 1, 43, 0
3, 43671, {, 1, 57, 0
3, 43671, {, 1, 69, 0
3, 43680, {, 1, 59, 110
3, 43680, {, 1, 71, 70
3, 43920, {, 1, 65, 110
3, 43920, {, 1, 77, 70
3, 44084, {, 1, 55, 0
3, 44141, {, 1, 59, 0
3, 44141, {, 1, 71, 0
3, 44151, {, 1, 65, 0
3, 44151, {, 1, 77, 0
3, 44160, {, 1, 50, 100
3, 44190, {, 1, 53, 115
3, 44220, {, 1, 59, 115
3, 44220, {, 1, 74, 100
3, 45082, {, 1, 50, 0
3, 45112, {, 1, 53, 0
3, 45120, {, 1, 50, 100
3, 45142, {, 1, 59, 0
3, 45142, {, 1, 74, 0
3, 45150, {, 1, 53, 115
3, 45180, {, 1, 59, 115
3, 45180, {, 1, 74, 100
3, 46042, {, 1, 50, 0
3, 46072, {, 1, 53, 0
3, 46080, {, 1, 48, 110
3, 46080, {, 1, 60, 70
3, 46102, {, 1, 59, 0
3, 46102, {, 1, 74, 0
3, 46320, {, 1, 55, 110
3, 46320, {, 1, 67, 70
3, 46551, {, 1, 55, 0
3, 46551, {, 1, 67, 0
3, 46560, {, 1, 62, 110
3, 46560, {, 1, 74, 70
3, 46791, {, 1, 62, 0
3, 46791, {, 1, 74, 0
3, 46800, {, 1, 64, 110
3, 46800, {, 1, 76, 70
3, 47031, {, 1, 64, 0
3, 47031, {, 1, 76, 0
3, 47040, {, 1, 62, 110
3, 47040, {, 1, 74, 70
3, 47271, {, 1, 62, 0
3, 47271, {, 1, 74, 0
3, 47280, {, 1, 55, 110
3, 47280, {, 1, 67, 70
3, 47463, {, 1, 48, 0
3, 47463, {, 1, 60, 0
3, 47511, {, 1, 55, 0
3, 47511, {, 1, 67, 0
3, 47520, {, 1, 52, 110
3, 47520, {, 1, 64, 70
3, 47760, {, 1, 55, 110
3, 47760, {, 1, 67, 70
3, 47981, {, 1, 52, 0
3, 47981, {, 1, 64, 0
3, 47991, {, 1, 55, 0
3, 47991, {, 1, 67, 0
3, 48000, {, 1, 48, 110
3, 48000, {, 1, 60, 70
3, 48240, {, 1, 55, 110
3, 48240, {, 1, 67, 70
3, 48471, {, 1, 55, 0
3, 48471, {, 1, 67, 0
3, 48480, {, 1, 62, 110
3, 48480, {, 1, 74, 70
3, 48711, {, 1, 62, 0
3, 48711, {, 1, 74, 0
3, 48720, {, 1, 64, 110
3, 48720, {, 1, 76, 70
3, 48951, {, 1, 64, 0
3, 48951, {, 1, 76, 0
3, 48960, {, 1, 62, 110
3, 48960, {, 1, 74, 70
3, 49191, {, 1, 62, 0
3, 49191, {, 1, 74, 0
3, 49200, {, 1, 55, 110
3, 49200, {, 1, 67, 70
3, 49383, {, 1, 48, 0
3, 49383, {, 1, 60, 0
3, 49431, {, 1, 55, 0
3, 49431, {, 1, 67, 0
3, 49440, {, 1, 53, 110
3, 49440, {, 1, 65, 70
3, 49680, {, 1, 55, 110
3, 49680, {, 1, 67, 70
3, 49901, {, 1, 53, 0
3, 49901, {, 1, 65, 0
3, 49911, {, 1, 55, 0
3, 49911, {, 1, 67, 0
3, 49920, {, 1, 48, 110
3, 49920, {, 1, 60, 70
3, 50160, {, 1, 55, 110
3, 50160, {, 1, 67, 70
3, 50391, {, 1, 55, 0
3, 50391, {, 1, 67, 0
3, 50400, {, 1, 62, 110
3, 50400, {, 1, 74, 70
3, 50631, {, 1, 62, 0
3, 50631, {, 1, 74, 0
3, 50640, {, 1, 64, 110
3, 50640, {, 1, 76, 70
3, 50871, {, 1, 64, 0
3, 50871, {, 1, 76, 0
3, 50880, {, 1, 62, 110
3, 50880, {, 1, 74, 70
3, 51111, {, 1, 62, 0
3, 51111, {, 1, 74, 0
3, 51120, {, 1, 55, 110
3, 51120, {, 1, 67, 70
3, 51303, {, 1, 48, 0
3, 51303, {, 1, 60, 0
3, 51351, {, 1, 55, 0
3, 51351, {, 1, 67, 0
3, 51360, {, 1, 52, 110
3, 51360, {, 1, 64, 70
3, 51600, {, 1, 55, 110
3, 51600, {, 1, 67, 70
3, 51821, {, 1, 52, 0
3, 51821, {, 1, 64, 0
3, 51831, {, 1, 55, 0
3, 51831, {, 1, 67, 0
3, 51840, {, 1, 48, 110
3, 51840, {, 1, 60, 70
3, 52080, {, 1, 55, 110
3, 52080, {, 1, 67, 70
3, 52311, {, 1, 55, 0
3, 52311, {, 1, 67, 0
3, 52320, {, 1, 62, 110
3, 52320, {, 1, 74, 70
3, 52551, {, 1, 62, 0
3, 52551, {, 1, 74, 0
3, 52560, {, 1, 64, 110
3, 52560, {, 1, 76, 70
3, 52791, {, 1, 64, 0
3, 52791, {, 1, 76, 0
3, 52800, {, 1, 62, 110
3, 52800, {, 1, 74, 70
3, 53031, {, 1, 62, 0
3, 53031, {, 1, 74, 0
3, 53040, {, 1, 55, 110
3, 53040, {, 1, 67, 70
3, 53223, {, 1, 48, 0
3, 53223, {, 1, 60, 0
3, 53271, {, 1, 55, 0
3, 53271, {, 1, 67, 0
3, 53280, {, 1, 52, 110
3, 53280, {, 1, 64, 70
3, 53520, {, 1, 55, 110
3, 53520, {, 1, 67, 70
3, 53741, {, 1, 52, 0
3, 53741, {, 1, 64, 0
3, 53751, {, 1, 55, 0
3, 53751, {, 1, 67, 0
3, 53760, {, 1, 45, 110
3, 53760, {, 1, 57, 70
3, 54000, {, 1, 71, 70
3, 54000, {, 1, 59, 110
3, 54231, {, 1, 71, 0
3, 54231, {, 1, 59, 0
3, 54240, {, 1, 60, 110
3, 54240, {, 1, 72, 70
3, 54471, {, 1, 60, 0
3, 54471, {, 1, 72, 0
3, 54480, {, 1, 67, 110
3, 54480, {, 1, 79, 70
3, 54711, {, 1, 67, 0
3, 54711, {, 1, 79, 0
3, 54720, {, 1, 60, 110
3, 54720, {, 1, 72, 70
3, 54951, {, 1, 60, 0
3, 54951, {, 1, 72, 0
3, 54960, {, 1, 59, 110
3, 54960, {, 1, 71, 70
3, 55143, {, 1, 45, 0
3, 55143, {, 1, 57, 0
3, 55191, {, 1, 59, 0
3, 55191, {, 1, 71, 0
3, 55200, {, 1, 52, 110
3, 55200, {, 1, 64, 70
3, 55440, {, 1, 55, 110
3, 55440, {, 1, 67, 70
3, 55661, {, 1, 52, 0
3, 55661, {, 1, 64, 0
3, 55671, {, 1, 55, 0
3, 55671, {, 1, 67, 0
3, 55680, {, 1, 45, 110
3, 55680, {, 1, 57, 70
3, 55920, {, 1, 71, 70
3, 55920, {, 1, 59, 110
3, 56151, {, 1, 71, 0
3, 56151, {, 1, 59, 0
3, 56160, {, 1, 60, 110
3, 56160, {, 1, 72, 70
3, 56391, {, 1, 60, 0
3, 56391, {, 1, 72, 0
3, 56400, {, 1, 67, 110
3, 56400, {, 1, 79, 70
3, 56631, {, 1, 67, 0
3, 56631, {, 1, 79, 0
3, 56640, {, 1, 60, 110
3, 56640, {, 1, 72, 70
3, 56871, {, 1, 60, 0
3, 56871, {, 1, 72, 0
3, 56880, {, 1, 59, 110
3, 56880, {, 1, 71, 70
3, 57063, {, 1, 45, 0
3, 57063, {, 1, 57, 0
3, 57111, {, 1, 59, 0
3, 57111, {, 1, 71, 0
3, 57120, {, 1, 52, 110
3, 57120, {, 1, 64, 70
3, 57360, {, 1, 55, 110
3, 57360, {, 1, 67, 70
3, 57581, {, 1, 52, 0
3, 57581, {, 1, 64, 0
3, 57591, {, 1, 55, 0
3, 57591, {, 1, 67, 0
3, 57600, {, 1, 43, 110
3, 57600, {, 1, 55, 70
3, 57840, {, 1, 69, 70
3, 57840, {, 1, 57, 110
3, 58071, {, 1, 69, 0
3, 58071, {, 1, 57, 0
3, 58080, {, 1, 59, 110
3, 58080, {, 1, 71, 70
3, 58311, {, 1, 59, 0
3, 58311, {, 1, 71, 0
3, 58320, {, 1, 65, 110
3, 58320, {, 1, 77, 70
3, 58551, {, 1, 65, 0
3, 58551, {, 1, 77, 0
3, 58560, {, 1, 59, 110
3, 58560, {, 1, 71, 70
3, 58791, {, 1, 59, 0
3, 58791, {, 1, 71, 0
3, 58800, {, 1, 57, 110
3, 58800, {, 1, 69, 70
3, 58983, {, 1, 43, 0
3, 58983, {, 1, 55, 0
3, 59031, {, 1, 57, 0
3, 59031, {, 1, 69, 0
3, 59040, {, 1, 53, 110
3, 59040, {, 1, 65, 70
3, 59280, {, 1, 57, 110
3, 59280, {, 1, 69, 70
3, 59501, {, 1, 53, 0
3, 59501, {, 1, 65, 0
3, 59511, {, 1, 57, 0
3, 59511, {, 1, 69, 0
3, 59520, {, 1, 43, 110
3, 59520, {, 1, 55, 70
3, 59760, {, 1, 69, 70
3, 59760, {, 1, 57, 110
3, 59991, {, 1, 69, 0
3, 59991, {, 1, 57, 0
3, 60000, {, 1, 59, 110
3, 60000, {, 1, 71, 70
3, 60231, {, 1, 59, 0
3, 60231, {, 1, 71, 0
3, 60240, {, 1, 65, 110
3, 60240, {, 1, 77, 70
3, 60471, {, 1, 65, 0
3, 60471, {, 1, 77, 0
3, 60480, {, 1, 59, 110
3, 60480, {, 1, 71, 70
3, 60711, {, 1, 59, 0
3, 60711, {, 1, 71, 0
3, 60720, {, 1, 57, 110
3, 60720, {, 1, 69, 70
3, 60903, {, 1, 43, 0
3, 60903, {, 1, 55, 0
3, 60951, {, 1, 57, 0
3, 60951, {, 1, 69, 0
3, 60960, {, 1, 53, 110
3, 60960, {, 1, 65, 70
3, 61200, {, 1, 57, 110
3, 61200, {, 1, 69, 70
3, 61421, {, 1, 53, 0
3, 61421, {, 1, 65, 0
3, 61431, {, 1, 57, 0
3, 61431, {, 1, 69, 0
3, 61440, {, 1, 40, 110
3, 61440, {, 1, 52, 110
3, 61680, {, 1, 55, 110
3, 61680, {, 1, 67, 70
3, 61911, {, 1, 55, 0
3, 61911, {, 1, 67, 0
3, 61920, {, 1, 62, 110
3, 61920, {, 1, 74, 70
3, 62151, {, 1, 62, 0
3, 62151, {, 1, 74, 0
3, 62160, {, 1, 64, 110
3, 62160, {, 1, 76, 70
3, 62391, {, 1, 64, 0
3, 62391, {, 1, 76, 0
3, 62400, {, 1, 62, 110
3, 62400, {, 1, 74, 70
3, 62631, {, 1, 62, 0
3, 62631, {, 1, 74, 0
3, 62640, {, 1, 55, 110
3, 62640, {, 1, 67, 70
3, 62823, {, 1, 40, 0
3, 62823, {, 1, 52, 0
3, 62871, {, 1, 55, 0
3, 62871, {, 1, 67, 0
3, 62880, {, 1, 52, 110
3, 62880, {, 1, 64, 70
3, 63120, {, 1, 55, 110
3, 63120, {, 1, 67, 70
3, 63341, {, 1, 52, 0
3, 63341, {, 1, 64, 0
3, 63351, {, 1, 55, 0
3, 63351, {, 1, 67, 0
3, 63360, {, 1, 40, 110
3, 63360, {, 1, 52, 70
3, 63600, {, 1, 55, 110
3, 63600, {, 1, 67, 70
3, 63831, {, 1, 55, 0
3, 63831, {, 1, 67, 0
3, 63840, {, 1, 62, 110
3, 63840, {, 1, 74, 70
3, 64071, {, 1, 62, 0
3, 64071, {, 1, 74, 0
3, 64080, {, 1, 64, 110
3, 64080, {, 1, 76, 70
3, 64311, {, 1, 64, 0
3, 64311, {, 1, 76, 0
3, 64320, {, 1, 62, 110
3, 64320, {, 1, 74, 70
3, 64551, {, 1, 62, 0
3, 64551, {, 1, 74, 0
3, 64560, {, 1, 55, 110
3, 64560, {, 1, 67, 70
3, 64743, {, 1, 40, 0
3, 64743, {, 1, 52, 0
3, 64791, {, 1, 55, 0
3, 64791, {, 1, 67, 0
3, 64800, {, 1, 45, 110
3, 64800, {, 1, 57, 70
3, 65040, {, 1, 55, 110
3, 65040, {, 1, 67, 70
3, 65261, {, 1, 45, 0
3, 65261, {, 1, 57, 0
3, 65271, {, 1, 55, 0
3, 65271, {, 1, 67, 0
3, 65280, {, 1, 50, 110
3, 65280, {, 1, 62, 70
3, 65520, {, 1, 57, 110
3, 65520, {, 1, 69, 70
3, 65741, {, 1, 62, 0
3, 65751, {, 1, 57, 0
3, 65751, {, 1, 69, 0
3, 65760, {, 1, 62, 110
3, 65760, {, 1, 74, 70
3, 65991, {, 1, 62, 0
3, 65991, {, 1, 74, 0
3, 66000, {, 1, 67, 110
3, 66000, {, 1, 79, 70
3, 66231, {, 1, 67, 0
3, 66231, {, 1, 79, 0
3, 66240, {, 1, 62, 110
3, 66240, {, 1, 74, 70
3, 66471, {, 1, 62, 0
3, 66471, {, 1, 74, 0
3, 66480, {, 1, 57, 110
3, 66480, {, 1, 69, 70
3, 66663, {, 1, 50, 0
3, 66711, {, 1, 57, 0
3, 66711, {, 1, 69, 0
3, 66720, {, 1, 62, 110
3, 66720, {, 1, 74, 70
3, 66960, {, 1, 67, 110
3, 66960, {, 1, 79, 70
3, 67181, {, 1, 62, 0
3, 67181, {, 1, 74, 0
3, 67191, {, 1, 67, 0
3, 67191, {, 1, 79, 0
3, 67200, {, 1, 50, 110
3, 67200, {, 1, 62, 70
3, 67440, {, 1, 57, 110
3, 67440, {, 1, 69, 70
3, 67661, {, 1, 62, 0
3, 67671, {, 1, 57, 0
3, 67671, {, 1, 69, 0
3, 67680, {, 1, 62, 110
3, 67680, {, 1, 74, 70
3, 67911, {, 1, 62, 0
3, 67911, {, 1, 74, 0
3, 67920, {, 1, 65, 110
3, 67920, {, 1, 77, 70
3, 68151, {, 1, 65, 0
3, 68151, {, 1, 77, 0
3, 68160, {, 1, 62, 110
3, 68160, {, 1, 74, 70
3, 68391, {, 1, 62, 0
3, 68391, {, 1, 74, 0
3, 68400, {, 1, 57, 110
3, 68400, {, 1, 69, 70
3, 68583, {, 1, 50, 0
3, 68631, {, 1, 57, 0
3, 68631, {, 1, 69, 0
3, 68640, {, 1, 62, 110
3, 68640, {, 1, 74, 70
3, 68880, {, 1, 65, 110
3, 68880, {, 1, 77, 70
3, 69101, {, 1, 62, 0
3, 69101, {, 1, 74, 0
3, 69111, {, 1, 65, 0
3, 69111, {, 1, 77, 0
3, 69120, {, 1, 50, 110
3, 69120, {, 1, 62, 70
3, 69360, {, 1, 56, 110
3, 69360, {, 1, 68, 70
3, 69581, {, 1, 62, 0
3, 69591, {, 1, 56, 0
3, 69591, {, 1, 68, 0
3, 69600, {, 1, 62, 110
3, 69600, {, 1, 74, 70
3, 69831, {, 1, 62, 0
3, 69831, {, 1, 74, 0
3, 69840, {, 1, 65, 110
3, 69840, {, 1, 77, 70
3, 70071, {, 1, 65, 0
3, 70071, {, 1, 77, 0
3, 70080, {, 1, 62, 110
3, 70080, {, 1, 74, 70
3, 70311, {, 1, 62, 0
3, 70311, {, 1, 74, 0
3, 70320, {, 1, 56, 110
3, 70320, {, 1, 68, 70
3, 70503, {, 1, 50, 0
3, 70551, {, 1, 56, 0
3, 70551, {, 1, 68, 0
3, 70560, {, 1, 62, 110
3, 70560, {, 1, 74, 70
3, 70800, {, 1, 65, 110
3, 70800, {, 1, 77, 70
3, 71021, {, 1, 62, 0
3, 71021, {, 1, 74, 0
3, 71031, {, 1, 65, 0
3, 71031, {, 1, 77, 0
3, 71040, {, 1, 50, 110
3, 71040, {, 1, 62, 70
3, 71280, {, 1, 56, 110
3, 71280, {, 1, 68, 70
3, 71511, {, 1, 56, 0
3, 71511, {, 1, 68, 0
3, 71520, {, 1, 60, 110
3, 71520, {, 1, 72, 70
3, 71751, {, 1, 60, 0
3, 71751, {, 1, 72, 0
3, 71760, {, 1, 68, 110
3, 71760, {, 1, 80, 70
3, 71991, {, 1, 68, 0
3, 71991, {, 1, 80, 0
3, 72000, {, 1, 60, 110
3, 72000, {, 1, 72, 70
3, 72231, {, 1, 60, 0
3, 72231, {, 1, 72, 0
3, 72240, {, 1, 56, 110
3, 72240, {, 1, 68, 70
3, 72423, {, 1, 50, 0
3, 72423, {, 1, 62, 0
3, 72471, {, 1, 56, 0
3, 72471, {, 1, 68, 0
3, 72480, {, 1, 60, 110
3, 72480, {, 1, 72, 70
3, 72720, {, 1, 68, 110
3, 72720, {, 1, 80, 70
3, 72941, {, 1, 60, 0
3, 72941, {, 1, 72, 0
3, 72951, {, 1, 68, 0
3, 72951, {, 1, 80, 0
3, 72960, {, 1, 43, 110
3, 72960, {, 1, 55, 70
3, 73200, {, 1, 57, 110
3, 73200, {, 1, 69, 70
3, 73431, {, 1, 57, 0
3, 73431, {, 1, 69, 0
3, 73440, {, 1, 59, 110
3, 73440, {, 1, 71, 70
3, 73671, {, 1, 59, 0
3, 73671, {, 1, 71, 0
3, 73680, {, 1, 65, 110
3, 73680, {, 1, 77, 70
3, 73911, {, 1, 65, 0
3, 73911, {, 1, 77, 0
3, 73920, {, 1, 59, 110
3, 73920, {, 1, 71, 70
3, 74151, {, 1, 59, 0
3, 74151, {, 1, 71, 0
3, 74160, {, 1, 57, 110
3, 74160, {, 1, 69, 70
3, 74343, {, 1, 43, 0
3, 74343, {, 1, 55, 0
3, 74391, {, 1, 57, 0
3, 74391, {, 1, 69, 0
3, 74400, {, 1, 59, 110
3, 74400, {, 1, 71, 70
3, 74640, {, 1, 65, 110
3, 74640, {, 1, 77, 70
3, 74861, {, 1, 59, 0
3, 74861, {, 1, 71, 0
3, 74871, {, 1, 65, 0
3, 74871, {, 1, 77, 0
3, 74880, {, 1, 43, 110
3, 74880, {, 1, 55, 70
3, 75111, {, 1, 55, 0
3, 75120, {, 1, 55, 110
3, 75120, {, 1, 67, 70
3, 75351, {, 1, 55, 0
3, 75351, {, 1, 67, 0
3, 75360, {, 1, 59, 110
3, 75360, {, 1, 71, 70
3, 75591, {, 1, 59, 0
3, 75591, {, 1, 71, 0
3, 75600, {, 1, 64, 110
3, 75600, {, 1, 76, 70
3, 75802, {, 1, 43, 0
3, 75831, {, 1, 64, 0
3, 75831, {, 1, 76, 0
3, 75840, {, 1, 43, 110
3, 75840, {, 1, 55, 70
3, 76071, {, 1, 55, 0
3, 76080, {, 1, 55, 110
3, 76080, {, 1, 67, 70
3, 76311, {, 1, 55, 0
3, 76311, {, 1, 67, 0
3, 76320, {, 1, 59, 110
3, 76320, {, 1, 71, 70
3, 76551, {, 1, 59, 0
3, 76551, {, 1, 71, 0
3, 76560, {, 1, 65, 110
3, 76560, {, 1, 77, 70
3, 76762, {, 1, 43, 0
3, 76791, {, 1, 65, 0
3, 76791, {, 1, 77, 0
3, 76800, {, 1, 45, 70
3, 76800, {, 1, 57, 90
3, 77031, {, 1, 45, 0
3, 77031, {, 1, 57, 0
3, 77040, {, 1, 69, 70
3, 77040, {, 1, 57, 110
3, 77271, {, 1, 69, 0
3, 77271, {, 1, 57, 0
3, 77280, {, 1, 74, 70
3, 77280, {, 1, 62, 110
3, 77511, {, 1, 74, 0
3, 77511, {, 1, 62, 0
3, 77520, {, 1, 76, 70
3, 77520, {, 1, 64, 110
3, 77751, {, 1, 76, 0
3, 77751, {, 1, 64, 0
3, 77760, {, 1, 62, 110
3, 77760, {, 1, 74, 70
3, 77991, {, 1, 62, 0
3, 77991, {, 1, 74, 0
3, 78000, {, 1, 69, 70
3, 78000, {, 1, 57, 110
3, 78231, {, 1, 69, 0
3, 78231, {, 1, 57, 0
3, 78240, {, 1, 74, 70
3, 78240, {, 1, 62, 110
3, 78480, {, 1, 76, 70
3, 78480, {, 1, 64, 110
3, 78701, {, 1, 74, 0
3, 78701, {, 1, 62, 0
3, 78711, {, 1, 76, 0
3, 78711, {, 1, 64, 0
3, 78720, {, 1, 43, 65
3, 78720, {, 1, 55, 85
3, 78960, {, 1, 57, 110
3, 78960, {, 1, 69, 70
3, 79191, {, 1, 57, 0
3, 79191, {, 1, 69, 0
3, 79200, {, 1, 72, 70
3, 79200, {, 1, 60, 110
3, 79431, {, 1, 72, 0
3, 79431, {, 1, 60, 0
3, 79440, {, 1, 76, 70
3, 79440, {, 1, 64, 110
3, 79671, {, 1, 76, 0
3, 79671, {, 1, 64, 0
3, 79680, {, 1, 60, 110
3, 79680, {, 1, 72, 70
3, 79911, {, 1, 60, 0
3, 79911, {, 1, 72, 0
3, 79920, {, 1, 69, 70
3, 79920, {, 1, 57, 110
3, 80103, {, 1, 43, 0
3, 80103, {, 1, 55, 0
3, 80151, {, 1, 69, 0
3, 80151, {, 1, 57, 0
3, 80160, {, 1, 72, 70
3, 80160, {, 1, 60, 110
3, 80400, {, 1, 76, 70
3, 80400, {, 1, 64, 110
3, 80621, {, 1, 72, 0
3, 80621, {, 1, 60, 0
3, 80631, {, 1, 76, 0
3, 80631, {, 1, 64, 0
3, 80640, {, 1, 42, 60
3, 80640, {, 1, 54, 80
3, 80880, {, 1, 69, 70
3, 80880, {, 1, 57, 110
3, 81111, {, 1, 69, 0
3, 81111, {, 1, 57, 0
3, 81120, {, 1, 72, 70
3, 81120, {, 1, 60, 110
3, 81351, {, 1, 72, 0
3, 81351, {, 1, 60, 0
3, 81360, {, 1, 76, 70
3, 81360, {, 1, 64, 110
3, 81591, {, 1, 76, 0
3, 81591, {, 1, 64, 0
3, 81600, {, 1, 60, 110
3, 81600, {, 1, 72, 70
3, 81831, {, 1, 60, 0
3, 81831, {, 1, 72, 0
3, 81840, {, 1, 69, 70
3, 81840, {, 1, 57, 110
3, 82023, {, 1, 42, 0
3, 82023, {, 1, 54, 0
3, 82071, {, 1, 69, 0
3, 82071, {, 1, 57, 0
3, 82080, {, 1, 60, 110
3, 82080, {, 1, 72, 70
3, 82320, {, 1, 64, 110
3, 82320, {, 1, 76, 70
3, 82541, {, 1, 60, 0
3, 82541, {, 1, 72, 0
3, 82551, {, 1, 64, 0
3, 82551, {, 1, 76, 0
3, 82560, {, 1, 41, 60
3, 82560, {, 1, 53, 80
3, 82800, {, 1, 69, 70
3, 82800, {, 1, 57, 110
3, 83031, {, 1, 69, 0
3, 83031, {, 1, 57, 0
3, 83040, {, 1, 60, 110
3, 83040, {, 1, 72, 70
3, 83271, {, 1, 60, 0
3, 83271, {, 1, 72, 0
3, 83280, {, 1, 65, 110
3, 83280, {, 1, 77, 70
3, 83511, {, 1, 65, 0
3, 83511, {, 1, 77, 0
3, 83520, {, 1, 72, 70
3, 83520, {, 1, 60, 110
3, 83751, {, 1, 72, 0
3, 83751, {, 1, 60, 0
3, 83760, {, 1, 57, 110
3, 83760, {, 1, 69, 70
3, 83943, {, 1, 41, 0
3, 83943, {, 1, 53, 0
3, 83991, {, 1, 57, 0
3, 83991, {, 1, 69, 0
3, 84000, {, 1, 60, 110
3, 84000, {, 1, 72, 70
3, 84240, {, 1, 65, 110
3, 84240, {, 1, 77, 70
3, 84461, {, 1, 60, 0
3, 84461, {, 1, 72, 0
3, 84471, {, 1, 65, 0
3, 84471, {, 1, 77, 0
3, 84480, {, 1, 38, 70
3, 84480, {, 1, 50, 90
3, 84720, {, 1, 69, 70
3, 84720, {, 1, 57, 110
3, 84951, {, 1, 69, 0
3, 84951, {, 1, 57, 0
3, 84960, {, 1, 74, 70
3, 84960, {, 1, 62, 110
3, 85191, {, 1, 74, 0
3, 85191, {, 1, 62, 0
3, 85200, {, 1, 77, 70
3, 85200, {, 1, 65, 110
3, 85431, {, 1, 77, 0
3, 85431, {, 1, 65, 0
3, 85440, {, 1, 62, 110
3, 85440, {, 1, 74, 70
3, 85671, {, 1, 62, 0
3, 85671, {, 1, 74, 0
3, 85680, {, 1, 69, 70
3, 85680, {, 1, 57, 110
3, 85863, {, 1, 38, 0
3, 85863, {, 1, 50, 0
3, 85911, {, 1, 69, 0
3, 85911, {, 1, 57, 0
3, 85920, {, 1, 74, 70
3, 85920, {, 1, 62, 110
3, 86160, {, 1, 77, 70
3, 86160, {, 1, 65, 110
3, 86381, {, 1, 74, 0
3, 86381, {, 1, 62, 0
3, 86391, {, 1, 77, 0
3, 86391, {, 1, 65, 0
3, 86400, {, 1, 43, 70
3, 86400, {, 1, 55, 90
3, 86631, {, 1, 43, 0
3, 86631, {, 1, 55, 0
3, 86640, {, 1, 67, 70
3, 86640, {, 1, 55, 110
3, 86871, {, 1, 67, 0
3, 86871, {, 1, 55, 0
3, 86880, {, 1, 74, 70
3, 86880, {, 1, 62, 110
3, 87111, {, 1, 74, 0
3, 87111, {, 1, 62, 0
3, 87120, {, 1, 77, 70
3, 87120, {, 1, 65, 110
3, 87351, {, 1, 77, 0
3, 87351, {, 1, 65, 0
3, 87360, {, 1, 62, 110
3, 87360, {, 1, 74, 70
3, 87591, {, 1, 62, 0
3, 87591, {, 1, 74, 0
3, 87600, {, 1, 67, 70
3, 87600, {, 1, 55, 110
3, 87831, {, 1, 67, 0
3, 87831, {, 1, 55, 0
3, 87840, {, 1, 74, 70
3, 87840, {, 1, 62, 110
3, 88080, {, 1, 77, 70
3, 88080, {, 1, 65, 110
3, 88301, {, 1, 74, 0
3, 88301, {, 1, 62, 0
3, 88311, {, 1, 77, 0
3, 88311, {, 1, 65, 0
3, 88320, {, 1, 40, 70
3, 88320, {, 1, 52, 90
3, 88560, {, 1, 67, 70
3, 88560, {, 1, 55, 110
3, 88791, {, 1, 67, 0
3, 88791, {, 1, 55, 0
3, 88800, {, 1, 74, 70
3, 88800, {, 1, 62, 110
3, 89031, {, 1, 74, 0
3, 89031, {, 1, 62, 0
3, 89040, {, 1, 76, 70
3, 89040, {, 1, 64, 110
3, 89271, {, 1, 76, 0
3, 89271, {, 1, 64, 0
3, 89280, {, 1, 62, 110
3, 89280, {, 1, 74, 70
3, 89511, {, 1, 62, 0
3, 89511, {, 1, 74, 0
3, 89520, {, 1, 67, 70
3, 89520, {, 1, 55, 110
3, 89703, {, 1, 40, 0
3, 89703, {, 1, 52, 0
3, 89751, {, 1, 67, 0
3, 89751, {, 1, 55, 0
3, 89760, {, 1, 74, 70
3, 89760, {, 1, 62, 110
3, 90000, {, 1, 76, 70
3, 90000, {, 1, 64, 110
3, 90221, {, 1, 74, 0
3, 90221, {, 1, 62, 0
3, 90231, {, 1, 76, 0
3, 90231, {, 1, 64, 0
3, 90240, {, 1, 77, 70
3, 90240, {, 1, 65, 110
3, 90480, {, 1, 67, 70
3, 90480, {, 1, 55, 110
3, 90701, {, 1, 77, 0
3, 90701, {, 1, 65, 0
3, 90711, {, 1, 67, 0
3, 90711, {, 1, 55, 0
3, 90720, {, 1, 76, 70
3, 90720, {, 1, 64, 110
3, 90960, {, 1, 67, 70
3, 90960, {, 1, 55, 110
3, 91181, {, 1, 76, 0
3, 91181, {, 1, 64, 0
3, 91191, {, 1, 67, 0
3, 91191, {, 1, 55, 0
3, 91200, {, 1, 75, 70
3, 91200, {, 1, 63, 110
3, 91440, {, 1, 67, 70
3, 91440, {, 1, 55, 110
3, 91661, {, 1, 75, 0
3, 91661, {, 1, 63, 0
3, 91671, {, 1, 67, 0
3, 91671, {, 1, 55, 0
3, 91680, {, 1, 76, 70
3, 91680, {, 1, 64, 110
3, 91920, {, 1, 67, 70
3, 91920, {, 1, 55, 110
3, 92141, {, 1, 76, 0
3, 92141, {, 1, 64, 0
3, 92151, {, 1, 67, 0
3, 92151, {, 1, 55, 0
3, 92160, {, 1, 38, 70
3, 92160, {, 1, 50, 90
3, 92400, {, 1, 69, 70
3, 92400, {, 1, 57, 110
3, 92631, {, 1, 69, 0
3, 92631, {, 1, 57, 0
3, 92640, {, 1, 72, 70
3, 92640, {, 1, 60, 110
3, 92871, {, 1, 72, 0
3, 92871, {, 1, 60, 0
3, 92880, {, 1, 76, 70
3, 92880, {, 1, 64, 110
3, 93111, {, 1, 76, 0
3, 93111, {, 1, 64, 0
3, 93120, {, 1, 60, 110
3, 93120, {, 1, 72, 70
3, 93351, {, 1, 60, 0
3, 93351, {, 1, 72, 0
3, 93360, {, 1, 69, 70
3, 93360, {, 1, 57, 110
3, 93543, {, 1, 38, 0
3, 93543, {, 1, 50, 0
3, 93591, {, 1, 69, 0
3, 93591, {, 1, 57, 0
3, 93600, {, 1, 72, 70
3, 93600, {, 1, 60, 110
3, 93840, {, 1, 76, 70
3, 93840, {, 1, 64, 110
3, 94061, {, 1, 72, 0
3, 94061, {, 1, 60, 0
3, 94071, {, 1, 76, 0
3, 94071, {, 1, 64, 0
3, 94080, {, 1, 38, 75
3, 94080, {, 1, 50, 95
3, 94320, {, 1, 69, 70
3, 94320, {, 1, 57, 110
3, 94551, {, 1, 69, 0
3, 94551, {, 1, 57, 0
3, 94560, {, 1, 72, 70
3, 94560, {, 1, 60, 110
3, 94791, {, 1, 72, 0
3, 94791, {, 1, 60, 0
3, 94800, {, 1, 76, 70
3, 94800, {, 1, 64, 110
3, 95031, {, 1, 76, 0
3, 95031, {, 1, 64, 0
3, 95040, {, 1, 60, 110
3, 95040, {, 1, 72, 70
3, 95271, {, 1, 60, 0
3, 95271, {, 1, 72, 0
3, 95280, {, 1, 69, 70
3, 95280, {, 1, 57, 110
3, 95463, {, 1, 38, 0
3, 95463, {, 1, 50, 0
3, 95511, {, 1, 69, 0
3, 95511, {, 1, 57, 0
3, 95520, {, 1, 72, 70
3, 95520, {, 1, 60, 110
3, 95760, {, 1, 76, 70
3, 95760, {, 1, 64, 110
3, 95981, {, 1, 72, 0
3, 95981, {, 1, 60, 0
3, 95991, {, 1, 76, 0
3, 95991, {, 1, 64, 0
3, 96000, {, 1, 43, 70
3, 96000, {, 1, 55, 90
3, 96240, {, 1, 69, 70
3, 96240, {, 1, 57, 110
3, 96471, {, 1, 69, 0
3, 96471, {, 1, 57, 0
3, 96480, {, 1, 72, 70
3, 96480, {, 1, 60, 110
3, 96711, {, 1, 72, 0
3, 96711, {, 1, 60, 0
3, 96720, {, 1, 77, 70
3, 96720, {, 1, 65, 100
3, 96951, {, 1, 77, 0
3, 96951, {, 1, 65, 0
3, 96960, {, 1, 60, 110
3, 96960, {, 1, 72, 70
3, 97191, {, 1, 60, 0
3, 97191, {, 1, 72, 0
3, 97200, {, 1, 69, 70
3, 97200, {, 1, 57, 110
3, 97383, {, 1, 43, 0
3, 97383, {, 1, 55, 0
3, 97431, {, 1, 69, 0
3, 97431, {, 1, 57, 0
3, 97440, {, 1, 72, 70
3, 97440, {, 1, 60, 110
3, 97680, {, 1, 77, 70
3, 97680, {, 1, 65, 110
3, 97901, {, 1, 72, 0
3, 97901, {, 1, 60, 0
3, 97911, {, 1, 77, 0
3, 97911, {, 1, 65, 0
3, 97920, {, 1, 68, 100
3, 97920, {, 1, 50, 100
3, 97950, {, 1, 53, 110
3, 97980, {, 1, 59, 110
3, 98842, {, 1, 68, 0
3, 98842, {, 1, 50, 0
3, 98872, {, 1, 53, 0
3, 98880, {, 1, 50, 100
3, 98880, {, 1, 67, 100
3, 98902, {, 1, 59, 0
3, 98910, {, 1, 53, 110
3, 98940, {, 1, 59, 110
3, 99802, {, 1, 50, 0
3, 99802, {, 1, 67, 0
3, 99832, {, 1, 53, 0
3, 99840, {, 1, 48, 110
3, 99840, {, 1, 60, 70
3, 99862, {, 1, 59, 0
3, 100080, {, 1, 55, 110
3, 100080, {, 1, 67, 70
3, 100311, {, 1, 55, 0
3, 100311, {, 1, 67, 0
3, 100320, {, 1, 62, 110
3, 100320, {, 1, 74, 70
3, 100551, {, 1, 62, 0
3, 100551, {, 1, 74, 0
3, 100560, {, 1, 64, 110
3, 100560, {, 1, 76, 70
3, 100791, {, 1, 64, 0
3, 100791, {, 1, 76, 0
3, 100800, {, 1, 62, 110
3, 100800, {, 1, 74, 70
3, 101031, {, 1, 62, 0
3, 101031, {, 1, 74, 0
3, 101040, {, 1, 55, 110
3, 101040, {, 1, 67, 70
3, 101223, {, 1, 48, 0
3, 101223, {, 1, 60, 0
3, 101271, {, 1, 55, 0
3, 101271, {, 1, 67, 0
3, 101280, {, 1, 52, 110
3, 101280, {, 1, 64, 70
3, 101520, {, 1, 55, 110
3, 101520, {, 1, 67, 70
3, 101741, {, 1, 52, 0
3, 101741, {, 1, 64, 0
3, 101751, {, 1, 55, 0
3, 101751, {, 1, 67, 0
3, 101760, {, 1, 48, 110
3, 101760, {, 1, 60, 70
3, 102000, {, 1, 55, 110
3, 102000, {, 1, 67, 70
3, 102231, {, 1, 55, 0
3, 102231, {, 1, 67, 0
3, 102240, {, 1, 62, 110
3, 102240, {, 1, 74, 70
3, 102471, {, 1, 62, 0
3, 102471, {, 1, 74, 0
3, 102480, {, 1, 64, 110
3, 102480, {, 1, 76, 70
3, 102711, {, 1, 64, 0
3, 102711, {, 1, 76, 0
3, 102720, {, 1, 62, 110
3, 102720, {, 1, 74, 70
3, 102951, {, 1, 62, 0
3, 102951, {, 1, 74, 0
3, 102960, {, 1, 55, 110
3, 102960, {, 1, 67, 70
3, 103143, {, 1, 48, 0
3, 103143, {, 1, 60, 0
3, 103191, {, 1, 55, 0
3, 103191, {, 1, 67, 0
3, 103200, {, 1, 53, 110
3, 103200, {, 1, 65, 70
3, 103440, {, 1, 55, 110
3, 103440, {, 1, 67, 70
3, 103661, {, 1, 53, 0
3, 103661, {, 1, 65, 0
3, 103671, {, 1, 55, 0
3, 103671, {, 1, 67, 0
3, 103680, {, 1, 48, 110
3, 103680, {, 1, 60, 70
3, 103920, {, 1, 55, 110
3, 103920, {, 1, 67, 70
3, 104151, {, 1, 55, 0
3, 104151, {, 1, 67, 0
3, 104160, {, 1, 62, 110
3, 104160, {, 1, 74, 70
3, 104391, {, 1, 62, 0
3, 104391, {, 1, 74, 0
3, 104400, {, 1, 64, 110
3, 104400, {, 1, 76, 70
3, 104631, {, 1, 64, 0
3, 104631, {, 1, 76, 0
3, 104640, {, 1, 62, 110
3, 104640, {, 1, 74, 70
3, 104871, {, 1, 62, 0
3, 104871, {, 1, 74, 0
3, 104880, {, 1, 55, 110
3, 104880, {, 1, 67, 70
3, 105063, {, 1, 48, 0
3, 105063, {, 1, 60, 0
3, 105111, {, 1, 55, 0
3, 105111, {, 1, 67, 0
3, 105120, {, 1, 52, 110
3, 105120, {, 1, 64, 70
3, 105360, {, 1, 55, 110
3, 105360, {, 1, 67, 70
3, 105581, {, 1, 52, 0
3, 105581, {, 1, 64, 0
3, 105591, {, 1, 55, 0
3, 105591, {, 1, 67, 0
3, 105600, {, 1, 48, 110
3, 105600, {, 1, 60, 70
3, 105840, {, 1, 55, 110
3, 105840, {, 1, 67, 70
3, 106071, {, 1, 55, 0
3, 106071, {, 1, 67, 0
3, 106080, {, 1, 62, 110
3, 106080, {, 1, 74, 70
3, 106311, {, 1, 62, 0
3, 106311, {, 1, 74, 0
3, 106320, {, 1, 64, 110
3, 106320, {, 1, 76, 70
3, 106551, {, 1, 64, 0
3, 106551, {, 1, 76, 0
3, 106560, {, 1, 62, 110
3, 106560, {, 1, 74, 70
3, 106791, {, 1, 62, 0
3, 106791, {, 1, 74, 0
3, 106800, {, 1, 55, 110
3, 106800, {, 1, 67, 70
3, 106983, {, 1, 48, 0
3, 106983, {, 1, 60, 0
3, 107031, {, 1, 55, 0
3, 107031, {, 1, 67, 0
3, 107040, {, 1, 52, 110
3, 107040, {, 1, 64, 70
3, 107280, {, 1, 55, 110
3, 107280, {, 1, 67, 70
3, 107501, {, 1, 52, 0
3, 107501, {, 1, 64, 0
3, 107511, {, 1, 55, 0
3, 107511, {, 1, 67, 0
3, 107520, {, 1, 45, 110
3, 107520, {, 1, 57, 70
3, 107760, {, 1, 71, 70
3, 107760, {, 1, 59, 110
3, 107991, {, 1, 71, 0
3, 107991, {, 1, 59, 0
3, 108000, {, 1, 60, 110
3, 108000, {, 1, 72, 70
3, 108231, {, 1, 60, 0
3, 108231, {, 1, 72, 0
3, 108240, {, 1, 67, 110
3, 108240, {, 1, 79, 70
3, 108471, {, 1, 67, 0
3, 108471, {, 1, 79, 0
3, 108480, {, 1, 60, 110
3, 108480, {, 1, 72, 70
3, 108711, {, 1, 60, 0
3, 108711, {, 1, 72, 0
3, 108720, {, 1, 59, 110
3, 108720, {, 1, 71, 70
3, 108903, {, 1, 45, 0
3, 108903, {, 1, 57, 0
3, 108951, {, 1, 59, 0
3, 108951, {, 1, 71, 0
3, 108960, {, 1, 52, 110
3, 108960, {, 1, 64, 70
3, 109200, {, 1, 55, 110
3, 109200, {, 1, 67, 70
3, 109421, {, 1, 52, 0
3, 109421, {, 1, 64, 0
3, 109431, {, 1, 55, 0
3, 109431, {, 1, 67, 0
3, 109440, {, 1, 45, 110
3, 109440, {, 1, 57, 70
3, 109680, {, 1, 71, 70
3, 109680, {, 1, 59, 110
3, 109911, {, 1, 71, 0
3, 109911, {, 1, 59, 0
3, 109920, {, 1, 60, 110
3, 109920, {, 1, 72, 70
3, 110151, {, 1, 60, 0
3, 110151, {, 1, 72, 0
3, 110160, {, 1, 67, 110
3, 110160, {, 1, 79, 70
3, 110391, {, 1, 67, 0
3, 110391, {, 1, 79, 0
3, 110400, {, 1, 60, 110
3, 110400, {, 1, 72, 70
3, 110631, {, 1, 60, 0
3, 110631, {, 1, 72, 0
3, 110640, {, 1, 59, 110
3, 110640, {, 1, 71, 70
3, 110823, {, 1, 45, 0
3, 110823, {, 1, 57, 0
3, 110871, {, 1, 59, 0
3, 110871, {, 1, 71, 0
3, 110880, {, 1, 52, 110
3, 110880, {, 1, 64, 70
3, 111120, {, 1, 55, 110
3, 111120, {, 1, 67, 70
3, 111341, {, 1, 52, 0
3, 111341, {, 1, 64, 0
3, 111351, {, 1, 55, 0
3, 111351, {, 1, 67, 0
3, 111360, {, 1, 43, 110
3, 111360, {, 1, 55, 70
3, 111600, {, 1, 69, 70
3, 111600, {, 1, 57, 110
3, 111831, {, 1, 69, 0
3, 111831, {, 1, 57, 0
3, 111840, {, 1, 59, 110
3, 111840, {, 1, 71, 70
3, 112071, {, 1, 59, 0
3, 112071, {, 1, 71, 0
3, 112080, {, 1, 65, 110
3, 112080, {, 1, 77, 70
3, 112311, {, 1, 65, 0
3, 112311, {, 1, 77, 0
3, 112320, {, 1, 59, 110
3, 112320, {, 1, 71, 70
3, 112551, {, 1, 59, 0
3, 112551, {, 1, 71, 0
3, 112560, {, 1, 57, 110
3, 112560, {, 1, 69, 70
3, 112743, {, 1, 43, 0
3, 112743, {, 1, 55, 0
3, 112791, {, 1, 57, 0
3, 112791, {, 1, 69, 0
3, 112800, {, 1, 53, 110
3, 112800, {, 1, 65, 70
3, 113040, {, 1, 57, 110
3, 113040, {, 1, 69, 70
3, 113261, {, 1, 53, 0
3, 113261, {, 1, 65, 0
3, 113271, {, 1, 57, 0
3, 113271, {, 1, 69, 0
3, 113271, \
4, 0, /
4, 0, ~, ""
4, 0, `, 0
4, 0, &, 2, 0, 0
4, 0, &, 2, 32, 0
4, 0, ;, 2, 48
4, 0, {, 2, 60, 110
4, 0, {, 2, 69, 105
4, 0, {, 2, 78, 105
4, 0, &, 2, 7, 0
4, 30, &, 2, 7, 25
4, 60, &, 2, 7, 45
4, 90, &, 2, 7, 60
4, 120, &, 2, 7, 72
4, 150, &, 2, 7, 81
4, 180, &, 2, 7, 87
4, 210, &, 2, 7, 92
4, 240, &, 2, 7, 95
4, 270, &, 2, 7, 97
4, 300, &, 2, 7, 98
4, 330, &, 2, 7, 99
4, 360, &, 2, 7, 99
4, 390, &, 2, 7, 99
4, 420, &, 2, 7, 99
4, 450, &, 2, 7, 99
4, 480, &, 2, 7, 100
4, 510, &, 2, 7, 100
4, 540, &, 2, 7, 100
4, 570, &, 2, 7, 100
4, 600, &, 2, 7, 100
4, 630, &, 2, 7, 100
4, 660, &, 2, 7, 100
4, 690, &, 2, 7, 100
4, 720, &, 2, 7, 100
4, 750, &, 2, 7, 100
4, 780, &, 2, 7, 100
4, 810, &, 2, 7, 100
4, 840, &, 2, 7, 100
4, 870, &, 2, 7, 100
4, 900, &, 2, 7, 100
4, 930, &, 2, 7, 100
4, 960, &, 2, 7, 100
4, 990, &, 2, 7, 100
4, 1020, &, 2, 7, 100
4, 1050, &, 2, 7, 100
4, 1080, &, 2, 7, 100
4, 1110, &, 2, 7, 100
4, 1140, &, 2, 7, 100
4, 1170, &, 2, 7, 100
4, 1200, &, 2, 7, 100
4, 1230, &, 2, 7, 100
4, 1260, &, 2, 7, 100
4, 1290, &, 2, 7, 100
4, 1320, &, 2, 7, 100
4, 1350, &, 2, 7, 100
4, 1380, &, 2, 7, 100
4, 1410, &, 2, 7, 100
4, 1440, {, 2, 60, 0
4, 1440, {, 2, 69, 0
4, 1440, {, 2, 78, 0
4, 1440, {, 2, 58, 110
4, 1440, {, 2, 67, 105
4, 1440, {, 2, 76, 105
4, 1440, &, 2, 7, 100
4, 1470, &, 2, 7, 100
4, 1500, &, 2, 7, 100
4, 1530, &, 2, 7, 100
4, 1560, &, 2, 7, 100
4, 1590, &, 2, 7, 100
4, 1620, &, 2, 7, 100
4, 1650, &, 2, 7, 100
4, 1680, &, 2, 7, 100
4, 1710, &, 2, 7, 100
4, 1740, &, 2, 7, 100
4, 1770, &, 2, 7, 100
4, 1800, &, 2, 7, 100
4, 1830, &, 2, 7, 100
4, 1860, &, 2, 7, 100
4, 1890, &, 2, 7, 100
4, 1920, {, 2, 58, 0
4, 1920, {, 2, 67, 0
4, 1920, {, 2, 76, 0
4, 1920, {, 2, 56, 110
4, 1920, {, 2, 65, 105
4, 1920, {, 2, 74, 105
4, 1920, &, 2, 7, 100
4, 1950, &, 2, 7, 100
4, 1980, &, 2, 7, 100
4, 2010, &, 2, 7, 100
4, 2040, &, 2, 7, 100
4, 2070, &, 2, 7, 100
4, 2100, &, 2, 7, 100
4, 2130, &, 2, 7, 100
4, 2160, &, 2, 7, 100
4, 2190, &, 2, 7, 100
4, 2220, &, 2, 7, 100
4, 2250, &, 2, 7, 100
4, 2280, &, 2, 7, 100
4, 2310, &, 2, 7, 100
4, 2340, &, 2, 7, 100
4, 2370, &, 2, 7, 100
4, 2400, &, 2, 7, 100
4, 2430, &, 2, 7, 100
4, 2460, &, 2, 7, 100
4, 2490, &, 2, 7, 100
4, 2520, &, 2, 7, 100
4, 2550, &, 2, 7, 100
4, 2580, &, 2, 7, 100
4, 2610, &, 2, 7, 100
4, 2640, &, 2, 7, 100
4, 2670, &, 2, 7, 100
4, 2700, &, 2, 7, 100
4, 2730, &, 2, 7, 100
4, 2760, &, 2, 7, 100
4, 2790, &, 2, 7, 100
4, 2820, &, 2, 7, 100
4, 2850, &, 2, 7, 100
4, 2880, {, 2, 56, 0
4, 2880, {, 2, 65, 0
4, 2880, {, 2, 74, 0
4, 2880, {, 2, 54, 110
4, 2880, {, 2, 63, 105
4, 2880, {, 2, 72, 105
4, 2880, &, 2, 7, 100
4, 2910, &, 2, 7, 100
4, 2940, &, 2, 7, 100
4, 2970, &, 2, 7, 100
4, 3000, &, 2, 7, 100
4, 3030, &, 2, 7, 100
4, 3060, &, 2, 7, 100
4, 3090, &, 2, 7, 100
4, 3120, &, 2, 7, 100
4, 3150, &, 2, 7, 100
4, 3180, &, 2, 7, 100
4, 3210, &, 2, 7, 100
4, 3240, &, 2, 7, 100
4, 3270, &, 2, 7, 100
4, 3300, &, 2, 7, 100
4, 3330, &, 2, 7, 100
4, 3360, &, 2, 7, 100
4, 3390, &, 2, 7, 100
4, 3420, &, 2, 7, 100
4, 3450, &, 2, 7, 100
4, 3480, &, 2, 7, 100
4, 3510, &, 2, 7, 100
4, 3540, &, 2, 7, 100
4, 3570, &, 2, 7, 100
4, 3600, &, 2, 7, 100
4, 3630, &, 2, 7, 100
4, 3660, &, 2, 7, 100
4, 3690, &, 2, 7, 100
4, 3720, &, 2, 7, 100
4, 3750, &, 2, 7, 100
4, 3780, &, 2, 7, 100
4, 3810, &, 2, 7, 100
4, 3840, &, 2, 7, 100
4, 3870, &, 2, 7, 100
4, 3900, &, 2, 7, 100
4, 3930, &, 2, 7, 100
4, 3960, &, 2, 7, 100
4, 3990, &, 2, 7, 100
4, 4020, &, 2, 7, 100
4, 4050, &, 2, 7, 100
4, 4080, &, 2, 7, 100
4, 4110, &, 2, 7, 100
4, 4140, &, 2, 7, 100
4, 4170, &, 2, 7, 100
4, 4200, &, 2, 7, 100
4, 4230, &, 2, 7, 100
4, 4260, &, 2, 7, 100
4, 4290, &, 2, 7, 100
4, 4320, &, 2, 7, 100
4, 4350, &, 2, 7, 100
4, 4380, &, 2, 7, 100
4, 4410, &, 2, 7, 100
4, 4440, &, 2, 7, 100
4, 4470, &, 2, 7, 100
4, 4500, &, 2, 7, 100
4, 4530, &, 2, 7, 100
4, 4560, &, 2, 7, 100
4, 4590, &, 2, 7, 100
4, 4620, &, 2, 7, 100
4, 4650, &, 2, 7, 100
4, 4680, &, 2, 7, 100
4, 4710, &, 2, 7, 100
4, 4740, &, 2, 7, 100
4, 4770, &, 2, 7, 100
4, 4800, &, 2, 7, 100
4, 4830, &, 2, 7, 100
4, 4860, &, 2, 7, 100
4, 4890, &, 2, 7, 100
4, 4920, &, 2, 7, 100
4, 4950, &, 2, 7, 100
4, 4980, &, 2, 7, 100
4, 5010, &, 2, 7, 100
4, 5040, &, 2, 7, 100
4, 5070, &, 2, 7, 100
4, 5100, &, 2, 7, 100
4, 5130, &, 2, 7, 100
4, 5160, &, 2, 7, 100
4, 5190, &, 2, 7, 100
4, 5220, &, 2, 7, 100
4, 5250, &, 2, 7, 100
4, 5280, &, 2, 7, 100
4, 5310, &, 2, 7, 100
4, 5340, &, 2, 7, 100
4, 5370, &, 2, 7, 100
4, 5400, &, 2, 7, 100
4, 5430, &, 2, 7, 100
4, 5460, &, 2, 7, 100
4, 5490, &, 2, 7, 100
4, 5520, &, 2, 7, 100
4, 5550, &, 2, 7, 100
4, 5580, &, 2, 7, 100
4, 5610, &, 2, 7, 100
4, 5640, &, 2, 7, 100
4, 5670, &, 2, 7, 100
4, 5700, &, 2, 7, 100
4, 5730, &, 2, 7, 100
4, 5760, &, 2, 7, 100
4, 5790, &, 2, 7, 100
4, 5820, &, 2, 7, 100
4, 5850, &, 2, 7, 100
4, 5880, &, 2, 7, 100
4, 5910, &, 2, 7, 100
4, 5940, &, 2, 7, 100
4, 5970, &, 2, 7, 100
4, 6000, &, 2, 7, 100
4, 6030, &, 2, 7, 100
4, 6060, &, 2, 7, 100
4, 6090, &, 2, 7, 100
4, 6120, &, 2, 7, 100
4, 6150, &, 2, 7, 100
4, 6180, &, 2, 7, 100
4, 6210, &, 2, 7, 100
4, 6240, &, 2, 7, 100
4, 6270, &, 2, 7, 100
4, 6300, &, 2, 7, 100
4, 6330, &, 2, 7, 100
4, 6360, &, 2, 7, 100
4, 6390, &, 2, 7, 100
4, 6420, &, 2, 7, 100
4, 6450, &, 2, 7, 100
4, 6480, &, 2, 7, 100
4, 6510, &, 2, 7, 100
4, 6540, &, 2, 7, 100
4, 6570, &, 2, 7, 100
4, 6600, &, 2, 7, 100
4, 6630, &, 2, 7, 100
4, 6660, &, 2, 7, 100
4, 6690, &, 2, 7, 100
4, 6720, &, 2, 7, 100
4, 6750, &, 2, 7, 100
4, 6780, &, 2, 7, 100
4, 6810, &, 2, 7, 100
4, 6840, &, 2, 7, 100
4, 6870, &, 2, 7, 100
4, 6900, &, 2, 7, 100
4, 6930, &, 2, 7, 100
4, 6960, &, 2, 7, 100
4, 6990, &, 2, 7, 100
4, 7020, &, 2, 7, 100
4, 7050, &, 2, 7, 100
4, 7080, &, 2, 7, 100
4, 7110, &, 2, 7, 100
4, 7140, &, 2, 7, 100
4, 7170, &, 2, 7, 100
4, 7200, &, 2, 7, 100
4, 7230, &, 2, 7, 100
4, 7260, &, 2, 7, 100
4, 7290, &, 2, 7, 100
4, 7320, &, 2, 7, 100
4, 7350, &, 2, 7, 100
4, 7380, &, 2, 7, 100
4, 7410, &, 2, 7, 100
4, 7440, &, 2, 7, 100
4, 7470, &, 2, 7, 100
4, 7500, &, 2, 7, 100
4, 7530, &, 2, 7, 100
4, 7560, &, 2, 7, 100
4, 7590, &, 2, 7, 100
4, 7620, &, 2, 7, 100
4, 7650, &, 2, 7, 100
4, 7680, {, 2, 54, 0
4, 7680, {, 2, 53, 110
4, 7680, &, 2, 7, 100
4, 7710, &, 2, 7, 100
4, 9600, {, 2, 53, 0
4, 9600, {, 2, 72, 0
4, 9600, {, 2, 46, 110
4, 9600, {, 2, 70, 105
4, 11520, {, 2, 46, 0
4, 11520, {, 2, 63, 0
4, 11520, {, 2, 70, 0
4, 11520, &, 2, 7, 100
4, 11520, {, 2, 48, 110
4, 11520, {, 2, 72, 105
4, 11520, {, 2, 64, 105
4, 11550, &, 2, 7, 99
4, 11580, &, 2, 7, 99
4, 11610, &, 2, 7, 99
4, 11640, &, 2, 7, 99
4, 11670, &, 2, 7, 99
4, 11700, &, 2, 7, 99
4, 11730, &, 2, 7, 99
4, 11760, &, 2, 7, 99
4, 11790, &, 2, 7, 99
4, 11820, &, 2, 7, 99
4, 11850, &, 2, 7, 99
4, 11880, &, 2, 7, 99
4, 11910, &, 2, 7, 99
4, 11940, &, 2, 7, 99
4, 11970, &, 2, 7, 99
4, 12000, &, 2, 7, 99
4, 12030, &, 2, 7, 99
4, 12060, &, 2, 7, 99
4, 12090, &, 2, 7, 99
4, 12120, &, 2, 7, 99
4, 12150, &, 2, 7, 99
4, 12180, &, 2, 7, 99
4, 12210, &, 2, 7, 99
4, 12240, &, 2, 7, 99
4, 12270, &, 2, 7, 99
4, 12300, &, 2, 7, 99
4, 12330, &, 2, 7, 99
4, 12360, &, 2, 7, 99
4, 12390, &, 2, 7, 99
4, 12420, &, 2, 7, 99
4, 12450, &, 2, 7, 99
4, 12480, &, 2, 7, 99
4, 12510, &, 2, 7, 99
4, 12540, &, 2, 7, 99
4, 12570, &, 2, 7, 99
4, 12600, &, 2, 7, 99
4, 12630, &, 2, 7, 99
4, 12660, &, 2, 7, 99
4, 12690, &, 2, 7, 99
4, 12720, &, 2, 7, 99
4, 12750, &, 2, 7, 99
4, 12780, &, 2, 7, 99
4, 12810, &, 2, 7, 99
4, 12840, &, 2, 7, 99
4, 12870, &, 2, 7, 99
4, 12900, &, 2, 7, 99
4, 12930, &, 2, 7, 98
4, 12960, &, 2, 7, 98
4, 12990, &, 2, 7, 98
4, 13020, &, 2, 7, 98
4, 13050, &, 2, 7, 98
4, 13080, &, 2, 7, 98
4, 13110, &, 2, 7, 98
4, 13140, &, 2, 7, 97
4, 13170, &, 2, 7, 97
4, 13200, &, 2, 7, 97
4, 13230, &, 2, 7, 97
4, 13260, &, 2, 7, 97
4, 13290, &, 2, 7, 96
4, 13320, &, 2, 7, 96
4, 13350, &, 2, 7, 96
4, 13380, &, 2, 7, 96
4, 13410, &, 2, 7, 95
4, 13440, &, 2, 7, 95
4, 13470, &, 2, 7, 95
4, 13500, &, 2, 7, 94
4, 13530, &, 2, 7, 94
4, 13560, &, 2, 7, 94
4, 13590, &, 2, 7, 93
4, 13620, &, 2, 7, 93
4, 13650, &, 2, 7, 92
4, 13680, &, 2, 7, 92
4, 13710, &, 2, 7, 92
4, 13740, &, 2, 7, 91
4, 13770, &, 2, 7, 90
4, 13800, &, 2, 7, 90
4, 13830, &, 2, 7, 89
4, 13860, &, 2, 7, 89
4, 13890, &, 2, 7, 88
4, 13920, &, 2, 7, 87
4, 13950, &, 2, 7, 87
4, 13980, &, 2, 7, 86
4, 14010, &, 2, 7, 85
4, 14040, &, 2, 7, 85
4, 14070, &, 2, 7, 84
4, 14100, &, 2, 7, 83
4, 14130, &, 2, 7, 82
4, 14160, &, 2, 7, 81
4, 14190, &, 2, 7, 80
4, 14220, &, 2, 7, 79
4, 14250, &, 2, 7, 78
4, 14280, &, 2, 7, 77
4, 14310, &, 2, 7, 76
4, 14340, &, 2, 7, 75
4, 14370, &, 2, 7, 73
4, 14400, &, 2, 7, 72
4, 14430, &, 2, 7, 71
4, 14460, &, 2, 7, 69
4, 14490, &, 2, 7, 68
4, 14520, &, 2, 7, 67
4, 14550, &, 2, 7, 65
4, 14580, &, 2, 7, 64
4, 14610, &, 2, 7, 62
4, 14640, &, 2, 7, 60
4, 14670, &, 2, 7, 59
4, 14700, &, 2, 7, 57
4, 14730, &, 2, 7, 55
4, 14760, &, 2, 7, 53
4, 14790, &, 2, 7, 51
4, 14820, &, 2, 7, 49
4, 14850, &, 2, 7, 47
4, 14880, &, 2, 7, 45
4, 14910, &, 2, 7, 42
4, 14940, &, 2, 7, 40
4, 14970, &, 2, 7, 38
4, 15000, &, 2, 7, 35
4, 15030, &, 2, 7, 33
4, 15060, &, 2, 7, 30
4, 15090, &, 2, 7, 27
4, 15120, &, 2, 7, 25
4, 15150, &, 2, 7, 22
4, 15180, &, 2, 7, 19
4, 15210, &, 2, 7, 16
4, 15240, &, 2, 7, 13
4, 15264, {, 2, 48, 0
4, 15264, {, 2, 72, 0
4, 15264, {, 2, 64, 0
4, 15270, &, 2, 7, 10
4, 15300, &, 2, 7, 6
4, 15330, &, 2, 7, 3
4, 15360, &, 2, 7, 100
4, 15390, &, 2, 7, 100
4, 15420, &, 2, 7, 100
4, 15450, &, 2, 7, 100
4, 15480, &, 2, 7, 100
4, 15510, &, 2, 7, 100
4, 15540, &, 2, 7, 100
4, 15570, &, 2, 7, 100
4, 15600, &, 2, 7, 100
4, 15630, &, 2, 7, 100
4, 15660, &, 2, 7, 100
4, 15690, &, 2, 7, 100
4, 15720, &, 2, 7, 100
4, 15750, &, 2, 7, 100
4, 15780, &, 2, 7, 100
4, 15810, &, 2, 7, 100
4, 15840, &, 2, 7, 100
4, 15870, &, 2, 7, 100
4, 15900, &, 2, 7, 100
4, 15930, &, 2, 7, 100
4, 15960, &, 2, 7, 100
4, 15990, &, 2, 7, 100
4, 16020, &, 2, 7, 100
4, 16050, &, 2, 7, 100
4, 16080, &, 2, 7, 100
4, 16110, &, 2, 7, 100
4, 16140, &, 2, 7, 100
4, 16170, &, 2, 7, 100
4, 16200, &, 2, 7, 100
4, 16230, &, 2, 7, 100
4, 16260, &, 2, 7, 100
4, 16290, &, 2, 7, 100
4, 16320, &, 2, 7, 100
4, 16350, &, 2, 7, 100
4, 16380, &, 2, 7, 100
4, 16410, &, 2, 7, 100
4, 16440, &, 2, 7, 100
4, 16470, &, 2, 7, 100
4, 16500, &, 2, 7, 100
4, 16530, &, 2, 7, 100
4, 16560, &, 2, 7, 100
4, 16590, &, 2, 7, 100
4, 16620, &, 2, 7, 100
4, 16650, &, 2, 7, 100
4, 16680, &, 2, 7, 100
4, 16710, &, 2, 7, 100
4, 16740, &, 2, 7, 100
4, 16770, &, 2, 7, 100
4, 16800, &, 2, 7, 100
4, 16830, &, 2, 7, 100
4, 16860, &, 2, 7, 100
4, 16890, &, 2, 7, 100
4, 16920, &, 2, 7, 100
4, 16950, &, 2, 7, 100
4, 16980, &, 2, 7, 100
4, 17010, &, 2, 7, 100
4, 17040, &, 2, 7, 100
4, 17070, &, 2, 7, 100
4, 17100, &, 2, 7, 100
4, 17130, &, 2, 7, 100
4, 17160, &, 2, 7, 100
4, 17190, &, 2, 7, 100
4, 17220, &, 2, 7, 100
4, 17250, &, 2, 7, 100
4, 17280, &, 2, 7, 100
4, 17310, &, 2, 7, 100
4, 44160, {, 2, 68, 100
4, 44160, {, 2, 74, 100
4, 45120, {, 2, 68, 0
4, 45120, {, 2, 67, 100
4, 45600, {, 2, 67, 0
4, 45600, {, 2, 65, 100
4, 46080, {, 2, 74, 0
4, 46080, {, 2, 65, 0
4, 46080, {, 2, 72, 100
4, 46080, {, 2, 67, 100
4, 46080, {, 2, 64, 100
4, 47520, {, 2, 62, 90
4, 48000, {, 2, 62, 0
4, 48000, {, 2, 60, 90
4, 48480, {, 2, 72, 0
4, 48480, {, 2, 74, 90
4, 48960, {, 2, 74, 0
4, 48960, {, 2, 76, 90
4, 49440, {, 2, 60, 0
4, 49440, {, 2, 76, 0
4, 49440, {, 2, 59, 80
4, 49440, {, 2, 77, 90
4, 49920, {, 2, 67, 0
4, 49920, {, 2, 64, 0
4, 49920, {, 2, 59, 0
4, 49920, {, 2, 77, 0
4, 49920, {, 2, 64, 100
4, 49920, {, 2, 76, 100
4, 49920, {, 2, 60, 70
4, 49920, {, 2, 67, 100
4, 51360, {, 2, 76, 0
4, 51360, {, 2, 74, 90
4, 51840, {, 2, 60, 0
4, 51840, {, 2, 74, 0
4, 51840, {, 2, 72, 100
4, 52800, {, 2, 72, 0
4, 52800, {, 2, 83, 90
4, 52800, {, 2, 74, 100
4, 53760, {, 2, 64, 0
4, 53760, {, 2, 67, 0
4, 53760, {, 2, 83, 0
4, 53760, {, 2, 74, 0
4, 53760, {, 2, 69, 90
4, 53760, {, 2, 84, 90
4, 53760, {, 2, 76, 100
4, 53760, {, 2, 72, 80
4, 56160, {, 2, 84, 0
4, 56160, {, 2, 83, 85
4, 56160, {, 2, 86, 90
4, 56400, {, 2, 76, 0
4, 56400, {, 2, 83, 0
4, 56400, {, 2, 86, 0
4, 56400, {, 2, 81, 80
4, 56400, {, 2, 84, 90
4, 56592, {, 2, 81, 0
4, 56592, {, 2, 84, 0
4, 56640, {, 2, 81, 80
4, 56640, {, 2, 84, 90
4, 56880, {, 2, 81, 0
4, 56880, {, 2, 84, 0
4, 56880, {, 2, 79, 80
4, 56880, {, 2, 83, 90
4, 57072, {, 2, 79, 0
4, 57072, {, 2, 83, 0
4, 57120, {, 2, 83, 80
4, 57120, {, 2, 86, 90
4, 57360, {, 2, 83, 0
4, 57360, {, 2, 86, 0
4, 57360, {, 2, 77, 100
4, 57360, {, 2, 79, 70
4, 57504, {, 2, 72, 0
4, 57504, {, 2, 69, 0
4, 57600, {, 2, 81, 80
4, 58560, {, 2, 79, 0
4, 58560, {, 2, 81, 0
4, 58560, {, 2, 79, 100
4, 59040, {, 2, 77, 0
4, 59040, {, 2, 76, 100
4, 59520, {, 2, 76, 0
4, 59520, {, 2, 74, 100
4, 61440, {, 2, 79, 0
4, 61440, {, 2, 74, 0
4, 61440, {, 2, 67, 100
4, 61440, {, 2, 76, 90
4, 61920, {, 2, 71, 100
4, 62400, {, 2, 71, 0
4, 62400, {, 2, 74, 100
4, 62880, {, 2, 74, 0
4, 62880, {, 2, 71, 100
4, 63360, {, 2, 76, 0
4, 63360, {, 2, 71, 0
4, 63360, {, 2, 76, 100
4, 63360, {, 2, 71, 80
4, 63840, {, 2, 83, 90
4, 64320, {, 2, 76, 0
4, 64320, {, 2, 74, 100
4, 64560, {, 2, 83, 0
4, 64560, {, 2, 81, 90
4, 64800, {, 2, 71, 0
4, 64800, {, 2, 74, 0
4, 64800, {, 2, 81, 0
4, 64800, {, 2, 79, 90
4, 64800, {, 2, 71, 100
4, 65040, {, 2, 79, 0
4, 65040, {, 2, 77, 90
4, 65280, {, 2, 67, 0
4, 65280, {, 2, 71, 0
4, 65280, {, 2, 77, 0
4, 65280, {, 2, 74, 100
4, 65280, {, 2, 69, 100
4, 66240, {, 2, 84, 90
4, 66720, {, 2, 76, 100
4, 67200, {, 2, 76, 0
4, 67200, {, 2, 79, 90
4, 67680, {, 2, 79, 0
4, 67680, {, 2, 77, 90
4, 68376, {, 2, 84, 0
4, 68400, {, 2, 81, 90
4, 68640, {, 2, 81, 0
4, 68640, {, 2, 83, 90
4, 68880, {, 2, 83, 0
4, 68880, {, 2, 84, 90
4, 69120, {, 2, 74, 0
4, 69120, {, 2, 69, 0
4, 69120, {, 2, 77, 0
4, 69120, {, 2, 84, 0
4, 69120, {, 2, 72, 100
4, 69120, {, 2, 68, 100
4, 69600, {, 2, 74, 90
4, 70080, {, 2, 80, 90
4, 70560, {, 2, 74, 0
4, 70560, {, 2, 80, 0
4, 70560, {, 2, 76, 90
4, 70560, {, 2, 82, 90
4, 71040, {, 2, 72, 0
4, 71040, {, 2, 76, 0
4, 71040, {, 2, 82, 0
4, 71040, {, 2, 77, 100
4, 71040, {, 2, 84, 90
4, 71040, {, 2, 72, 80
4, 72960, {, 2, 77, 0
4, 72960, {, 2, 84, 0
4, 72960, {, 2, 72, 0
4, 72960, {, 2, 68, 0
4, 72960, {, 2, 71, 100
4, 72960, {, 2, 67, 100
4, 73440, {, 2, 74, 100
4, 73920, {, 2, 79, 90
4, 74400, {, 2, 79, 0
4, 74400, {, 2, 81, 90
4, 74880, {, 2, 67, 0
4, 74880, {, 2, 74, 0
4, 74880, {, 2, 81, 0
4, 74880, {, 2, 79, 90
4, 74880, {, 2, 67, 80
4, 74880, {, 2, 83, 90
4, 76800, {, 2, 79, 0
4, 76800, {, 2, 71, 0
4, 76800, {, 2, 67, 0
4, 76800, {, 2, 83, 0
4, 77040, {, 2, 57, 80
4, 77280, {, 2, 57, 0
4, 77280, {, 2, 60, 80
4, 77520, {, 2, 60, 0
4, 77520, {, 2, 59, 80
4, 77760, {, 2, 59, 0
4, 77760, {, 2, 72, 100
4, 77760, {, 2, 64, 100
4, 78000, {, 2, 72, 0
4, 78000, {, 2, 64, 0
4, 78000, {, 2, 71, 100
4, 78000, {, 2, 62, 100
4, 78240, {, 2, 71, 0
4, 78240, {, 2, 62, 0
4, 78240, {, 2, 72, 100
4, 78240, {, 2, 64, 100
4, 78480, {, 2, 72, 0
4, 78480, {, 2, 64, 0
4, 78480, {, 2, 69, 100
4, 78480, {, 2, 60, 100
4, 78720, {, 2, 69, 0
4, 78720, {, 2, 60, 0
4, 78960, {, 2, 57, 80
4, 79200, {, 2, 57, 0
4, 79200, {, 2, 60, 80
4, 79440, {, 2, 60, 0
4, 79440, {, 2, 59, 80
4, 79680, {, 2, 59, 0
4, 79680, {, 2, 72, 100
4, 79680, {, 2, 64, 100
4, 79920, {, 2, 72, 0
4, 79920, {, 2, 64, 0
4, 79920, {, 2, 71, 100
4, 79920, {, 2, 62, 100
4, 80160, {, 2, 71, 0
4, 80160, {, 2, 62, 0
4, 80160, {, 2, 72, 100
4, 80160, {, 2, 64, 100
4, 80400, {, 2, 72, 0
4, 80400, {, 2, 64, 0
4, 80400, {, 2, 69, 100
4, 80400, {, 2, 60, 100
4, 80640, {, 2, 69, 0
4, 80640, {, 2, 60, 0
4, 80880, {, 2, 57, 80
4, 81120, {, 2, 57, 0
4, 81120, {, 2, 60, 80
4, 81360, {, 2, 60, 0
4, 81360, {, 2, 59, 80
4, 81600, {, 2, 59, 0
4, 81600, {, 2, 72, 100
4, 81600, {, 2, 64, 100
4, 81840, {, 2, 72, 0
4, 81840, {, 2, 64, 0
4, 81840, {, 2, 71, 100
4, 81840, {, 2, 62, 100
4, 82080, {, 2, 71, 0
4, 82080, {, 2, 62, 0
4, 82080, {, 2, 72, 100
4, 82080, {, 2, 64, 100
4, 82320, {, 2, 72, 0
4, 82320, {, 2, 64, 0
4, 82320, {, 2, 69, 100
4, 82320, {, 2, 60, 100
4, 82560, {, 2, 69, 0
4, 82560, {, 2, 60, 0
4, 82800, {, 2, 57, 80
4, 83040, {, 2, 57, 0
4, 83040, {, 2, 81, 100
4, 83040, {, 2, 69, 100
4, 83040, {, 2, 60, 70
4, 83280, {, 2, 60, 0
4, 83280, {, 2, 59, 60
4, 83520, {, 2, 81, 0
4, 83520, {, 2, 69, 0
4, 83520, {, 2, 59, 0
4, 83520, {, 2, 83, 100
4, 83520, {, 2, 71, 100
4, 84000, {, 2, 83, 0
4, 84000, {, 2, 71, 0
4, 84000, {, 2, 84, 100
4, 84000, {, 2, 72, 100
4, 84480, {, 2, 84, 0
4, 84480, {, 2, 72, 0
4, 84480, {, 2, 74, 100
4, 84480, {, 2, 86, 100
4, 84720, {, 2, 74, 0
4, 84720, {, 2, 86, 0
4, 84720, {, 2, 76, 100
4, 84720, {, 2, 88, 100
4, 84960, {, 2, 76, 0
4, 84960, {, 2, 88, 0
4, 84960, {, 2, 67, 100
4, 84960, {, 2, 79, 100
4, 85680, {, 2, 67, 0
4, 85680, {, 2, 79, 0
4, 85680, {, 2, 69, 100
4, 85680, {, 2, 81, 100
4, 85920, {, 2, 69, 0
4, 85920, {, 2, 81, 0
4, 85920, {, 2, 79, 100
4, 85920, {, 2, 91, 100
4, 86160, {, 2, 79, 0
4, 86160, {, 2, 91, 0
4, 86160, {, 2, 77, 100
4, 86160, {, 2, 89, 100
4, 86400, {, 2, 77, 0
4, 86400, {, 2, 89, 0
4, 86400, {, 2, 88, 100
4, 86400, {, 2, 76, 100
4, 86880, {, 2, 88, 0
4, 86880, {, 2, 76, 0
4, 86880, {, 2, 74, 100
4, 86880, {, 2, 86, 100
4, 87600, {, 2, 74, 0
4, 87600, {, 2, 86, 0
4, 87600, {, 2, 71, 100
4, 87600, {, 2, 83, 100
4, 87840, {, 2, 71, 0
4, 87840, {, 2, 83, 0
4, 87840, {, 2, 72, 100
4, 87840, {, 2, 84, 100
4, 88080, {, 2, 72, 0
4, 88080, {, 2, 84, 0
4, 88080, {, 2, 73, 100
4, 88080, {, 2, 85, 100
4, 88320, {, 2, 73, 0
4, 88320, {, 2, 85, 0
4, 88320, {, 2, 86, 100
4, 88320, {, 2, 74, 100
4, 88560, {, 2, 86, 0
4, 88560, {, 2, 74, 0
4, 88560, {, 2, 76, 100
4, 88560, {, 2, 88, 100
4, 88800, {, 2, 76, 0
4, 88800, {, 2, 88, 0
4, 88800, {, 2, 67, 100
4, 88800, {, 2, 79, 100
4, 89520, {, 2, 67, 0
4, 89520, {, 2, 79, 0
4, 89520, {, 2, 69, 100
4, 89520, {, 2, 81, 100
4, 89760, {, 2, 69, 0
4, 89760, {, 2, 81, 0
4, 89760, {, 2, 81, 100
4, 89760, {, 2, 93, 100
4, 90000, {, 2, 81, 0
4, 90000, {, 2, 93, 0
4, 90000, {, 2, 79, 100
4, 90000, {, 2, 91, 100
4, 90240, {, 2, 79, 0
4, 90240, {, 2, 91, 0
4, 90240, {, 2, 77, 100
4, 90240, {, 2, 89, 100
4, 90720, {, 2, 77, 0
4, 90720, {, 2, 89, 0
4, 90720, {, 2, 76, 100
4, 90720, {, 2, 88, 100
4, 91200, {, 2, 76, 0
4, 91200, {, 2, 88, 0
4, 91200, {, 2, 75, 100
4, 91200, {, 2, 87, 100
4, 91680, {, 2, 75, 0
4, 91680, {, 2, 87, 0
4, 91680, {, 2, 76, 100
4, 91680, {, 2, 88, 100
4, 92160, {, 2, 76, 0
4, 92160, {, 2, 88, 0
4, 92160, {, 2, 91, 100
4, 92160, {, 2, 79, 100
4, 92640, {, 2, 91, 0
4, 92640, {, 2, 79, 0
4, 92640, {, 2, 69, 100
4, 92640, {, 2, 81, 100
4, 93360, {, 2, 69, 0
4, 93360, {, 2, 81, 0
4, 93360, {, 2, 71, 100
4, 93360, {, 2, 83, 100
4, 93840, {, 2, 71, 0
4, 93840, {, 2, 83, 0
4, 93840, {, 2, 72, 100
4, 93840, {, 2, 84, 100
4, 94080, {, 2, 72, 0
4, 94080, {, 2, 84, 0
4, 94080, {, 2, 88, 100
4, 94080, {, 2, 76, 100
4, 96000, {, 2, 88, 0
4, 96000, {, 2, 76, 0
4, 96000, {, 2, 89, 100
4, 96000, {, 2, 77, 100
4, 96480, {, 2, 89, 0
4, 96480, {, 2, 77, 0
4, 96480, {, 2, 69, 100
4, 96480, {, 2, 81, 100
4, 97200, {, 2, 69, 0
4, 97200, {, 2, 81, 0
4, 97200, {, 2, 71, 100
4, 97200, {, 2, 83, 100
4, 97680, {, 2, 71, 0
4, 97680, {, 2, 83, 0
4, 97680, {, 2, 72, 100
4, 97680, {, 2, 84, 100
4, 97920, {, 2, 72, 0
4, 97920, {, 2, 84, 0
4, 97920, {, 2, 73, 100
4, 97920, {, 2, 85, 100
4, 98880, {, 2, 73, 0
4, 98880, {, 2, 85, 0
4, 98880, {, 2, 74, 100
4, 98880, {, 2, 86, 100
4, 99840, {, 2, 74, 0
4, 99840, {, 2, 86, 0
4, 99840, \
5, 0, /
5, 0, ~, ""
5, 0, `, 0
5, 0, &, 3, 0, 0
5, 0, &, 3, 32, 0
5, 0, ;, 3, 60
5, 4320, {, 3, 56, 110
5, 4320, {, 3, 60, 110
5, 4472, {, 3, 56, 0
5, 4472, {, 3, 60, 0
5, 4480, {, 3, 63, 110
5, 4480, {, 3, 60, 110
5, 4632, {, 3, 63, 0
5, 4632, {, 3, 60, 0
5, 4640, {, 3, 63, 110
5, 4640, {, 3, 68, 110
5, 4792, {, 3, 63, 0
5, 4792, {, 3, 68, 0
5, 4800, {, 3, 63, 110
5, 4800, {, 3, 72, 110
5, 5874, {, 3, 63, 0
5, 5874, {, 3, 72, 0
5, 6000, {, 3, 63, 110
5, 6000, {, 3, 68, 110
5, 6114, {, 3, 63, 0
5, 6114, {, 3, 68, 0
5, 6240, {, 3, 68, 110
5, 6240, {, 3, 72, 110
5, 6354, {, 3, 68, 0
5, 6354, {, 3, 72, 0
5, 6480, {, 3, 60, 110
5, 6480, {, 3, 75, 100
5, 6594, {, 3, 60, 0
5, 6594, {, 3, 75, 0
5, 6720, {, 3, 68, 110
5, 6720, {, 3, 74, 110
5, 6948, {, 3, 68, 0
5, 6948, {, 3, 74, 0
5, 6960, {, 3, 65, 110
5, 6960, {, 3, 70, 110
5, 7188, {, 3, 65, 0
5, 7188, {, 3, 70, 0
5, 7200, {, 3, 68, 110
5, 7200, {, 3, 72, 110
5, 8640, &, 3, 7, 100
5, 8670, &, 3, 7, 100
5, 8700, &, 3, 7, 100
5, 8730, &, 3, 7, 100
5, 8760, &, 3, 7, 100
5, 8790, &, 3, 7, 100
5, 8820, &, 3, 7, 100
5, 8850, &, 3, 7, 100
5, 8880, &, 3, 7, 100
5, 8910, &, 3, 7, 100
5, 8940, &, 3, 7, 100
5, 8970, &, 3, 7, 100
5, 9000, &, 3, 7, 100
5, 9030, &, 3, 7, 100
5, 9060, &, 3, 7, 100
5, 9090, &, 3, 7, 100
5, 9120, &, 3, 7, 100
5, 9150, &, 3, 7, 100
5, 9180, &, 3, 7, 100
5, 9210, &, 3, 7, 100
5, 9240, &, 3, 7, 100
5, 9270, &, 3, 7, 100
5, 9300, &, 3, 7, 100
5, 9330, &, 3, 7, 100
5, 9360, &, 3, 7, 100
5, 9390, &, 3, 7, 100
5, 9420, &, 3, 7, 100
5, 9450, &, 3, 7, 100
5, 9480, &, 3, 7, 100
5, 9510, &, 3, 7, 100
5, 9540, &, 3, 7, 100
5, 9570, &, 3, 7, 100
5, 9581, {, 3, 68, 0
5, 9581, {, 3, 72, 0
5, 9600, &, 3, 7, 100
5, 9630, &, 3, 7, 100
5, 9660, &, 3, 7, 100
5, 9690, &, 3, 7, 100
5, 9720, &, 3, 7, 100
5, 9750, &, 3, 7, 100
5, 9780, &, 3, 7, 100
5, 9810, &, 3, 7, 100
5, 9840, &, 3, 7, 100
5, 9870, &, 3, 7, 100
5, 9900, &, 3, 7, 100
5, 9930, &, 3, 7, 100
5, 9960, &, 3, 7, 100
5, 9990, &, 3, 7, 100
5, 10020, &, 3, 7, 100
5, 10050, &, 3, 7, 100
5, 10080, &, 3, 7, 100
5, 10110, &, 3, 7, 100
5, 76800, ;, 3, 48
5, 76800, {, 3, 60, 100
5, 76800, {, 3, 57, 100
5, 84480, {, 3, 60, 0
5, 84480, {, 3, 57, 0
5, 84480, {, 3, 62, 100
5, 84480, {, 3, 67, 100
5, 86400, {, 3, 62, 0
5, 86400, {, 3, 67, 0
5, 86400, {, 3, 62, 100
5, 86400, {, 3, 67, 100
5, 88320, {, 3, 62, 0
5, 88320, {, 3, 67, 0
5, 88320, {, 3, 64, 100
5, 88320, {, 3, 67, 100
5, 90240, {, 3, 64, 0
5, 90240, {, 3, 67, 0
5, 90240, {, 3, 73, 100
5, 90240, {, 3, 67, 100
5, 90720, {, 3, 67, 0
5, 90720, {, 3, 69, 100
5, 91200, {, 3, 69, 0
5, 91200, {, 3, 67, 100
5, 92160, {, 3, 73, 0
5, 92160, {, 3, 67, 0
5, 92160, {, 3, 62, 100
5, 92160, {, 3, 65, 100
5, 96000, {, 3, 62, 0
5, 96000, {, 3, 60, 100
5, 97920, {, 3, 60, 0
5, 97920, {, 3, 65, 0
5, 97920, {, 3, 59, 100
5, 97920, {, 3, 68, 100
5, 98400, {, 3, 68, 0
5, 98400, {, 3, 67, 100
5, 98880, {, 3, 67, 0
5, 98880, {, 3, 65, 100
5, 99840, {, 3, 59, 0
5, 99840, {, 3, 65, 0
5, 99840, \
6, 0, /
6, 0, ~, ""
6, 0, `, 0
6, 0, &, 4, 0, 0
6, 0, &, 4, 32, 0
6, 0, ;, 4, 22
6, 45600, {, 4, 67, 127
6, 46080, {, 4, 67, 0
6, 46080, {, 4, 72, 127
6, 46240, {, 4, 72, 0
6, 46240, {, 4, 74, 127
6, 46400, {, 4, 74, 0
6, 46400, {, 4, 76, 127
6, 46560, {, 4, 76, 0
6, 46560, {, 4, 79, 127
6, 49296, {, 4, 79, 0
6, 49440, {, 4, 77, 127
6, 49600, {, 4, 77, 0
6, 49600, {, 4, 74, 127
6, 49760, {, 4, 74, 0
6, 49760, {, 4, 71, 127
6, 49920, {, 4, 71, 0
6, 49920, {, 4, 72, 127
6, 50880, {, 4, 72, 0
6, 50880, {, 4, 67, 127
6, 53136, {, 4, 67, 0
6, 53280, {, 4, 67, 127
6, 53760, {, 4, 67, 0
6, 53760, {, 4, 72, 127
6, 53920, {, 4, 72, 0
6, 53920, {, 4, 74, 127
6, 54080, {, 4, 74, 0
6, 54080, {, 4, 76, 127
6, 54240, {, 4, 76, 0
6, 54240, {, 4, 79, 127
6, 56976, {, 4, 79, 0
6, 57120, {, 4, 79, 127
6, 57280, {, 4, 79, 0
6, 57280, {, 4, 77, 127
6, 57440, {, 4, 77, 0
6, 57440, {, 4, 76, 127
6, 57600, {, 4, 76, 0
6, 57600, {, 4, 76, 127
6, 58560, {, 4, 76, 0
6, 58560, {, 4, 74, 127
6, 60816, {, 4, 74, 0
6, 60960, {, 4, 67, 127
6, 61440, {, 4, 67, 0
6, 61440, {, 4, 71, 127
6, 61600, {, 4, 71, 0
6, 61600, {, 4, 76, 127
6, 61760, {, 4, 76, 0
6, 61760, {, 4, 79, 127
6, 61920, {, 4, 79, 0
6, 61920, {, 4, 83, 127
6, 64656, {, 4, 83, 0
6, 64800, {, 4, 83, 127
6, 64960, {, 4, 83, 0
6, 64960, {, 4, 79, 127
6, 65120, {, 4, 79, 0
6, 65120, {, 4, 76, 127
6, 65280, {, 4, 76, 0
6, 65280, {, 4, 76, 127
6, 66240, {, 4, 76, 0
6, 66240, {, 4, 74, 127
6, 68496, {, 4, 74, 0
6, 68640, {, 4, 69, 127
6, 69120, {, 4, 69, 0
6, 69120, {, 4, 76, 127
6, 69280, {, 4, 76, 0
6, 69280, {, 4, 74, 127
6, 69440, {, 4, 74, 0
6, 69440, {, 4, 76, 127
6, 69600, {, 4, 76, 0
6, 69600, {, 4, 77, 127
6, 72336, {, 4, 77, 0
6, 72480, {, 4, 76, 127
6, 72640, {, 4, 76, 0
6, 72640, {, 4, 74, 127
6, 72800, {, 4, 74, 0
6, 72800, {, 4, 76, 127
6, 72960, {, 4, 76, 0
6, 72960, {, 4, 77, 127
6, 74880, {, 4, 77, 0
6, 74880, {, 4, 76, 127
6, 75840, {, 4, 76, 0
6, 75840, {, 4, 71, 127
6, 76800, {, 4, 71, 0
6, 76800, {, 4, 74, 127
6, 77760, {, 4, 74, 0
6, 77760, {, 4, 72, 127
6, 80640, {, 4, 72, 0
6, 80640, \
7, 0, /
7, 0, ~, ""
7, 0, `, 0
7, 0, &, 5, 0, 0
7, 0, &, 5, 32, 0
7, 0, ;, 5, 39
7, 76800, +, 5, 0
7, 76800, {, 5, 45, 110
7, 76830, +, 5, 2066
7, 76860, +, 5, 3702
7, 76890, +, 5, 4976
7, 76920, +, 5, 5950
7, 76950, +, 5, 6677
7, 76980, +, 5, 7205
7, 77010, +, 5, 7578
7, 77040, +, 5, 7831
7, 77070, +, 5, 7994
7, 77100, +, 5, 8093
7, 77130, +, 5, 8148
7, 77160, +, 5, 8176
7, 77190, +, 5, 8187
7, 77220, +, 5, 8191
7, 77250, +, 5, 8191
7, 77280, +, 5, 8192
7, 77310, +, 5, 8192
7, 77340, +, 5, 8192
7, 77370, +, 5, 8192
7, 77400, +, 5, 8192
7, 77430, +, 5, 8192
7, 77460, +, 5, 8192
7, 77490, +, 5, 8192
7, 77520, +, 5, 8192
7, 77550, +, 5, 8192
7, 77580, +, 5, 8192
7, 77610, +, 5, 8192
7, 77640, +, 5, 8192
7, 77670, +, 5, 8192
7, 77700, +, 5, 8192
7, 77730, +, 5, 8192
7, 77760, +, 5, 8192
7, 77790, +, 5, 8192
7, 77820, +, 5, 8192
7, 77850, +, 5, 8192
7, 77880, +, 5, 8192
7, 77910, +, 5, 8192
7, 77940, +, 5, 8192
7, 77970, +, 5, 8192
7, 78000, +, 5, 8192
7, 78030, +, 5, 8192
7, 78060, +, 5, 8192
7, 78090, +, 5, 8192
7, 78120, +, 5, 8192
7, 78150, +, 5, 8192
7, 78180, +, 5, 8192
7, 78210, +, 5, 8192
7, 78240, {, 5, 45, 0
7, 78240, +, 5, 8192
7, 78240, {, 5, 45, 110
7, 78270, +, 5, 8192
7, 78300, +, 5, 8192
7, 78330, +, 5, 8192
7, 78360, +, 5, 8192
7, 78390, +, 5, 8192
7, 78420, +, 5, 8192
7, 78450, +, 5, 8192
7, 78480, +, 5, 8192
7, 78510, +, 5, 8192
7, 78540, +, 5, 8192
7, 78570, +, 5, 8192
7, 78600, +, 5, 8192
7, 78630, +, 5, 8192
7, 78660, +, 5, 8192
7, 78690, +, 5, 8192
7, 78720, {, 5, 45, 0
7, 78720, +, 5, 8192
7, 78720, {, 5, 43, 110
7, 78750, +, 5, 8192
7, 78780, +, 5, 8192
7, 78810, +, 5, 8192
7, 78840, +, 5, 8192
7, 78870, +, 5, 8192
7, 78900, +, 5, 8192
7, 78930, +, 5, 8192
7, 78960, +, 5, 8192
7, 78990, +, 5, 8192
7, 79020, +, 5, 8192
7, 79050, +, 5, 8192
7, 79080, +, 5, 8192
7, 79110, +, 5, 8192
7, 79140, +, 5, 8192
7, 79170, +, 5, 8192
7, 79200, +, 5, 8192
7, 79230, +, 5, 8192
7, 79260, +, 5, 8192
7, 79290, +, 5, 8192
7, 79320, +, 5, 8192
7, 79350, +, 5, 8192
7, 79380, +, 5, 8192
7, 79410, +, 5, 8192
7, 79440, +, 5, 8192
7, 79470, +, 5, 8192
7, 79500, +, 5, 8192
7, 79530, +, 5, 8192
7, 79560, +, 5, 8192
7, 79590, +, 5, 8192
7, 79620, +, 5, 8192
7, 79650, +, 5, 8192
7, 79680, +, 5, 8192
7, 79710, +, 5, 8192
7, 79740, +, 5, 8192
7, 79770, +, 5, 8192
7, 79800, +, 5, 8192
7, 79830, +, 5, 8192
7, 79860, +, 5, 8192
7, 79890, +, 5, 8192
7, 79920, +, 5, 8192
7, 79950, +, 5, 8192
7, 79980, +, 5, 8192
7, 80010, +, 5, 8192
7, 80040, +, 5, 8192
7, 80070, +, 5, 8192
7, 80100, +, 5, 8192
7, 80130, +, 5, 8192
7, 80160, {, 5, 43, 0
7, 80160, +, 5, 8192
7, 80160, {, 5, 43, 110
7, 80190, +, 5, 8192
7, 80220, +, 5, 8192
7, 80250, +, 5, 8192
7, 80280, +, 5, 8192
7, 80310, +, 5, 8192
7, 80340, +, 5, 8192
7, 80370, +, 5, 8192
7, 80400, +, 5, 8192
7, 80430, +, 5, 8192
7, 80460, +, 5, 8192
7, 80490, +, 5, 8192
7, 80520, +, 5, 8192
7, 80550, +, 5, 8192
7, 80580, +, 5, 8192
7, 80610, +, 5, 8192
7, 80640, {, 5, 43, 0
7, 80640, +, 5, 8192
7, 80640, {, 5, 42, 110
7, 80670, +, 5, 8192
7, 82080, {, 5, 42, 0
7, 82080, {, 5, 42, 110
7, 82560, {, 5, 42, 0
7, 82560, {, 5, 41, 110
7, 84480, {, 5, 41, 0
7, 84480, {, 5, 38, 110
7, 85920, {, 5, 38, 0
7, 85920, {, 5, 45, 110
7, 85920, +, 5, 0
7, 85950, +, 5, 3763
7, 85980, +, 5, 6020
7, 86010, +, 5, 7261
7, 86040, +, 5, 7864
7, 86070, +, 5, 8108
7, 86100, +, 5, 8180
7, 86130, +, 5, 8191
7, 86155, +, 5, 8192
7, 86185, +, 5, 8192
7, 86215, +, 5, 8192
7, 86245, +, 5, 8192
7, 86275, +, 5, 8192
7, 86305, +, 5, 8192
7, 86335, +, 5, 8192
7, 86365, +, 5, 8192
7, 86395, +, 5, 8192
7, 86400, {, 5, 45, 0
7, 86400, {, 5, 43, 110
7, 86425, +, 5, 8192
7, 86455, +, 5, 8192
7, 86485, +, 5, 8192
7, 86515, +, 5, 8192
7, 86545, +, 5, 8192
7, 86575, +, 5, 8192
7, 86605, +, 5, 8192
7, 86635, +, 5, 8192
7, 86665, +, 5, 8192
7, 86695, +, 5, 8192
7, 86725, +, 5, 8192
7, 86755, +, 5, 8192
7, 86785, +, 5, 8192
7, 86815, +, 5, 8192
7, 86845, +, 5, 8192
7, 86875, +, 5, 8192
7, 86905, +, 5, 8192
7, 86935, +, 5, 8192
7, 86965, +, 5, 8192
7, 86995, +, 5, 8192
7, 87025, +, 5, 8192
7, 87055, +, 5, 8192
7, 87085, +, 5, 8192
7, 87115, +, 5, 8192
7, 87145, +, 5, 8192
7, 87175, +, 5, 8192
7, 87205, +, 5, 8192
7, 87235, +, 5, 8192
7, 87265, +, 5, 8192
7, 87295, +, 5, 8192
7, 87325, +, 5, 8192
7, 87355, +, 5, 8192
7, 87385, +, 5, 8192
7, 87415, +, 5, 8192
7, 87445, +, 5, 8192
7, 87475, +, 5, 8192
7, 87505, +, 5, 8192
7, 87535, +, 5, 8192
7, 87565, +, 5, 8192
7, 87595, +, 5, 8192
7, 87625, +, 5, 8192
7, 87655, +, 5, 8192
7, 87685, +, 5, 8192
7, 87715, +, 5, 8192
7, 87745, +, 5, 8192
7, 87775, +, 5, 8192
7, 87805, +, 5, 8192
7, 87835, +, 5, 8192
7, 87865, +, 5, 8192
7, 87895, +, 5, 8192
7, 87925, +, 5, 8192
7, 87955, +, 5, 8192
7, 87985, +, 5, 8192
7, 88015, +, 5, 8192
7, 88045, +, 5, 8192
7, 88075, +, 5, 8192
7, 88105, +, 5, 8192
7, 88135, +, 5, 8192
7, 88165, +, 5, 8192
7, 88195, +, 5, 8192
7, 88225, +, 5, 8192
7, 88255, +, 5, 8192
7, 88285, +, 5, 8192
7, 88315, +, 5, 8192
7, 88320, {, 5, 43, 0
7, 88320, {, 5, 40, 110
7, 88345, +, 5, 8192
7, 89760, {, 5, 40, 0
7, 89760, {, 5, 47, 110
7, 89760, +, 5, 0
7, 89790, +, 5, 3763
7, 89820, +, 5, 6020
7, 89850, +, 5, 7261
7, 89880, +, 5, 7864
7, 89910, +, 5, 8108
7, 89940, +, 5, 8180
7, 89970, +, 5, 8191
7, 89995, +, 5, 8192
7, 90025, +, 5, 8192
7, 90055, +, 5, 8192
7, 90085, +, 5, 8192
7, 90115, +, 5, 8192
7, 90145, +, 5, 8192
7, 90175, +, 5, 8192
7, 90205, +, 5, 8192
7, 90235, +, 5, 8192
7, 90240, {, 5, 47, 0
7, 90240, {, 5, 45, 110
7, 91680, {, 5, 45, 0
7, 91680, {, 5, 40, 110
7, 91920, {, 5, 40, 0
7, 91920, {, 5, 39, 110
7, 92160, {, 5, 39, 0
7, 92160, {, 5, 38, 110
7, 94560, {, 5, 38, 0
7, 94560, {, 5, 52, 110
7, 94560, +, 5, 0
7, 94590, +, 5, 6035
7, 94620, +, 5, 7870
7, 94650, +, 5, 8180
7, 94677, +, 5, 8192
7, 94707, +, 5, 8192
7, 94737, +, 5, 8192
7, 94767, +, 5, 8192
7, 94797, +, 5, 8192
7, 94800, {, 5, 52, 0
7, 94800, {, 5, 50, 110
7, 94827, +, 5, 8192
7, 94857, +, 5, 8192
7, 94887, +, 5, 8192
7, 94917, +, 5, 8192
7, 94947, +, 5, 8192
7, 94977, +, 5, 8192
7, 95007, +, 5, 8192
7, 95037, +, 5, 8192
7, 95040, {, 5, 50, 0
7, 95040, {, 5, 48, 110
7, 95067, +, 5, 8192
7, 95097, +, 5, 8192
7, 95127, +, 5, 8192
7, 95157, +, 5, 8192
7, 95187, +, 5, 8192
7, 95217, +, 5, 8192
7, 95247, +, 5, 8192
7, 95277, +, 5, 8192
7, 95307, +, 5, 8192
7, 95337, +, 5, 8192
7, 95367, +, 5, 8192
7, 95397, +, 5, 8192
7, 95400, {, 5, 48, 0
7, 95400, {, 5, 47, 110
7, 95427, +, 5, 8192
7, 95457, +, 5, 8192
7, 95487, +, 5, 8192
7, 95517, +, 5, 8192
7, 95547, +, 5, 8192
7, 95577, +, 5, 8192
7, 95607, +, 5, 8192
7, 95637, +, 5, 8192
7, 95667, +, 5, 8192
7, 95697, +, 5, 8192
7, 95727, +, 5, 8192
7, 95757, +, 5, 8192
7, 95760, {, 5, 47, 0
7, 95760, {, 5, 45, 110
7, 95787, +, 5, 8192
7, 95817, +, 5, 8192
7, 95847, +, 5, 8192
7, 95877, +, 5, 8192
7, 95907, +, 5, 8192
7, 95937, +, 5, 8192
7, 95967, +, 5, 8192
7, 95997, +, 5, 8192
7, 96000, {, 5, 45, 0
7, 96000, {, 5, 43, 110
7, 96027, +, 5, 8192
7, 96057, +, 5, 8192
7, 96087, +, 5, 8192
7, 96117, +, 5, 8192
7, 96147, +, 5, 8192
7, 96177, +, 5, 8192
7, 96207, +, 5, 8192
7, 96237, +, 5, 8192
7, 96267, +, 5, 8192
7, 96297, +, 5, 8192
7, 96327, +, 5, 8192
7, 96357, +, 5, 8192
7, 96387, +, 5, 8192
7, 96417, +, 5, 8192
7, 96447, +, 5, 8192
7, 96477, +, 5, 8192
7, 96507, +, 5, 8192
7, 96537, +, 5, 8192
7, 96567, +, 5, 8192
7, 96597, +, 5, 8192
7, 96627, +, 5, 8192
7, 96657, +, 5, 8192
7, 96687, +, 5, 8192
7, 96717, +, 5, 8192
7, 96747, +, 5, 8192
7, 96777, +, 5, 8192
7, 96807, +, 5, 8192
7, 96837, +, 5, 8192
7, 96867, +, 5, 8192
7, 96897, +, 5, 8192
7, 96927, +, 5, 8192
7, 96957, +, 5, 8192
7, 96987, +, 5, 8192
7, 97017, +, 5, 8192
7, 97047, +, 5, 8192
7, 97077, +, 5, 8192
7, 97107, +, 5, 8192
7, 97137, +, 5, 8192
7, 97167, +, 5, 8192
7, 97197, +, 5, 8192
7, 97227, +, 5, 8192
7, 97257, +, 5, 8192
7, 97287, +, 5, 8192
7, 97317, +, 5, 8192
7, 97347, +, 5, 8192
7, 97377, +, 5, 8192
7, 97407, +, 5, 8192
7, 97437, +, 5, 8192
7, 97440, {, 5, 43, 0
7, 97440, {, 5, 43, 110
7, 97467, +, 5, 8192
7, 97497, +, 5, 8192
7, 97527, +, 5, 8192
7, 97557, +, 5, 8192
7, 97587, +, 5, 8192
7, 97617, +, 5, 8192
7, 97647, +, 5, 8192
7, 97677, +, 5, 8192
7, 97707, +, 5, 8192
7, 97737, +, 5, 8192
7, 97767, +, 5, 8192
7, 97797, +, 5, 8192
7, 97827, +, 5, 8192
7, 97857, +, 5, 8192
7, 97887, +, 5, 8192
7, 97917, +, 5, 8192
7, 97920, {, 5, 43, 0
7, 97920, {, 5, 43, 110
7, 97947, +, 5, 8192
7, 99840, {, 5, 43, 0
7, 99840, \
8, 0, /
8, 0, ~, ""
8, 0, `, 0
8, 0, \
9, 0, /
9, 0, ~, ""
9, 0, `, 0
9, 0, \
10, 0, /
10, 0, ~, ""
10, 0, `, 0
10, 0, \
11, 0, /
11, 0, ~, ""
11, 0, `, 0
11, 0, \
12, 0, /
12, 0, ~, ""
12, 0, `, 0
12, 0, \
13, 0, /
13, 0, ~, ""
13, 0, `, 0
13, 0, \
14, 0, /
14, 0, ~, ""
14, 0, `, 0
14, 0, \
15, 0, /
15, 0, ~, ""
15, 0, `, 0
15, 0, \
16, 0, /
16, 0, ~, ""
16, 0, `, 0
16, 0, \
17, 0, /
17, 0, ~, ""
17, 0, `, 0
17, 0, \
0, 0, >

