0, 0, <, 1, 18, 480
1, 0, /
1, 0, ~, "\202n\202\220\202\205\202\216\202\211\202\216\202\207"
1, 0, (, ") Nobuo Uematsu"
1, 0, ~, "Conductor track"
1, 0, #, 0, "major"
1, 0, $, 1, 2, 24, 8
1, 0, %, 250000
1, 480, |, "Start"
1, 480, %, 659340
1, 480, #, 0, "major"
1, 480, $, 4, 2, 24, 8
1, 480, \
2, 0, /
2, 0, ~, "System Setup"
2, 0, ?, 5, 126, 127, 9, 1, 247
2, 480, \
3, 0, /
3, 0, ~, "CH #1"
3, 0, =t, "Organ1"
3, 240, &, 0, 7, 110
3, 300, &, 0, 10, 64
3, 360, &, 0, 11, 100
3, 420, ;, 0, 16
3, 480, |, "Start"
3, 480, &, 0, 11, 21
3, 480, &, 0, 10, 64
3, 480, {, 0, 71, 127
3, 480, {, 0, 64, 127
3, 540, &, 0, 11, 27
3, 600, &, 0, 11, 30
3, 660, &, 0, 11, 34
3, 720, &, 0, 11, 38
3, 780, &, 0, 11, 39
3, 840, &, 0, 11, 41
3, 900, &, 0, 11, 45
3, 960, &, 0, 11, 48
3, 1020, &, 0, 11, 52
3, 1080, &, 0, 11, 54
3, 1140, &, 0, 11, 56
3, 1200, &, 0, 11, 59
3, 1260, &, 0, 11, 63
3, 1320, &, 0, 11, 66
3, 1380, &, 0, 11, 68
3, 1440, &, 0, 11, 72
3, 1500, &, 0, 11, 74
3, 1560, &, 0, 11, 77
3, 4320, {, 0, 64, 0
3, 4320, {, 0, 71, 0
3, 4320, &, 0, 11, 22
3, 4320, {, 0, 74, 127
3, 4320, {, 0, 71, 127
3, 4320, {, 0, 66, 127
3, 4380, &, 0, 11, 28
3, 4440, &, 0, 11, 32
3, 4500, &, 0, 11, 36
3, 4560, &, 0, 11, 40
3, 4620, &, 0, 11, 45
3, 4680, &, 0, 11, 49
3, 4740, &, 0, 11, 52
3, 4800, &, 0, 11, 58
3, 4860, &, 0, 11, 62
3, 4920, &, 0, 11, 67
3, 4980, &, 0, 11, 71
3, 5040, &, 0, 11, 73
3, 5100, &, 0, 11, 77
3, 5160, &, 0, 11, 82
3, 5220, &, 0, 11, 87
3, 8160, &, 0, 11, 83
3, 10080, {, 0, 66, 0
3, 10080, {, 0, 71, 0
3, 10080, {, 0, 74, 0
3, 10080, &, 0, 11, 21
3, 10080, &, 0, 10, 64
3, 10080, {, 0, 71, 127
3, 10080, {, 0, 64, 127
3, 10140, &, 0, 11, 27
3, 10200, &, 0, 11, 30
3, 10260, &, 0, 11, 34
3, 10320, &, 0, 11, 38
3, 10380, &, 0, 11, 39
3, 10440, &, 0, 11, 41
3, 10500, &, 0, 11, 45
3, 10560, &, 0, 11, 48
3, 10620, &, 0, 11, 52
3, 10680, &, 0, 11, 54
3, 10740, &, 0, 11, 56
3, 10800, &, 0, 11, 59
3, 10860, &, 0, 11, 63
3, 10920, &, 0, 11, 66
3, 10980, &, 0, 11, 68
3, 11040, &, 0, 11, 72
3, 11100, &, 0, 11, 74
3, 11160, &, 0, 11, 77
3, 13920, {, 0, 64, 0
3, 13920, {, 0, 71, 0
3, 13920, &, 0, 11, 22
3, 13920, {, 0, 74, 127
3, 13920, {, 0, 71, 127
3, 13920, {, 0, 66, 127
3, 13980, &, 0, 11, 28
3, 14040, &, 0, 11, 32
3, 14100, &, 0, 11, 36
3, 14160, &, 0, 11, 40
3, 14220, &, 0, 11, 45
3, 14280, &, 0, 11, 49
3, 14340, &, 0, 11, 52
3, 14400, &, 0, 11, 58
3, 14460, &, 0, 11, 62
3, 14520, &, 0, 11, 67
3, 14580, &, 0, 11, 71
3, 14640, &, 0, 11, 73
3, 14700, &, 0, 11, 77
3, 14760, &, 0, 11, 82
3, 14820, &, 0, 11, 87
3, 17760, &, 0, 11, 83
3, 19680, {, 0, 66, 0
3, 19680, {, 0, 71, 0
3, 19680, {, 0, 74, 0
3, 19680, &, 0, 11, 21
3, 19680, &, 0, 10, 64
3, 19680, {, 0, 71, 127
3, 19680, {, 0, 64, 127
3, 19740, &, 0, 11, 27
3, 19800, &, 0, 11, 30
3, 19860, &, 0, 11, 34
3, 19920, &, 0, 11, 38
3, 19980, &, 0, 11, 39
3, 20040, &, 0, 11, 41
3, 20100, &, 0, 11, 45
3, 20160, &, 0, 11, 48
3, 20220, &, 0, 11, 52
3, 20280, &, 0, 11, 54
3, 20340, &, 0, 11, 56
3, 20400, &, 0, 11, 59
3, 20460, &, 0, 11, 63
3, 20520, &, 0, 11, 66
3, 20580, &, 0, 11, 68
3, 20640, &, 0, 11, 72
3, 20700, &, 0, 11, 74
3, 20760, &, 0, 11, 77
3, 23520, {, 0, 64, 0
3, 23520, {, 0, 71, 0
3, 23520, &, 0, 11, 22
3, 23520, {, 0, 74, 127
3, 23520, {, 0, 71, 127
3, 23520, {, 0, 66, 127
3, 23580, &, 0, 11, 28
3, 23640, &, 0, 11, 32
3, 23700, &, 0, 11, 36
3, 23760, &, 0, 11, 40
3, 23820, &, 0, 11, 45
3, 23880, &, 0, 11, 49
3, 23940, &, 0, 11, 52
3, 24000, &, 0, 11, 58
3, 24060, &, 0, 11, 62
3, 24120, &, 0, 11, 67
3, 24180, &, 0, 11, 71
3, 24240, &, 0, 11, 73
3, 24300, &, 0, 11, 77
3, 24360, &, 0, 11, 82
3, 24420, &, 0, 11, 87
3, 27360, &, 0, 11, 84
3, 29280, {, 0, 66, 0
3, 29280, {, 0, 71, 0
3, 29280, {, 0, 74, 0
3, 29280, &, 0, 11, 21
3, 29280, &, 0, 10, 64
3, 29280, {, 0, 71, 127
3, 29280, {, 0, 64, 127
3, 29340, &, 0, 11, 27
3, 29400, &, 0, 11, 30
3, 29460, &, 0, 11, 34
3, 29520, &, 0, 11, 38
3, 29580, &, 0, 11, 39
3, 29640, &, 0, 11, 41
3, 29700, &, 0, 11, 45
3, 29760, &, 0, 11, 48
3, 29820, &, 0, 11, 52
3, 29880, &, 0, 11, 54
3, 29940, &, 0, 11, 56
3, 30000, &, 0, 11, 59
3, 30060, &, 0, 11, 63
3, 30120, &, 0, 11, 66
3, 30180, &, 0, 11, 68
3, 30240, &, 0, 11, 72
3, 30300, &, 0, 11, 74
3, 30360, &, 0, 11, 77
3, 33120, {, 0, 64, 0
3, 33120, {, 0, 71, 0
3, 33120, &, 0, 11, 22
3, 33120, {, 0, 74, 127
3, 33120, {, 0, 71, 127
3, 33120, {, 0, 66, 127
3, 33180, &, 0, 11, 28
3, 33240, &, 0, 11, 32
3, 33300, &, 0, 11, 36
3, 33360, &, 0, 11, 40
3, 33420, &, 0, 11, 45
3, 33480, &, 0, 11, 49
3, 33540, &, 0, 11, 52
3, 33600, &, 0, 11, 58
3, 33660, &, 0, 11, 62
3, 33720, &, 0, 11, 67
3, 33780, &, 0, 11, 71
3, 33840, &, 0, 11, 73
3, 33900, &, 0, 11, 77
3, 33960, &, 0, 11, 82
3, 34020, &, 0, 11, 87
3, 36960, &, 0, 11, 84
3, 38880, {, 0, 66, 0
3, 38880, {, 0, 71, 0
3, 38880, {, 0, 74, 0
3, 38880, &, 0, 11, 21
3, 38880, &, 0, 10, 64
3, 38880, {, 0, 71, 127
3, 38880, {, 0, 64, 127
3, 38940, &, 0, 11, 27
3, 39000, &, 0, 11, 30
3, 39060, &, 0, 11, 34
3, 39120, &, 0, 11, 38
3, 39180, &, 0, 11, 39
3, 39240, &, 0, 11, 41
3, 39300, &, 0, 11, 45
3, 39360, &, 0, 11, 48
3, 39420, &, 0, 11, 52
3, 39480, &, 0, 11, 54
3, 39540, &, 0, 11, 56
3, 39600, &, 0, 11, 59
3, 39660, &, 0, 11, 63
3, 39720, &, 0, 11, 66
3, 39780, &, 0, 11, 68
3, 39840, &, 0, 11, 72
3, 39900, &, 0, 11, 74
3, 39960, &, 0, 11, 77
3, 42720, {, 0, 64, 0
3, 42720, {, 0, 71, 0
3, 42720, &, 0, 11, 22
3, 42720, {, 0, 74, 127
3, 42720, {, 0, 71, 127
3, 42720, {, 0, 66, 127
3, 42780, &, 0, 11, 28
3, 42840, &, 0, 11, 32
3, 42900, &, 0, 11, 36
3, 42960, &, 0, 11, 40
3, 43020, &, 0, 11, 45
3, 43080, &, 0, 11, 49
3, 43140, &, 0, 11, 52
3, 43200, &, 0, 11, 58
3, 43260, &, 0, 11, 62
3, 43320, &, 0, 11, 67
3, 43380, &, 0, 11, 71
3, 43440, &, 0, 11, 73
3, 43500, &, 0, 11, 77
3, 43560, &, 0, 11, 82
3, 43620, &, 0, 11, 87
3, 46560, &, 0, 11, 84
3, 48480, {, 0, 66, 0
3, 48480, {, 0, 71, 0
3, 48480, {, 0, 74, 0
3, 48480, &, 0, 11, 21
3, 48480, &, 0, 10, 64
3, 48480, {, 0, 71, 127
3, 48480, {, 0, 64, 127
3, 48540, &, 0, 11, 27
3, 48600, &, 0, 11, 30
3, 48660, &, 0, 11, 34
3, 48720, &, 0, 11, 38
3, 48780, &, 0, 11, 39
3, 48840, &, 0, 11, 41
3, 48900, &, 0, 11, 45
3, 48960, &, 0, 11, 48
3, 49020, &, 0, 11, 52
3, 49080, &, 0, 11, 54
3, 49140, &, 0, 11, 56
3, 49200, &, 0, 11, 59
3, 49260, &, 0, 11, 63
3, 49320, &, 0, 11, 66
3, 49380, &, 0, 11, 68
3, 49440, &, 0, 11, 72
3, 49500, &, 0, 11, 74
3, 49560, &, 0, 11, 77
3, 52320, {, 0, 64, 0
3, 52320, {, 0, 71, 0
3, 52320, &, 0, 11, 22
3, 52320, {, 0, 74, 127
3, 52320, {, 0, 71, 127
3, 52320, {, 0, 66, 127
3, 52380, &, 0, 11, 28
3, 52440, &, 0, 11, 32
3, 52500, &, 0, 11, 36
3, 52560, &, 0, 11, 40
3, 52620, &, 0, 11, 45
3, 52680, &, 0, 11, 49
3, 52740, &, 0, 11, 52
3, 52800, &, 0, 11, 58
3, 52860, &, 0, 11, 62
3, 52920, &, 0, 11, 67
3, 52980, &, 0, 11, 71
3, 53040, &, 0, 11, 73
3, 53100, &, 0, 11, 77
3, 53160, &, 0, 11, 82
3, 53220, &, 0, 11, 87
3, 56160, &, 0, 11, 84
3, 58080, {, 0, 66, 0
3, 58080, {, 0, 71, 0
3, 58080, {, 0, 74, 0
3, 58080, &, 0, 11, 21
3, 58080, &, 0, 10, 64
3, 58080, {, 0, 71, 127
3, 58080, {, 0, 64, 127
3, 58140, &, 0, 11, 27
3, 58200, &, 0, 11, 30
3, 58260, &, 0, 11, 34
3, 58320, &, 0, 11, 38
3, 58380, &, 0, 11, 39
3, 58440, &, 0, 11, 41
3, 58500, &, 0, 11, 45
3, 58560, &, 0, 11, 48
3, 58620, &, 0, 11, 52
3, 58680, &, 0, 11, 54
3, 58740, &, 0, 11, 56
3, 58800, &, 0, 11, 59
3, 58860, &, 0, 11, 63
3, 58920, &, 0, 11, 66
3, 58980, &, 0, 11, 68
3, 59040, &, 0, 11, 72
3, 59100, &, 0, 11, 74
3, 59160, &, 0, 11, 77
3, 61920, {, 0, 64, 0
3, 61920, {, 0, 71, 0
3, 61920, &, 0, 11, 22
3, 61920, {, 0, 74, 127
3, 61920, {, 0, 71, 127
3, 61920, {, 0, 66, 127
3, 61980, &, 0, 11, 28
3, 62040, &, 0, 11, 32
3, 62100, &, 0, 11, 36
3, 62160, &, 0, 11, 40
3, 62220, &, 0, 11, 45
3, 62280, &, 0, 11, 49
3, 62340, &, 0, 11, 52
3, 62400, &, 0, 11, 58
3, 62460, &, 0, 11, 62
3, 62520, &, 0, 11, 67
3, 62580, &, 0, 11, 71
3, 62640, &, 0, 11, 73
3, 62700, &, 0, 11, 77
3, 62760, &, 0, 11, 82
3, 62820, &, 0, 11, 87
3, 63840, {, 0, 66, 0
3, 63840, {, 0, 71, 0
3, 63840, {, 0, 74, 0
3, 63840, &, 0, 11, 43
3, 63840, {, 0, 76, 127
3, 63840, {, 0, 72, 127
3, 63840, {, 0, 69, 127
3, 63840, {, 0, 65, 127
3, 63900, &, 0, 11, 47
3, 63960, &, 0, 11, 51
3, 64020, &, 0, 11, 59
3, 64080, &, 0, 11, 66
3, 64140, &, 0, 11, 68
3, 65760, {, 0, 65, 0
3, 65760, {, 0, 69, 0
3, 65760, {, 0, 72, 0
3, 65760, {, 0, 76, 0
3, 65760, &, 0, 11, 31
3, 65760, {, 0, 79, 127
3, 65760, {, 0, 76, 127
3, 65760, {, 0, 72, 127
3, 65760, {, 0, 69, 127
3, 65820, &, 0, 11, 36
3, 65880, &, 0, 11, 39
3, 65940, &, 0, 11, 43
3, 66000, &, 0, 11, 47
3, 66060, &, 0, 11, 50
3, 66120, &, 0, 11, 55
3, 66180, &, 0, 11, 57
3, 67680, {, 0, 69, 0
3, 67680, {, 0, 72, 0
3, 67680, {, 0, 76, 0
3, 67680, {, 0, 79, 0
3, 67680, &, 0, 11, 37
3, 67680, {, 0, 78, 127
3, 67680, {, 0, 74, 127
3, 67680, {, 0, 71, 127
3, 67680, {, 0, 67, 127
3, 67740, &, 0, 11, 41
3, 67800, &, 0, 11, 44
3, 67860, &, 0, 11, 48
3, 67920, &, 0, 11, 51
3, 67980, &, 0, 11, 54
3, 68040, &, 0, 11, 57
3, 68100, &, 0, 11, 60
3, 69600, {, 0, 67, 0
3, 69600, {, 0, 71, 0
3, 69600, {, 0, 74, 0
3, 69600, {, 0, 78, 0
3, 69600, &, 0, 11, 39
3, 69600, {, 0, 76, 127
3, 69600, {, 0, 71, 127
3, 69600, {, 0, 64, 127
3, 69660, &, 0, 11, 43
3, 69720, &, 0, 11, 47
3, 69780, &, 0, 11, 51
3, 69840, &, 0, 11, 54
3, 69900, &, 0, 11, 58
3, 69960, &, 0, 11, 61
3, 70020, &, 0, 11, 63
3, 75360, {, 0, 64, 0
3, 75360, {, 0, 71, 0
3, 75360, {, 0, 76, 0
3, 75360, {, 0, 66, 127
3, 75360, {, 0, 62, 127
3, 75360, {, 0, 57, 127
3, 79320, &, 0, 11, 60
3, 79380, &, 0, 11, 56
3, 79500, &, 0, 11, 55
3, 79560, &, 0, 11, 52
3, 79620, &, 0, 11, 50
3, 79680, &, 0, 11, 46
3, 79800, &, 0, 11, 41
3, 79920, &, 0, 11, 37
3, 80100, &, 0, 11, 34
3, 80160, &, 0, 11, 29
3, 80220, &, 0, 11, 27
3, 80340, &, 0, 11, 21
3, 80400, &, 0, 11, 16
3, 80520, &, 0, 11, 11
3, 80580, &, 0, 11, 10
3, 80640, &, 0, 11, 8
3, 80700, &, 0, 11, 3
3, 81120, {, 0, 57, 0
3, 81120, {, 0, 62, 0
3, 81120, {, 0, 66, 0
3, 81120, \
4, 0, /
4, 0, ~, "CH #2"
4, 0, =t, "Violin"
4, 240, &, 1, 7, 110
4, 300, &, 1, 10, 64
4, 360, &, 1, 11, 100
4, 420, ;, 1, 40
4, 480, |, "Start"
4, 480, &, 1, 11, 21
4, 480, &, 1, 10, 64
4, 480, {, 1, 66, 127
4, 540, &, 1, 11, 27
4, 600, &, 1, 11, 30
4, 660, &, 1, 11, 37
4, 720, &, 1, 11, 41
4, 780, &, 1, 11, 44
4, 840, &, 1, 11, 47
4, 900, &, 1, 11, 52
4, 960, &, 1, 11, 55
4, 1020, &, 1, 11, 58
4, 1080, &, 1, 11, 63
4, 1140, &, 1, 11, 68
4, 1200, &, 1, 11, 73
4, 1260, &, 1, 11, 76
4, 1320, &, 1, 11, 83
4, 1380, &, 1, 11, 89
4, 1440, &, 1, 11, 92
4, 1500, &, 1, 11, 97
4, 1560, &, 1, 11, 102
4, 2400, {, 1, 66, 0
4, 2400, {, 1, 67, 127
4, 4320, {, 1, 67, 0
4, 10080, &, 1, 11, 21
4, 10080, &, 1, 10, 64
4, 10080, {, 1, 66, 127
4, 10140, &, 1, 11, 27
4, 10200, &, 1, 11, 30
4, 10260, &, 1, 11, 37
4, 10320, &, 1, 11, 41
4, 10380, &, 1, 11, 44
4, 10440, &, 1, 11, 47
4, 10500, &, 1, 11, 52
4, 10560, &, 1, 11, 55
4, 10620, &, 1, 11, 58
4, 10680, &, 1, 11, 63
4, 10740, &, 1, 11, 68
4, 10800, &, 1, 11, 73
4, 10860, &, 1, 11, 76
4, 10920, &, 1, 11, 83
4, 10980, &, 1, 11, 89
4, 11040, &, 1, 11, 92
4, 11100, &, 1, 11, 97
4, 11160, &, 1, 11, 102
4, 12000, {, 1, 66, 0
4, 12000, {, 1, 67, 127
4, 13920, {, 1, 67, 0
4, 19680, &, 1, 11, 21
4, 19680, &, 1, 10, 64
4, 19680, {, 1, 66, 127
4, 19740, &, 1, 11, 27
4, 19800, &, 1, 11, 30
4, 19860, &, 1, 11, 37
4, 19920, &, 1, 11, 41
4, 19980, &, 1, 11, 44
4, 20040, &, 1, 11, 47
4, 20100, &, 1, 11, 52
4, 20160, &, 1, 11, 55
4, 20220, &, 1, 11, 58
4, 20280, &, 1, 11, 63
4, 20340, &, 1, 11, 68
4, 20400, &, 1, 11, 73
4, 20460, &, 1, 11, 76
4, 20520, &, 1, 11, 83
4, 20580, &, 1, 11, 89
4, 20640, &, 1, 11, 92
4, 20700, &, 1, 11, 97
4, 20760, &, 1, 11, 102
4, 21600, {, 1, 66, 0
4, 21600, {, 1, 67, 127
4, 23520, {, 1, 67, 0
4, 29280, &, 1, 11, 21
4, 29280, &, 1, 10, 64
4, 29280, {, 1, 66, 127
4, 29340, &, 1, 11, 27
4, 29400, &, 1, 11, 30
4, 29460, &, 1, 11, 37
4, 29520, &, 1, 11, 41
4, 29580, &, 1, 11, 44
4, 29640, &, 1, 11, 47
4, 29700, &, 1, 11, 52
4, 29760, &, 1, 11, 55
4, 29820, &, 1, 11, 58
4, 29880, &, 1, 11, 63
4, 29940, &, 1, 11, 68
4, 30000, &, 1, 11, 73
4, 30060, &, 1, 11, 76
4, 30120, &, 1, 11, 83
4, 30180, &, 1, 11, 89
4, 30240, &, 1, 11, 92
4, 30300, &, 1, 11, 97
4, 30360, &, 1, 11, 102
4, 31200, {, 1, 66, 0
4, 31200, {, 1, 67, 127
4, 33120, {, 1, 67, 0
4, 38880, &, 1, 11, 21
4, 38880, &, 1, 10, 64
4, 38880, {, 1, 66, 127
4, 38940, &, 1, 11, 27
4, 39000, &, 1, 11, 30
4, 39060, &, 1, 11, 37
4, 39120, &, 1, 11, 41
4, 39180, &, 1, 11, 44
4, 39240, &, 1, 11, 47
4, 39300, &, 1, 11, 52
4, 39360, &, 1, 11, 55
4, 39420, &, 1, 11, 58
4, 39480, &, 1, 11, 63
4, 39540, &, 1, 11, 68
4, 39600, &, 1, 11, 73
4, 39660, &, 1, 11, 76
4, 39720, &, 1, 11, 83
4, 39780, &, 1, 11, 89
4, 39840, &, 1, 11, 92
4, 39900, &, 1, 11, 97
4, 39960, &, 1, 11, 102
4, 40800, {, 1, 66, 0
4, 40800, {, 1, 67, 127
4, 42720, {, 1, 67, 0
4, 48480, &, 1, 11, 21
4, 48480, &, 1, 10, 64
4, 48480, {, 1, 66, 127
4, 48540, &, 1, 11, 27
4, 48600, &, 1, 11, 30
4, 48660, &, 1, 11, 37
4, 48720, &, 1, 11, 41
4, 48780, &, 1, 11, 44
4, 48840, &, 1, 11, 47
4, 48900, &, 1, 11, 52
4, 48960, &, 1, 11, 55
4, 49020, &, 1, 11, 58
4, 49080, &, 1, 11, 63
4, 49140, &, 1, 11, 68
4, 49200, &, 1, 11, 73
4, 49260, &, 1, 11, 76
4, 49320, &, 1, 11, 83
4, 49380, &, 1, 11, 89
4, 49440, &, 1, 11, 92
4, 49500, &, 1, 11, 97
4, 49560, &, 1, 11, 102
4, 50400, {, 1, 66, 0
4, 50400, {, 1, 67, 127
4, 52320, {, 1, 67, 0
4, 58080, &, 1, 11, 21
4, 58080, &, 1, 10, 64
4, 58080, {, 1, 66, 127
4, 58140, &, 1, 11, 27
4, 58200, &, 1, 11, 30
4, 58260, &, 1, 11, 37
4, 58320, &, 1, 11, 41
4, 58380, &, 1, 11, 44
4, 58440, &, 1, 11, 47
4, 58500, &, 1, 11, 52
4, 58560, &, 1, 11, 55
4, 58620, &, 1, 11, 58
4, 58680, &, 1, 11, 63
4, 58740, &, 1, 11, 68
4, 58800, &, 1, 11, 73
4, 58860, &, 1, 11, 76
4, 58920, &, 1, 11, 83
4, 58980, &, 1, 11, 89
4, 59040, &, 1, 11, 92
4, 59100, &, 1, 11, 97
4, 59160, &, 1, 11, 102
4, 60000, {, 1, 66, 0
4, 60000, {, 1, 67, 127
4, 61920, {, 1, 67, 0
4, 61920, \
5, 0, /
5, 0, ~, "CH #3"
5, 0, =t, "Soprano Sax"
5, 240, &, 2, 7, 102
5, 300, &, 2, 10, 64
5, 360, &, 2, 11, 100
5, 420, ;, 2, 64
5, 480, |, "Start"
5, 480, &, 2, 11, 21
5, 480, &, 2, 10, 64
5, 540, &, 2, 11, 27
5, 600, &, 2, 11, 30
5, 660, &, 2, 11, 37
5, 720, &, 2, 11, 41
5, 780, &, 2, 11, 44
5, 840, &, 2, 11, 47
5, 900, &, 2, 11, 52
5, 960, &, 2, 11, 55
5, 1020, &, 2, 11, 58
5, 1080, &, 2, 11, 63
5, 1140, &, 2, 11, 68
5, 1200, &, 2, 11, 73
5, 1260, &, 2, 11, 76
5, 1320, &, 2, 11, 83
5, 1380, &, 2, 11, 89
5, 1440, &, 2, 11, 92
5, 1500, &, 2, 11, 97
5, 1560, &, 2, 11, 102
5, 8160, &, 2, 11, 17
5, 8160, {, 2, 57, 127
5, 8220, &, 2, 11, 21
5, 8280, &, 2, 11, 23
5, 8340, &, 2, 11, 26
5, 8400, &, 2, 11, 30
5, 8460, &, 2, 11, 34
5, 8520, &, 2, 11, 37
5, 8580, &, 2, 11, 42
5, 8640, &, 2, 11, 47
5, 8700, &, 2, 11, 52
5, 8760, &, 2, 11, 56
5, 8820, &, 2, 11, 61
5, 8880, &, 2, 11, 66
5, 8940, &, 2, 11, 70
5, 9000, &, 2, 11, 74
5, 10080, {, 2, 57, 0
5, 17760, &, 2, 11, 17
5, 17760, {, 2, 57, 127
5, 17820, &, 2, 11, 21
5, 17880, &, 2, 11, 23
5, 17940, &, 2, 11, 26
5, 18000, &, 2, 11, 30
5, 18060, &, 2, 11, 34
5, 18120, &, 2, 11, 37
5, 18180, &, 2, 11, 42
5, 18240, &, 2, 11, 47
5, 18300, &, 2, 11, 52
5, 18360, &, 2, 11, 56
5, 18420, &, 2, 11, 61
5, 18480, &, 2, 11, 66
5, 18540, &, 2, 11, 70
5, 18600, &, 2, 11, 74
5, 19680, {, 2, 57, 0
5, 27360, &, 2, 11, 17
5, 27360, {, 2, 57, 127
5, 27420, &, 2, 11, 21
5, 27480, &, 2, 11, 23
5, 27540, &, 2, 11, 26
5, 27600, &, 2, 11, 30
5, 27660, &, 2, 11, 34
5, 27720, &, 2, 11, 37
5, 27780, &, 2, 11, 42
5, 27840, &, 2, 11, 47
5, 27900, &, 2, 11, 52
5, 27960, &, 2, 11, 56
5, 28020, &, 2, 11, 61
5, 28080, &, 2, 11, 66
5, 28140, &, 2, 11, 70
5, 28200, &, 2, 11, 74
5, 29280, {, 2, 57, 0
5, 36960, &, 2, 11, 57
5, 36960, {, 2, 57, 127
5, 37020, &, 2, 11, 64
5, 37080, &, 2, 11, 68
5, 37140, &, 2, 11, 72
5, 37200, &, 2, 11, 77
5, 37260, &, 2, 11, 81
5, 37320, &, 2, 11, 85
5, 37380, &, 2, 11, 90
5, 37440, &, 2, 11, 94
5, 37500, &, 2, 11, 96
5, 37560, &, 2, 11, 100
5, 37620, &, 2, 11, 104
5, 37680, &, 2, 11, 106
5, 37740, &, 2, 11, 110
5, 37800, &, 2, 11, 114
5, 38160, {, 2, 57, 0
5, 38400, &, 2, 11, 119
5, 38400, {, 2, 55, 127
5, 38520, {, 2, 55, 0
5, 38520, &, 2, 11, 90
5, 38520, {, 2, 54, 127
5, 38640, {, 2, 54, 0
5, 38880, &, 2, 11, 85
5, 38880, {, 2, 52, 127
5, 38940, &, 2, 11, 62
5, 39000, &, 2, 11, 51
5, 39060, &, 2, 11, 48
5, 39120, &, 2, 11, 41
5, 39180, &, 2, 11, 38
5, 39240, &, 2, 11, 36
5, 39360, &, 2, 11, 39
5, 39480, &, 2, 11, 42
5, 39540, &, 2, 11, 47
5, 39600, &, 2, 11, 51
5, 39660, &, 2, 11, 55
5, 39720, &, 2, 11, 60
5, 39780, &, 2, 11, 66
5, 39840, &, 2, 11, 72
5, 39900, &, 2, 11, 76
5, 39960, &, 2, 11, 80
5, 40020, &, 2, 11, 85
5, 40080, &, 2, 11, 89
5, 40140, &, 2, 11, 94
5, 40200, &, 2, 11, 98
5, 40260, &, 2, 11, 101
5, 40320, &, 2, 11, 103
5, 40380, &, 2, 11, 104
5, 40440, &, 2, 11, 107
5, 40500, &, 2, 11, 110
5, 40560, {, 2, 52, 0
5, 40560, &, 2, 11, 123
5, 40560, {, 2, 59, 127
5, 40680, {, 2, 59, 0
5, 40680, &, 2, 11, 98
5, 40680, {, 2, 57, 127
5, 40800, {, 2, 57, 0
5, 40800, &, 2, 11, 100
5, 40800, {, 2, 59, 127
5, 40920, {, 2, 59, 0
5, 40920, {, 2, 60, 127
5, 41040, {, 2, 60, 0
5, 41040, &, 2, 11, 108
5, 41040, {, 2, 62, 127
5, 41100, &, 2, 11, 87
5, 41160, &, 2, 11, 68
5, 41220, &, 2, 11, 71
5, 41280, &, 2, 11, 77
5, 41340, &, 2, 11, 81
5, 41400, &, 2, 11, 85
5, 41460, &, 2, 11, 91
5, 41520, {, 2, 62, 0
5, 41520, &, 2, 11, 109
5, 41520, {, 2, 60, 127
5, 41580, &, 2, 11, 94
5, 41640, &, 2, 11, 88
5, 41700, &, 2, 11, 83
5, 41760, {, 2, 60, 0
5, 41760, &, 2, 11, 104
5, 41760, {, 2, 59, 127
5, 41880, {, 2, 59, 0
5, 41880, &, 2, 11, 72
5, 41880, {, 2, 60, 127
5, 42000, {, 2, 60, 0
5, 42000, &, 2, 11, 105
5, 42000, {, 2, 59, 127
5, 42120, {, 2, 59, 0
5, 42120, &, 2, 11, 83
5, 42120, {, 2, 57, 127
5, 42240, {, 2, 57, 0
5, 42240, &, 2, 11, 104
5, 42240, {, 2, 59, 127
5, 42300, &, 2, 11, 88
5, 42360, &, 2, 11, 75
5, 42420, &, 2, 11, 62
5, 42480, &, 2, 11, 65
5, 42540, &, 2, 11, 68
5, 42600, &, 2, 11, 74
5, 42660, &, 2, 11, 79
5, 42720, {, 2, 59, 0
5, 42720, &, 2, 11, 91
5, 42720, {, 2, 57, 127
5, 42840, {, 2, 57, 0
5, 42840, &, 2, 11, 98
5, 42840, {, 2, 59, 127
5, 42900, &, 2, 11, 87
5, 42960, &, 2, 11, 70
5, 43020, &, 2, 11, 68
5, 43080, &, 2, 11, 71
5, 43140, &, 2, 11, 75
5, 43200, &, 2, 11, 82
5, 43260, &, 2, 11, 87
5, 43320, &, 2, 11, 91
5, 43380, &, 2, 11, 94
5, 43440, &, 2, 11, 92
5, 43500, &, 2, 11, 89
5, 43560, &, 2, 11, 86
5, 43620, &, 2, 11, 85
5, 43680, &, 2, 11, 84
5, 43740, &, 2, 11, 82
5, 43800, &, 2, 11, 78
5, 43860, &, 2, 11, 74
5, 43920, &, 2, 11, 71
5, 43980, &, 2, 11, 69
5, 44040, &, 2, 11, 65
5, 44100, &, 2, 11, 61
5, 44160, &, 2, 11, 59
5, 44220, &, 2, 11, 56
5, 44280, &, 2, 11, 53
5, 44340, &, 2, 11, 51
5, 44400, &, 2, 11, 49
5, 44460, &, 2, 11, 46
5, 44520, &, 2, 11, 44
5, 44580, &, 2, 11, 40
5, 44640, {, 2, 59, 0
5, 50400, &, 2, 11, 52
5, 50400, {, 2, 57, 127
5, 52320, {, 2, 57, 0
5, 52320, &, 2, 11, 85
5, 52320, {, 2, 59, 127
5, 52560, {, 2, 59, 0
5, 52560, &, 2, 11, 65
5, 52560, {, 2, 57, 127
5, 56160, {, 2, 57, 0
5, 56160, {, 2, 59, 127
5, 56280, {, 2, 59, 0
5, 56280, &, 2, 11, 64
5, 56280, {, 2, 57, 127
5, 58080, {, 2, 57, 0
5, 58080, \
6, 0, /
6, 0, ~, "CH #4"
6, 0, =t, "Slow Str."
6, 240, &, 3, 7, 110
6, 300, &, 3, 10, 64
6, 360, &, 3, 11, 100
6, 420, ;, 3, 49
6, 480, |, "Start"
6, 480, &, 3, 11, 21
6, 480, &, 3, 10, 64
6, 540, &, 3, 11, 27
6, 600, &, 3, 11, 30
6, 660, &, 3, 11, 37
6, 720, &, 3, 11, 41
6, 780, &, 3, 11, 44
6, 840, &, 3, 11, 47
6, 900, &, 3, 11, 52
6, 960, &, 3, 11, 55
6, 1020, &, 3, 11, 58
6, 1080, &, 3, 11, 63
6, 1140, &, 3, 11, 68
6, 1200, &, 3, 11, 73
6, 1260, &, 3, 11, 76
6, 1320, &, 3, 11, 83
6, 1380, &, 3, 11, 89
6, 1440, &, 3, 11, 92
6, 1500, &, 3, 11, 97
6, 1560, &, 3, 11, 102
6, 19680, {, 3, 64, 127
6, 20880, {, 3, 64, 0
6, 20880, {, 3, 62, 127
6, 21600, {, 3, 62, 0
6, 21600, {, 3, 64, 127
6, 25440, {, 3, 64, 0
6, 25440, {, 3, 59, 127
6, 27360, {, 3, 59, 0
6, 29280, {, 3, 64, 127
6, 31680, {, 3, 64, 0
6, 33120, {, 3, 64, 127
6, 36960, {, 3, 64, 0
6, 36960, \
7, 0, /
7, 0, ~, "CH #5"
7, 0, =t, "Slow Str."
7, 240, &, 4, 7, 110
7, 300, &, 4, 10, 64
7, 360, &, 4, 11, 100
7, 420, ;, 4, 49
7, 480, |, "Start"
7, 480, &, 4, 11, 21
7, 480, &, 4, 10, 64
7, 540, &, 4, 11, 27
7, 600, &, 4, 11, 30
7, 660, &, 4, 11, 37
7, 720, &, 4, 11, 41
7, 780, &, 4, 11, 44
7, 840, &, 4, 11, 47
7, 900, &, 4, 11, 52
7, 960, &, 4, 11, 55
7, 1020, &, 4, 11, 58
7, 1080, &, 4, 11, 63
7, 1140, &, 4, 11, 68
7, 1200, &, 4, 11, 73
7, 1260, &, 4, 11, 76
7, 1320, &, 4, 11, 83
7, 1380, &, 4, 11, 89
7, 1440, &, 4, 11, 92
7, 1500, &, 4, 11, 97
7, 1560, &, 4, 11, 102
7, 22080, {, 4, 67, 127
7, 25440, {, 4, 67, 0
7, 25440, \
8, 0, /
8, 0, ~, "CH #6"
8, 0, =t, "Clarinet"
8, 240, &, 5, 7, 120
8, 300, &, 5, 10, 64
8, 360, &, 5, 11, 100
8, 420, ;, 5, 71
8, 480, |, "Start"
8, 480, &, 5, 11, 21
8, 480, &, 5, 10, 64
8, 540, &, 5, 11, 27
8, 600, &, 5, 11, 30
8, 660, &, 5, 11, 37
8, 720, &, 5, 11, 41
8, 780, &, 5, 11, 44
8, 840, &, 5, 11, 47
8, 900, &, 5, 11, 52
8, 960, &, 5, 11, 55
8, 1020, &, 5, 11, 58
8, 1080, &, 5, 11, 63
8, 1140, &, 5, 11, 68
8, 1200, &, 5, 11, 73
8, 1260, &, 5, 11, 76
8, 1320, &, 5, 11, 83
8, 1380, &, 5, 11, 89
8, 1440, &, 5, 11, 92
8, 1500, &, 5, 11, 97
8, 1560, &, 5, 11, 102
8, 71520, {, 5, 57, 127
8, 71760, {, 5, 57, 0
8, 71760, {, 5, 62, 127
8, 72000, {, 5, 62, 0
8, 72000, {, 5, 64, 127
8, 72960, {, 5, 64, 0
8, 72960, {, 5, 66, 127
8, 73440, {, 5, 66, 0
8, 73440, {, 5, 67, 127
8, 73920, {, 5, 67, 0
8, 73920, {, 5, 69, 127
8, 74880, {, 5, 69, 0
8, 74880, {, 5, 71, 127
8, 75360, {, 5, 71, 0
8, 75360, {, 5, 66, 127
8, 77280, {, 5, 66, 0
8, 77280, {, 5, 67, 127
8, 78240, {, 5, 67, 0
8, 78240, {, 5, 66, 127
8, 78480, {, 5, 66, 0
8, 78480, {, 5, 64, 127
8, 78720, {, 5, 64, 0
8, 78720, {, 5, 62, 127
8, 79200, &, 5, 11, 97
8, 79320, &, 5, 11, 93
8, 79380, &, 5, 11, 90
8, 79440, &, 5, 11, 89
8, 79500, &, 5, 11, 84
8, 79560, &, 5, 11, 83
8, 79620, &, 5, 11, 80
8, 79680, &, 5, 11, 77
8, 79740, &, 5, 11, 74
8, 79800, &, 5, 11, 67
8, 79860, &, 5, 11, 64
8, 79980, &, 5, 11, 56
8, 80040, &, 5, 11, 55
8, 80100, &, 5, 11, 50
8, 80220, &, 5, 11, 44
8, 80280, &, 5, 11, 41
8, 80340, &, 5, 11, 40
8, 80460, &, 5, 11, 34
8, 80580, &, 5, 11, 27
8, 80640, &, 5, 11, 20
8, 80700, &, 5, 11, 16
8, 80760, &, 5, 11, 11
8, 80820, &, 5, 11, 9
8, 80880, &, 5, 11, 4
8, 80940, &, 5, 11, 3
8, 81000, &, 5, 11, 2
8, 81120, {, 5, 62, 0
8, 81120, \
9, 0, /
9, 0, ~, "CH #7"
9, 0, =t, "Piano1"
9, 240, &, 6, 7, 100
9, 300, &, 6, 10, 64
9, 360, &, 6, 11, 100
9, 420, ;, 6, 0
9, 480, |, "Start"
9, 480, &, 6, 11, 21
9, 480, &, 6, 10, 64
9, 540, &, 6, 11, 27
9, 600, &, 6, 11, 30
9, 660, &, 6, 11, 37
9, 720, &, 6, 11, 41
9, 780, &, 6, 11, 44
9, 840, &, 6, 11, 47
9, 900, &, 6, 11, 52
9, 960, &, 6, 11, 55
9, 1020, &, 6, 11, 58
9, 1080, &, 6, 11, 63
9, 1140, &, 6, 11, 68
9, 1200, &, 6, 11, 73
9, 1260, &, 6, 11, 76
9, 1320, &, 6, 11, 83
9, 1380, &, 6, 11, 89
9, 1440, &, 6, 11, 92
9, 1500, &, 6, 11, 97
9, 1560, &, 6, 11, 102
9, 1560, \
10, 0, /
10, 0, ~, "CH #8"
10, 0, =t, "Piano1"
10, 240, &, 7, 7, 100
10, 300, &, 7, 10, 64
10, 360, &, 7, 11, 100
10, 420, ;, 7, 0
10, 480, |, "Start"
10, 480, &, 7, 11, 21
10, 480, &, 7, 10, 64
10, 540, &, 7, 11, 27
10, 600, &, 7, 11, 30
10, 660, &, 7, 11, 37
10, 720, &, 7, 11, 41
10, 780, &, 7, 11, 44
10, 840, &, 7, 11, 47
10, 900, &, 7, 11, 52
10, 960, &, 7, 11, 55
10, 1020, &, 7, 11, 58
10, 1080, &, 7, 11, 63
10, 1140, &, 7, 11, 68
10, 1200, &, 7, 11, 73
10, 1260, &, 7, 11, 76
10, 1320, &, 7, 11, 83
10, 1380, &, 7, 11, 89
10, 1440, &, 7, 11, 92
10, 1500, &, 7, 11, 97
10, 1560, &, 7, 11, 102
10, 1560, \
11, 0, /
11, 0, ~, "CH #9"
11, 0, =t, "Piano1"
11, 240, &, 8, 7, 100
11, 300, &, 8, 10, 64
11, 360, &, 8, 11, 100
11, 420, ;, 8, 0
11, 480, |, "Start"
11, 480, &, 8, 11, 21
11, 480, &, 8, 10, 64
11, 540, &, 8, 11, 27
11, 600, &, 8, 11, 30
11, 660, &, 8, 11, 37
11, 720, &, 8, 11, 41
11, 780, &, 8, 11, 44
11, 840, &, 8, 11, 47
11, 900, &, 8, 11, 52
11, 960, &, 8, 11, 55
11, 1020, &, 8, 11, 58
11, 1080, &, 8, 11, 63
11, 1140, &, 8, 11, 68
11, 1200, &, 8, 11, 73
11, 1260, &, 8, 11, 76
11, 1320, &, 8, 11, 83
11, 1380, &, 8, 11, 89
11, 1440, &, 8, 11, 92
11, 1500, &, 8, 11, 97
11, 1560, &, 8, 11, 102
11, 1560, \
12, 0, /
12, 0, ~, "CH #10"
12, 0, =t, "Piano1"
12, 240, &, 9, 7, 100
12, 300, &, 9, 10, 64
12, 360, &, 9, 11, 100
12, 420, ;, 9, 0
12, 480, |, "Start"
12, 480, &, 9, 11, 21
12, 480, &, 9, 10, 64
12, 540, &, 9, 11, 27
12, 600, &, 9, 11, 30
12, 660, &, 9, 11, 37
12, 720, &, 9, 11, 41
12, 780, &, 9, 11, 44
12, 840, &, 9, 11, 47
12, 900, &, 9, 11, 52
12, 960, &, 9, 11, 55
12, 1020, &, 9, 11, 58
12, 1080, &, 9, 11, 63
12, 1140, &, 9, 11, 68
12, 1200, &, 9, 11, 73
12, 1260, &, 9, 11, 76
12, 1320, &, 9, 11, 83
12, 1380, &, 9, 11, 89
12, 1440, &, 9, 11, 92
12, 1500, &, 9, 11, 97
12, 1560, &, 9, 11, 102
12, 1560, \
13, 0, /
13, 0, ~, "CH #11"
13, 0, =t, "Piano1"
13, 240, &, 10, 7, 100
13, 300, &, 10, 10, 64
13, 360, &, 10, 11, 100
13, 420, ;, 10, 0
13, 480, |, "Start"
13, 480, &, 10, 11, 21
13, 480, &, 10, 10, 64
13, 540, &, 10, 11, 27
13, 600, &, 10, 11, 30
13, 660, &, 10, 11, 37
13, 720, &, 10, 11, 41
13, 780, &, 10, 11, 44
13, 840, &, 10, 11, 47
13, 900, &, 10, 11, 52
13, 960, &, 10, 11, 55
13, 1020, &, 10, 11, 58
13, 1080, &, 10, 11, 63
13, 1140, &, 10, 11, 68
13, 1200, &, 10, 11, 73
13, 1260, &, 10, 11, 76
13, 1320, &, 10, 11, 83
13, 1380, &, 10, 11, 89
13, 1440, &, 10, 11, 92
13, 1500, &, 10, 11, 97
13, 1560, &, 10, 11, 102
13, 1560, \
14, 0, /
14, 0, ~, "CH #12"
14, 0, =t, "Piano1"
14, 240, &, 11, 7, 100
14, 300, &, 11, 10, 64
14, 360, &, 11, 11, 100
14, 420, ;, 11, 0
14, 480, |, "Start"
14, 480, &, 11, 11, 21
14, 480, &, 11, 10, 64
14, 540, &, 11, 11, 27
14, 600, &, 11, 11, 30
14, 660, &, 11, 11, 37
14, 720, &, 11, 11, 41
14, 780, &, 11, 11, 44
14, 840, &, 11, 11, 47
14, 900, &, 11, 11, 52
14, 960, &, 11, 11, 55
14, 1020, &, 11, 11, 58
14, 1080, &, 11, 11, 63
14, 1140, &, 11, 11, 68
14, 1200, &, 11, 11, 73
14, 1260, &, 11, 11, 76
14, 1320, &, 11, 11, 83
14, 1380, &, 11, 11, 89
14, 1440, &, 11, 11, 92
14, 1500, &, 11, 11, 97
14, 1560, &, 11, 11, 102
14, 1560, \
15, 0, /
15, 0, ~, "CH #13"
15, 0, =t, "Piano1"
15, 240, &, 12, 7, 100
15, 300, &, 12, 10, 64
15, 360, &, 12, 11, 100
15, 420, ;, 12, 0
15, 480, |, "Start"
15, 480, &, 12, 11, 21
15, 480, &, 12, 10, 64
15, 540, &, 12, 11, 27
15, 600, &, 12, 11, 30
15, 660, &, 12, 11, 37
15, 720, &, 12, 11, 41
15, 780, &, 12, 11, 44
15, 840, &, 12, 11, 47
15, 900, &, 12, 11, 52
15, 960, &, 12, 11, 55
15, 1020, &, 12, 11, 58
15, 1080, &, 12, 11, 63
15, 1140, &, 12, 11, 68
15, 1200, &, 12, 11, 73
15, 1260, &, 12, 11, 76
15, 1320, &, 12, 11, 83
15, 1380, &, 12, 11, 89
15, 1440, &, 12, 11, 92
15, 1500, &, 12, 11, 97
15, 1560, &, 12, 11, 102
15, 1560, \
16, 0, /
16, 0, ~, "CH #14"
16, 0, =t, "Piano1"
16, 240, &, 13, 7, 100
16, 300, &, 13, 10, 64
16, 360, &, 13, 11, 100
16, 420, ;, 13, 0
16, 480, |, "Start"
16, 480, &, 13, 11, 21
16, 480, &, 13, 10, 64
16, 540, &, 13, 11, 27
16, 600, &, 13, 11, 30
16, 660, &, 13, 11, 37
16, 720, &, 13, 11, 41
16, 780, &, 13, 11, 44
16, 840, &, 13, 11, 47
16, 900, &, 13, 11, 52
16, 960, &, 13, 11, 55
16, 1020, &, 13, 11, 58
16, 1080, &, 13, 11, 63
16, 1140, &, 13, 11, 68
16, 1200, &, 13, 11, 73
16, 1260, &, 13, 11, 76
16, 1320, &, 13, 11, 83
16, 1380, &, 13, 11, 89
16, 1440, &, 13, 11, 92
16, 1500, &, 13, 11, 97
16, 1560, &, 13, 11, 102
16, 1560, \
17, 0, /
17, 0, ~, "CH #15"
17, 0, =t, "Piano1"
17, 240, &, 14, 7, 100
17, 300, &, 14, 10, 64
17, 360, &, 14, 11, 100
17, 420, ;, 14, 0
17, 480, |, "Start"
17, 480, &, 14, 11, 21
17, 480, &, 14, 10, 64
17, 540, &, 14, 11, 27
17, 600, &, 14, 11, 30
17, 660, &, 14, 11, 37
17, 720, &, 14, 11, 41
17, 780, &, 14, 11, 44
17, 840, &, 14, 11, 47
17, 900, &, 14, 11, 52
17, 960, &, 14, 11, 55
17, 1020, &, 14, 11, 58
17, 1080, &, 14, 11, 63
17, 1140, &, 14, 11, 68
17, 1200, &, 14, 11, 73
17, 1260, &, 14, 11, 76
17, 1320, &, 14, 11, 83
17, 1380, &, 14, 11, 89
17, 1440, &, 14, 11, 92
17, 1500, &, 14, 11, 97
17, 1560, &, 14, 11, 102
17, 1560, \
18, 0, /
18, 0, ~, "CH #16"
18, 0, =t, "Piano1"
18, 240, &, 15, 7, 100
18, 300, &, 15, 10, 64
18, 360, &, 15, 11, 100
18, 420, ;, 15, 0
18, 480, |, "Start"
18, 480, &, 15, 11, 21
18, 480, &, 15, 10, 64
18, 540, &, 15, 11, 27
18, 600, &, 15, 11, 30
18, 660, &, 15, 11, 37
18, 720, &, 15, 11, 41
18, 780, &, 15, 11, 44
18, 840, &, 15, 11, 47
18, 900, &, 15, 11, 52
18, 960, &, 15, 11, 55
18, 1020, &, 15, 11, 58
18, 1080, &, 15, 11, 63
18, 1140, &, 15, 11, 68
18, 1200, &, 15, 11, 73
18, 1260, &, 15, 11, 76
18, 1320, &, 15, 11, 83
18, 1380, &, 15, 11, 89
18, 1440, &, 15, 11, 92
18, 1500, &, 15, 11, 97
18, 1560, &, 15, 11, 102
18, 1560, \
0, 0, >

