0, 0, <, 0, 1, 480
1, 0, /
1, 0, !, 96, 0, 0, 0, 0
1, 0, $, 4, 2, 24, 8
1, 0, #, 0, "major"
1, 0, %, 857142
1, 0, ?, 10, 65, 16, 66, 18, 0, 0, 127, 0, 1, 247
1, 120, ?, 10, 65, 16, 66, 18, 64, 0, 4, 127, 61, 247
1, 240, ?, 10, 65, 16, 66, 18, 64, 1, 51, 127, 13, 247
1, 360, ?, 10, 65, 16, 66, 18, 64, 1, 58, 70, 63, 247
1, 720, ?, 10, 65, 16, 66, 18, 64, 1, 52, 80, 59, 247
1, 840, ?, 10, 65, 16, 66, 18, 64, 1, 49, 1, 13, 247
1, 960, &, 0, 99, 1
1, 1079, &, 0, 99, 1
1, 1080, ?, 10, 65, 16, 66, 18, 64, 26, 21, 1, 16, 247
1, 1080, &, 0, 98, 32
1, 1080, &, 0, 1, 0
1, 1080, &, 0, 6, 66
1, 1199, &, 0, 98, 32
1, 1199, &, 0, 1, 0
1, 1199, &, 0, 6, 66
1, 1680, &, 1, 7, 96
1, 1680, &, 1, 93, 30
1, 1680, &, 1, 91, 82
1, 1680, &, 1, 10, 82
1, 1680, &, 2, 11, 126
1, 1680, &, 2, 10, 92
1, 1680, &, 2, 7, 80
1, 1680, &, 2, 91, 84
1, 1680, &, 3, 10, 34
1, 1680, &, 3, 93, 12
1, 1680, &, 3, 7, 110
1, 1680, &, 3, 91, 72
1, 1680, &, 4, 93, 30
1, 1680, &, 4, 91, 82
1, 1680, &, 4, 7, 88
1, 1680, &, 4, 10, 96
1, 1680, &, 5, 11, 126
1, 1680, &, 5, 93, 127
1, 1680, &, 5, 91, 127
1, 1680, &, 5, 7, 46
1, 1680, &, 6, 91, 30
1, 1680, &, 6, 7, 110
1, 1680, &, 7, 11, 126
1, 1680, &, 7, 10, 92
1, 1680, &, 7, 7, 74
1, 1680, &, 7, 91, 92
1, 1680, &, 8, 11, 127
1, 1680, &, 8, 93, 127
1, 1680, &, 8, 91, 127
1, 1680, &, 8, 7, 54
1, 1680, &, 9, 7, 88
1, 1680, &, 9, 91, 127
1, 1680, &, 11, 10, 110
1, 1680, &, 11, 91, 127
1, 1680, &, 11, 7, 76
1, 1680, &, 0, 10, 50
1, 1680, &, 0, 91, 82
1, 1680, &, 0, 7, 106
1, 1680, &, 0, 93, 48
1, 1799, &, 1, 10, 82
1, 1799, &, 2, 10, 92
1, 1799, &, 2, 7, 80
1, 1799, &, 2, 91, 84
1, 1799, &, 3, 93, 12
1, 1799, &, 3, 7, 110
1, 1799, &, 3, 91, 72
1, 1799, &, 4, 7, 88
1, 1799, &, 4, 10, 96
1, 1799, &, 5, 7, 46
1, 1799, &, 7, 10, 92
1, 1799, &, 7, 7, 74
1, 1799, &, 7, 91, 92
1, 1799, &, 8, 7, 54
1, 1799, &, 11, 7, 76
1, 1799, &, 0, 7, 106
1, 1799, &, 0, 93, 48
1, 1800, ;, 6, 33
1, 1800, ;, 1, 4
1, 1800, ;, 2, 72
1, 1800, ;, 3, 22
1, 1800, ;, 4, 4
1, 1800, ;, 7, 72
1, 1800, ;, 11, 9
1, 1800, ;, 0, 4
1, 1800, &, 5, 10, 52
1, 1800, ;, 5, 48
1, 1800, &, 8, 10, 76
1, 1800, ;, 8, 48
1, 1920, {, 0, 53, 100
1, 2160, {, 1, 60, 100
1, 2400, {, 0, 64, 100
1, 2400, {, 1, 67, 100
1, 2640, }, 0, 64, 64
1, 2640, {, 0, 65, 100
1, 2640, {, 1, 69, 100
1, 2880, {, 1, 77, 100
1, 3120, {, 1, 71, 100
1, 3360, {, 1, 72, 100
1, 3600, {, 1, 81, 100
1, 3840, }, 1, 77, 64
1, 3840, }, 1, 81, 64
1, 3840, {, 1, 76, 100
1, 4320, {, 2, 88, 100
1, 4320, &, 2, 11, 80
1, 4327, &, 2, 11, 82
1, 4334, &, 2, 11, 85
1, 4341, &, 2, 11, 88
1, 4348, &, 2, 11, 90
1, 4355, &, 2, 11, 93
1, 4362, &, 2, 11, 96
1, 4369, &, 2, 11, 99
1, 4376, &, 2, 11, 101
1, 4383, &, 2, 11, 104
1, 4390, &, 2, 11, 107
1, 4397, &, 2, 11, 110
1, 4404, &, 2, 11, 112
1, 4411, &, 2, 11, 115
1, 4418, &, 2, 11, 118
1, 4425, &, 2, 11, 121
1, 4432, &, 2, 11, 123
1, 4439, &, 2, 11, 127
1, 4680, &, 2, 11, 126
1, 4687, &, 2, 11, 125
1, 4729, &, 2, 11, 124
1, 4750, &, 2, 11, 123
1, 4764, &, 2, 11, 122
1, 4778, &, 2, 11, 121
1, 4792, &, 2, 11, 120
1, 4799, &, 2, 11, 119
1, 4813, &, 2, 11, 118
1, 4820, &, 2, 11, 117
1, 4827, &, 2, 11, 116
1, 4834, &, 2, 11, 115
1, 4841, &, 2, 11, 114
1, 4848, &, 2, 11, 113
1, 4855, &, 2, 11, 112
1, 4862, &, 2, 11, 111
1, 4869, &, 2, 11, 110
1, 4876, &, 2, 11, 109
1, 4883, &, 2, 11, 108
1, 4890, &, 2, 11, 106
1, 4897, &, 2, 11, 105
1, 4904, &, 2, 11, 104
1, 4911, &, 2, 11, 102
1, 4918, &, 2, 11, 101
1, 4925, &, 2, 11, 99
1, 4932, &, 2, 11, 98
1, 4939, &, 2, 11, 96
1, 4946, &, 2, 11, 95
1, 4953, &, 2, 11, 93
1, 4960, &, 2, 11, 92
1, 4967, &, 2, 11, 90
1, 4974, &, 2, 11, 88
1, 4981, &, 2, 11, 86
1, 4988, &, 2, 11, 84
1, 4995, &, 2, 11, 82
1, 5002, &, 2, 11, 81
1, 5009, &, 2, 11, 79
1, 5016, &, 2, 11, 77
1, 5023, &, 2, 11, 75
1, 5030, &, 2, 11, 72
1, 5037, &, 2, 11, 70
1, 5040, }, 1, 60, 64
1, 5040, }, 1, 67, 64
1, 5040, }, 1, 69, 64
1, 5040, }, 1, 71, 64
1, 5040, }, 1, 72, 64
1, 5040, }, 1, 76, 64
1, 5040, }, 2, 88, 64
1, 5040, &, 2, 11, 127
1, 5040, {, 1, 71, 100
1, 5040, {, 2, 86, 100
1, 5280, }, 1, 71, 64
1, 5280, }, 2, 86, 64
1, 5280, {, 1, 69, 100
1, 5280, {, 2, 84, 100
1, 5520, }, 1, 69, 64
1, 5520, }, 2, 84, 64
1, 5520, {, 1, 64, 100
1, 5520, {, 2, 81, 100
1, 5760, }, 0, 53, 64
1, 5760, }, 0, 65, 64
1, 5760, }, 1, 64, 64
1, 5760, }, 2, 81, 64
1, 5760, {, 0, 53, 100
1, 5760, {, 2, 76, 100
1, 6000, }, 2, 76, 64
1, 6000, {, 1, 60, 100
1, 6000, {, 2, 77, 100
1, 6240, }, 2, 77, 64
1, 6240, {, 1, 71, 100
1, 6240, {, 2, 84, 100
1, 6240, &, 2, 11, 110
1, 6254, &, 2, 11, 110
1, 6268, &, 2, 11, 111
1, 6282, &, 2, 11, 112
1, 6296, &, 2, 11, 113
1, 6310, &, 2, 11, 114
1, 6324, &, 2, 11, 115
1, 6338, &, 2, 11, 116
1, 6352, &, 2, 11, 117
1, 6367, &, 2, 11, 118
1, 6381, &, 2, 11, 119
1, 6395, &, 2, 11, 120
1, 6409, &, 2, 11, 121
1, 6423, &, 2, 11, 122
1, 6437, &, 2, 11, 123
1, 6451, &, 2, 11, 124
1, 6465, &, 2, 11, 125
1, 6479, &, 2, 11, 127
1, 6480, {, 1, 72, 100
1, 6720, &, 2, 11, 126
1, 6720, {, 1, 81, 100
1, 6727, &, 2, 11, 125
1, 6811, &, 2, 11, 124
1, 6846, &, 2, 11, 123
1, 6874, &, 2, 11, 122
1, 6895, &, 2, 11, 121
1, 6916, &, 2, 11, 120
1, 6937, &, 2, 11, 119
1, 6958, &, 2, 11, 118
1, 6960, {, 1, 74, 100
1, 6972, &, 2, 11, 117
1, 6986, &, 2, 11, 116
1, 7000, &, 2, 11, 115
1, 7014, &, 2, 11, 114
1, 7028, &, 2, 11, 113
1, 7042, &, 2, 11, 112
1, 7049, &, 2, 11, 111
1, 7063, &, 2, 11, 110
1, 7077, &, 2, 11, 109
1, 7084, &, 2, 11, 108
1, 7098, &, 2, 11, 107
1, 7105, &, 2, 11, 106
1, 7112, &, 2, 11, 105
1, 7126, &, 2, 11, 104
1, 7133, &, 2, 11, 103
1, 7140, &, 2, 11, 102
1, 7154, &, 2, 11, 101
1, 7161, &, 2, 11, 100
1, 7168, &, 2, 11, 99
1, 7175, &, 2, 11, 98
1, 7189, &, 2, 11, 97
1, 7196, &, 2, 11, 96
1, 7200, }, 2, 84, 64
1, 7200, &, 2, 11, 127
1, 7200, {, 1, 76, 100
1, 7200, {, 2, 74, 100
1, 7440, }, 2, 74, 64
1, 7440, {, 1, 83, 100
1, 7440, {, 2, 76, 100
1, 7680, }, 1, 60, 64
1, 7680, }, 1, 71, 64
1, 7680, }, 1, 72, 64
1, 7680, }, 1, 81, 64
1, 7680, }, 1, 74, 64
1, 7680, }, 1, 76, 64
1, 7680, }, 1, 83, 64
1, 7680, }, 2, 76, 64
1, 7680, {, 1, 88, 100
1, 7680, {, 1, 76, 100
1, 7680, {, 1, 83, 100
1, 7680, {, 2, 83, 100
1, 7680, &, 2, 11, 112
1, 7696, &, 2, 11, 113
1, 7712, &, 2, 11, 114
1, 7728, &, 2, 11, 115
1, 7744, &, 2, 11, 116
1, 7760, &, 2, 11, 117
1, 7776, &, 2, 11, 118
1, 7792, &, 2, 11, 119
1, 7808, &, 2, 11, 120
1, 7824, &, 2, 11, 121
1, 7840, &, 2, 11, 122
1, 7856, &, 2, 11, 123
1, 7872, &, 2, 11, 124
1, 7888, &, 2, 11, 125
1, 7904, &, 2, 11, 126
1, 7919, &, 2, 11, 127
1, 8640, &, 2, 11, 127
1, 8647, &, 2, 11, 126
1, 8731, &, 2, 11, 125
1, 8766, &, 2, 11, 124
1, 8794, &, 2, 11, 123
1, 8815, &, 2, 11, 122
1, 8836, &, 2, 11, 121
1, 8857, &, 2, 11, 120
1, 8871, &, 2, 11, 119
1, 8880, &, 3, 11, 127
1, 8885, &, 2, 11, 118
1, 8899, &, 2, 11, 117
1, 8913, &, 2, 11, 116
1, 8927, &, 2, 11, 115
1, 8941, &, 2, 11, 114
1, 8955, &, 2, 11, 113
1, 8969, &, 2, 11, 112
1, 8976, &, 2, 11, 111
1, 8990, &, 2, 11, 110
1, 8997, &, 2, 11, 109
1, 9011, &, 2, 11, 108
1, 9018, &, 2, 11, 107
1, 9032, &, 2, 11, 106
1, 9039, &, 2, 11, 105
1, 9046, &, 2, 11, 104
1, 9053, &, 2, 11, 103
1, 9067, &, 2, 11, 102
1, 9074, &, 2, 11, 101
1, 9081, &, 2, 11, 100
1, 9088, &, 2, 11, 99
1, 9102, &, 2, 11, 98
1, 9109, &, 2, 11, 97
1, 9116, &, 2, 11, 96
1, 9120, }, 1, 88, 64
1, 9120, }, 1, 76, 64
1, 9120, }, 1, 83, 64
1, 9120, }, 2, 83, 64
1, 9120, {, 4, 77, 100
1, 9120, {, 1, 72, 100
1, 9120, {, 3, 65, 100
1, 9360, }, 4, 77, 64
1, 9360, }, 1, 72, 64
1, 9360, }, 3, 65, 64
1, 9360, {, 4, 79, 100
1, 9360, {, 1, 70, 100
1, 9360, {, 3, 67, 100
1, 9600, }, 0, 53, 64
1, 9600, }, 4, 79, 64
1, 9600, }, 1, 70, 64
1, 9600, }, 3, 67, 64
1, 9600, &, 2, 11, 127
1, 9600, {, 0, 65, 100
1, 9600, {, 4, 81, 100
1, 9600, {, 1, 72, 100
1, 9600, {, 3, 69, 100
1, 10080, }, 4, 81, 64
1, 10080, }, 1, 72, 64
1, 10080, }, 3, 69, 64
1, 10080, {, 4, 84, 100
1, 10080, {, 1, 77, 100
1, 10080, {, 1, 81, 100
1, 10080, {, 3, 72, 100
1, 10560, }, 0, 65, 64
1, 10560, }, 4, 84, 64
1, 10560, }, 1, 77, 64
1, 10560, }, 1, 81, 64
1, 10560, }, 3, 72, 64
1, 10560, {, 0, 64, 100
1, 10560, {, 4, 79, 100
1, 10560, {, 1, 72, 100
1, 10560, {, 1, 76, 100
1, 10560, {, 3, 67, 100
1, 11040, &, 3, 11, 127
1, 11047, &, 3, 11, 126
1, 11110, &, 3, 11, 125
1, 11138, &, 3, 11, 124
1, 11159, &, 3, 11, 123
1, 11180, &, 3, 11, 122
1, 11194, &, 3, 11, 121
1, 11208, &, 3, 11, 120
1, 11222, &, 3, 11, 119
1, 11236, &, 3, 11, 118
1, 11243, &, 3, 11, 117
1, 11257, &, 3, 11, 116
1, 11264, &, 3, 11, 115
1, 11278, &, 3, 11, 114
1, 11285, &, 3, 11, 113
1, 11292, &, 3, 11, 112
1, 11306, &, 3, 11, 111
1, 11313, &, 3, 11, 110
1, 11320, &, 3, 11, 109
1, 11327, &, 3, 11, 108
1, 11334, &, 3, 11, 107
1, 11341, &, 3, 11, 106
1, 11348, &, 3, 11, 105
1, 11355, &, 3, 11, 104
1, 11362, &, 3, 11, 103
1, 11369, &, 3, 11, 102
1, 11376, &, 3, 11, 101
1, 11383, &, 3, 11, 100
1, 11390, &, 3, 11, 99
1, 11397, &, 3, 11, 98
1, 11404, &, 3, 11, 97
1, 11411, &, 3, 11, 96
1, 11418, &, 3, 11, 95
1, 11425, &, 3, 11, 94
1, 11432, &, 3, 11, 92
1, 11439, &, 3, 11, 91
1, 11446, &, 3, 11, 90
1, 11453, &, 3, 11, 89
1, 11460, &, 3, 11, 87
1, 11467, &, 3, 11, 86
1, 11474, &, 3, 11, 85
1, 11481, &, 3, 11, 83
1, 11488, &, 3, 11, 82
1, 11495, &, 3, 11, 81
1, 11502, &, 3, 11, 79
1, 11509, &, 3, 11, 78
1, 11516, &, 3, 11, 76
1, 11520, }, 0, 64, 64
1, 11520, }, 4, 79, 64
1, 11520, }, 1, 72, 64
1, 11520, }, 1, 76, 64
1, 11520, }, 3, 67, 64
1, 11520, &, 3, 11, 127
1, 11520, {, 0, 62, 100
1, 11520, {, 4, 81, 100
1, 11520, {, 1, 72, 100
1, 11520, {, 1, 77, 100
1, 11520, {, 3, 69, 100
1, 12000, }, 0, 62, 64
1, 12000, }, 4, 81, 64
1, 12000, }, 1, 72, 64
1, 12000, }, 1, 77, 64
1, 12000, }, 3, 69, 64
1, 12000, {, 0, 60, 100
1, 12000, {, 4, 79, 100
1, 12000, {, 1, 74, 100
1, 12000, {, 1, 72, 100
1, 12000, {, 3, 67, 100
1, 12240, }, 4, 79, 64
1, 12240, }, 3, 67, 64
1, 12240, {, 4, 77, 100
1, 12240, {, 3, 65, 100
1, 12480, }, 0, 60, 64
1, 12480, }, 1, 74, 64
1, 12480, }, 1, 72, 64
1, 12480, }, 4, 77, 64
1, 12480, }, 3, 65, 64
1, 12480, {, 0, 58, 100
1, 12480, {, 1, 70, 100
1, 12480, {, 4, 74, 100
1, 12480, {, 3, 62, 100
1, 12720, }, 4, 74, 64
1, 12720, }, 3, 62, 64
1, 12720, {, 4, 77, 100
1, 12720, {, 3, 65, 100
1, 12960, }, 0, 58, 64
1, 12960, }, 1, 70, 64
1, 12960, }, 4, 77, 64
1, 12960, }, 3, 65, 64
1, 12960, {, 0, 55, 100
1, 12960, {, 1, 72, 100
1, 12960, {, 1, 70, 100
1, 12960, {, 4, 77, 100
1, 12960, {, 3, 65, 100
1, 13200, }, 4, 77, 64
1, 13200, }, 3, 65, 64
1, 13200, {, 4, 79, 100
1, 13200, {, 3, 67, 100
1, 13440, }, 0, 55, 64
1, 13440, }, 1, 72, 64
1, 13440, }, 1, 70, 64
1, 13440, }, 4, 79, 64
1, 13440, }, 3, 67, 64
1, 13440, {, 0, 53, 100
1, 13440, {, 1, 72, 100
1, 13440, {, 1, 77, 100
1, 13440, {, 4, 81, 100
1, 13440, {, 3, 69, 100
1, 13680, {, 0, 60, 100
1, 13920, }, 1, 72, 64
1, 13920, }, 1, 77, 64
1, 13920, }, 4, 81, 64
1, 13920, }, 3, 69, 64
1, 13920, }, 0, 60, 64
1, 13920, {, 1, 77, 100
1, 13920, {, 1, 81, 100
1, 13920, {, 4, 84, 100
1, 13920, {, 3, 72, 100
1, 13920, {, 0, 69, 100
1, 14400, }, 0, 53, 64
1, 14400, }, 1, 77, 64
1, 14400, }, 1, 81, 64
1, 14400, }, 4, 84, 64
1, 14400, }, 3, 72, 64
1, 14400, }, 0, 69, 64
1, 14400, {, 1, 76, 100
1, 14400, {, 1, 72, 100
1, 14400, {, 4, 79, 100
1, 14400, {, 3, 67, 100
1, 14400, {, 0, 48, 100
1, 14640, {, 0, 55, 100
1, 14880, }, 1, 76, 64
1, 14880, }, 1, 72, 64
1, 14880, }, 4, 79, 64
1, 14880, }, 3, 67, 64
1, 14880, }, 0, 55, 64
1, 14880, {, 1, 72, 100
1, 14880, {, 1, 74, 100
1, 14880, {, 4, 77, 100
1, 14880, {, 3, 65, 100
1, 14880, {, 0, 62, 100
1, 15120, }, 4, 77, 64
1, 15120, }, 3, 65, 64
1, 15120, {, 4, 76, 100
1, 15120, {, 3, 64, 100
1, 15360, }, 0, 48, 64
1, 15360, }, 1, 72, 64
1, 15360, }, 1, 74, 64
1, 15360, }, 0, 62, 64
1, 15360, }, 4, 76, 64
1, 15360, }, 3, 64, 64
1, 15360, {, 1, 70, 100
1, 15360, {, 0, 46, 100
1, 15360, {, 4, 74, 100
1, 15360, {, 3, 62, 100
1, 15600, {, 0, 58, 100
1, 15840, &, 3, 11, 127
1, 15840, {, 0, 62, 100
1, 15847, &, 3, 11, 126
1, 15917, &, 3, 11, 125
1, 15952, &, 3, 11, 124
1, 15980, &, 3, 11, 123
1, 15994, &, 3, 11, 122
1, 16015, &, 3, 11, 121
1, 16029, &, 3, 11, 120
1, 16050, &, 3, 11, 119
1, 16064, &, 3, 11, 118
1, 16078, &, 3, 11, 117
1, 16080, {, 0, 65, 100
1, 16085, &, 3, 11, 116
1, 16099, &, 3, 11, 115
1, 16113, &, 3, 11, 114
1, 16120, &, 3, 11, 113
1, 16134, &, 3, 11, 112
1, 16141, &, 3, 11, 111
1, 16155, &, 3, 11, 110
1, 16162, &, 3, 11, 109
1, 16169, &, 3, 11, 108
1, 16183, &, 3, 11, 107
1, 16190, &, 3, 11, 106
1, 16197, &, 3, 11, 105
1, 16204, &, 3, 11, 104
1, 16211, &, 3, 11, 103
1, 16218, &, 3, 11, 102
1, 16232, &, 3, 11, 101
1, 16239, &, 3, 11, 100
1, 16246, &, 3, 11, 99
1, 16253, &, 3, 11, 98
1, 16260, &, 3, 11, 97
1, 16267, &, 3, 11, 96
1, 16274, &, 3, 11, 95
1, 16281, &, 3, 11, 94
1, 16288, &, 3, 11, 93
1, 16295, &, 3, 11, 92
1, 16302, &, 3, 11, 91
1, 16309, &, 3, 11, 90
1, 16316, &, 3, 11, 88
1, 16320, }, 1, 70, 64
1, 16320, {, 1, 70, 100
1, 16323, &, 3, 11, 87
1, 16330, &, 3, 11, 86
1, 16337, &, 3, 11, 85
1, 16344, &, 3, 11, 84
1, 16351, &, 3, 11, 83
1, 16358, &, 3, 11, 81
1, 16365, &, 3, 11, 80
1, 16372, &, 3, 11, 79
1, 16379, &, 3, 11, 78
1, 16386, &, 3, 11, 76
1, 16393, &, 3, 11, 75
1, 16400, &, 3, 11, 74
1, 16407, &, 3, 11, 72
1, 16414, &, 3, 11, 71
1, 16421, &, 3, 11, 70
1, 16428, &, 3, 11, 68
1, 16435, &, 3, 11, 67
1, 16442, &, 3, 11, 66
1, 16449, &, 3, 11, 64
1, 16456, &, 3, 11, 63
1, 16463, &, 3, 11, 61
1, 16470, &, 3, 11, 60
1, 16477, &, 3, 11, 58
1, 16484, &, 3, 11, 57
1, 16491, &, 3, 11, 55
1, 16498, &, 3, 11, 54
1, 16505, &, 3, 11, 52
1, 16512, &, 3, 11, 51
1, 16519, &, 3, 11, 49
1, 16526, &, 3, 11, 47
1, 16533, &, 3, 11, 46
1, 16540, &, 3, 11, 44
1, 16547, &, 3, 11, 43
1, 16554, &, 3, 11, 41
1, 16560, }, 3, 62, 64
1, 16560, &, 3, 11, 40
1, 16560, {, 1, 74, 100
1, 16800, }, 4, 74, 64
1, 16800, &, 3, 11, 127
1, 16800, {, 4, 77, 100
1, 16800, {, 3, 65, 100
1, 17040, }, 4, 77, 64
1, 17040, }, 3, 65, 64
1, 17040, {, 4, 79, 100
1, 17040, {, 3, 67, 100
1, 17280, }, 0, 46, 64
1, 17280, }, 0, 58, 64
1, 17280, }, 0, 62, 64
1, 17280, }, 0, 65, 64
1, 17280, }, 1, 70, 64
1, 17280, }, 1, 74, 64
1, 17280, }, 4, 79, 64
1, 17280, }, 3, 67, 64
1, 17280, {, 0, 53, 100
1, 17280, {, 1, 72, 100
1, 17280, {, 4, 81, 100
1, 17280, {, 3, 69, 100
1, 17520, {, 0, 60, 100
1, 17760, }, 1, 72, 64
1, 17760, }, 4, 81, 64
1, 17760, }, 3, 69, 64
1, 17760, }, 0, 60, 64
1, 17760, {, 1, 77, 100
1, 17760, {, 1, 81, 100
1, 17760, {, 4, 84, 100
1, 17760, {, 3, 72, 100
1, 17760, {, 0, 69, 100
1, 18240, }, 0, 53, 64
1, 18240, }, 1, 77, 64
1, 18240, }, 1, 81, 64
1, 18240, }, 4, 84, 64
1, 18240, }, 3, 72, 64
1, 18240, }, 0, 69, 64
1, 18240, {, 1, 72, 100
1, 18240, {, 1, 76, 100
1, 18240, {, 4, 79, 100
1, 18240, {, 3, 67, 100
1, 18240, {, 0, 48, 100
1, 18480, {, 0, 55, 100
1, 18720, }, 0, 55, 64
1, 18720, &, 3, 11, 127
1, 18720, {, 0, 60, 100
1, 18727, &, 3, 11, 126
1, 18797, &, 3, 11, 125
1, 18825, &, 3, 11, 124
1, 18853, &, 3, 11, 123
1, 18867, &, 3, 11, 122
1, 18888, &, 3, 11, 121
1, 18902, &, 3, 11, 120
1, 18916, &, 3, 11, 119
1, 18930, &, 3, 11, 118
1, 18944, &, 3, 11, 117
1, 18951, &, 3, 11, 116
1, 18960, }, 0, 60, 64
1, 18960, {, 0, 61, 100
1, 18965, &, 3, 11, 115
1, 18979, &, 3, 11, 114
1, 18986, &, 3, 11, 113
1, 19000, &, 3, 11, 112
1, 19007, &, 3, 11, 111
1, 19014, &, 3, 11, 110
1, 19028, &, 3, 11, 109
1, 19035, &, 3, 11, 108
1, 19042, &, 3, 11, 107
1, 19049, &, 3, 11, 106
1, 19056, &, 3, 11, 105
1, 19063, &, 3, 11, 104
1, 19077, &, 3, 11, 103
1, 19084, &, 3, 11, 102
1, 19091, &, 3, 11, 101
1, 19098, &, 3, 11, 100
1, 19105, &, 3, 11, 99
1, 19112, &, 3, 11, 98
1, 19119, &, 3, 11, 97
1, 19126, &, 3, 11, 96
1, 19133, &, 3, 11, 95
1, 19140, &, 3, 11, 94
1, 19147, &, 3, 11, 92
1, 19154, &, 3, 11, 91
1, 19161, &, 3, 11, 90
1, 19168, &, 3, 11, 89
1, 19175, &, 3, 11, 88
1, 19182, &, 3, 11, 87
1, 19189, &, 3, 11, 85
1, 19196, &, 3, 11, 84
1, 19200, }, 1, 72, 64
1, 19200, }, 1, 76, 64
1, 19200, }, 4, 79, 64
1, 19200, }, 3, 67, 64
1, 19200, }, 0, 48, 64
1, 19200, }, 0, 61, 64
1, 19200, &, 3, 11, 127
1, 19200, {, 1, 77, 100
1, 19200, {, 1, 76, 100
1, 19200, {, 4, 81, 100
1, 19200, {, 0, 62, 100
1, 19200, {, 3, 69, 100
1, 19440, }, 0, 62, 64
1, 19440, {, 0, 50, 100
1, 19680, }, 1, 77, 64
1, 19680, }, 1, 76, 64
1, 19680, }, 4, 81, 64
1, 19680, }, 3, 69, 64
1, 19680, }, 0, 50, 64
1, 19680, {, 1, 74, 100
1, 19680, {, 4, 79, 100
1, 19680, {, 3, 67, 100
1, 19680, {, 0, 57, 100
1, 19920, }, 4, 79, 64
1, 19920, }, 3, 67, 64
1, 19920, }, 0, 57, 64
1, 19920, {, 4, 77, 100
1, 19920, {, 3, 65, 100
1, 19920, {, 0, 62, 100
1, 20160, }, 1, 74, 64
1, 20160, }, 4, 77, 64
1, 20160, }, 3, 65, 64
1, 20160, }, 0, 62, 64
1, 20160, {, 1, 72, 100
1, 20160, {, 4, 74, 100
1, 20160, {, 3, 62, 100
1, 20160, {, 0, 58, 100
1, 20400, }, 4, 74, 64
1, 20400, }, 3, 62, 64
1, 20400, {, 4, 77, 100
1, 20400, {, 3, 65, 100
1, 20640, }, 1, 72, 64
1, 20640, }, 0, 58, 64
1, 20640, }, 4, 77, 64
1, 20640, }, 3, 65, 64
1, 20640, {, 1, 70, 100
1, 20640, {, 1, 72, 100
1, 20640, {, 0, 55, 100
1, 20640, {, 4, 77, 100
1, 20640, {, 3, 65, 100
1, 20880, }, 4, 77, 64
1, 20880, }, 3, 65, 64
1, 20880, {, 4, 79, 100
1, 20880, {, 3, 67, 100
1, 21120, }, 1, 70, 64
1, 21120, }, 1, 72, 64
1, 21120, }, 0, 55, 64
1, 21120, }, 4, 79, 64
1, 21120, }, 3, 67, 64
1, 21120, {, 1, 69, 100
1, 21120, {, 1, 72, 100
1, 21120, {, 0, 53, 100
1, 21120, {, 4, 81, 100
1, 21120, {, 3, 69, 100
1, 21360, {, 0, 60, 100
1, 21600, }, 1, 69, 64
1, 21600, }, 1, 72, 64
1, 21600, }, 4, 81, 64
1, 21600, }, 3, 69, 64
1, 21600, }, 0, 60, 64
1, 21600, {, 1, 77, 100
1, 21600, {, 1, 72, 100
1, 21600, {, 4, 84, 100
1, 21600, {, 3, 72, 100
1, 21600, {, 0, 69, 100
1, 22080, }, 0, 53, 64
1, 22080, }, 1, 77, 64
1, 22080, }, 1, 72, 64
1, 22080, }, 4, 84, 64
1, 22080, }, 3, 72, 64
1, 22080, }, 0, 69, 64
1, 22080, {, 1, 81, 100
1, 22080, {, 1, 76, 100
1, 22080, {, 4, 88, 100
1, 22080, {, 3, 76, 100
1, 22080, {, 0, 57, 100
1, 22080, {, 0, 69, 100
1, 22320, }, 0, 69, 64
1, 22320, {, 0, 64, 100
1, 22560, }, 1, 81, 64
1, 22560, }, 1, 76, 64
1, 22560, }, 4, 88, 64
1, 22560, }, 3, 76, 64
1, 22560, }, 0, 64, 64
1, 22560, {, 1, 79, 100
1, 22560, {, 4, 84, 100
1, 22560, {, 3, 72, 100
1, 22560, {, 0, 67, 100
1, 22800, }, 0, 67, 64
1, 22800, {, 0, 69, 100
1, 23040, }, 0, 57, 64
1, 23040, }, 1, 79, 64
1, 23040, }, 4, 84, 64
1, 23040, }, 3, 72, 64
1, 23040, }, 0, 69, 64
1, 23040, {, 1, 82, 100
1, 23040, {, 1, 77, 100
1, 23040, {, 4, 86, 100
1, 23040, {, 3, 74, 100
1, 23040, {, 0, 58, 100
1, 23280, {, 0, 65, 100
1, 23520, }, 0, 65, 64
1, 23520, {, 0, 70, 100
1, 23760, }, 0, 70, 64
1, 23760, {, 0, 72, 100
1, 24000, &, 3, 11, 127
1, 24007, &, 3, 11, 126
1, 24119, &, 3, 11, 125
1, 24168, &, 3, 11, 124
1, 24203, &, 3, 11, 123
1, 24238, &, 3, 11, 122
1, 24240, }, 0, 72, 64
1, 24240, {, 0, 70, 100
1, 24266, &, 3, 11, 121
1, 24287, &, 3, 11, 120
1, 24315, &, 3, 11, 119
1, 24336, &, 3, 11, 118
1, 24357, &, 3, 11, 117
1, 24371, &, 3, 11, 116
1, 24392, &, 3, 11, 115
1, 24406, &, 3, 11, 114
1, 24427, &, 3, 11, 113
1, 24441, &, 3, 11, 112
1, 24455, &, 3, 11, 111
1, 24469, &, 3, 11, 110
1, 24490, &, 3, 11, 109
1, 24504, &, 3, 11, 108
1, 24511, &, 3, 11, 107
1, 24525, &, 3, 11, 106
1, 24539, &, 3, 11, 105
1, 24553, &, 3, 11, 104
1, 24567, &, 3, 11, 103
1, 24581, &, 3, 11, 102
1, 24588, &, 3, 11, 101
1, 24602, &, 3, 11, 100
1, 24616, &, 3, 11, 99
1, 24623, &, 3, 11, 98
1, 24637, &, 3, 11, 97
1, 24644, &, 3, 11, 96
1, 24658, &, 3, 11, 95
1, 24665, &, 3, 11, 94
1, 24679, &, 3, 11, 93
1, 24686, &, 3, 11, 92
1, 24700, &, 3, 11, 91
1, 24707, &, 3, 11, 90
1, 24714, &, 3, 11, 89
1, 24720, }, 0, 70, 64
1, 24720, {, 0, 65, 100
1, 24728, &, 3, 11, 88
1, 24735, &, 3, 11, 87
1, 24742, &, 3, 11, 86
1, 24756, &, 3, 11, 85
1, 24763, &, 3, 11, 84
1, 24770, &, 3, 11, 83
1, 24784, &, 3, 11, 82
1, 24791, &, 3, 11, 81
1, 24798, &, 3, 11, 80
1, 24805, &, 3, 11, 79
1, 24819, &, 3, 11, 78
1, 24826, &, 3, 11, 77
1, 24833, &, 3, 11, 76
1, 24840, &, 3, 11, 75
1, 24847, &, 3, 11, 74
1, 24854, &, 3, 11, 73
1, 24868, &, 3, 11, 72
1, 24875, &, 3, 11, 71
1, 24882, &, 3, 11, 70
1, 24889, &, 3, 11, 69
1, 24896, &, 3, 11, 68
1, 24903, &, 3, 11, 67
1, 24910, &, 3, 11, 66
1, 24917, &, 3, 11, 65
1, 24924, &, 3, 11, 64
1, 24931, &, 3, 11, 63
1, 24945, &, 3, 11, 62
1, 24952, &, 3, 11, 61
1, 24959, &, 3, 11, 60
1, 24960, }, 1, 82, 64
1, 24960, }, 1, 77, 64
1, 24960, }, 4, 86, 64
1, 24960, }, 3, 74, 64
1, 24960, }, 0, 58, 64
1, 24960, }, 0, 65, 64
1, 24960, {, 0, 58, 100
1, 25440, &, 3, 11, 127
1, 25440, {, 7, 86, 100
1, 25440, {, 2, 77, 100
1, 25440, {, 4, 86, 100
1, 25440, {, 3, 74, 100
1, 25920, }, 7, 86, 64
1, 25920, }, 2, 77, 64
1, 25920, }, 4, 86, 64
1, 25920, }, 3, 74, 64
1, 25920, {, 7, 84, 100
1, 25920, {, 2, 76, 100
1, 25920, {, 4, 84, 100
1, 25920, {, 3, 72, 100
1, 26400, }, 7, 84, 64
1, 26400, }, 2, 76, 64
1, 26400, }, 4, 84, 64
1, 26400, }, 3, 72, 64
1, 26400, {, 7, 82, 100
1, 26400, {, 2, 74, 100
1, 26400, {, 4, 82, 100
1, 26400, {, 3, 70, 100
1, 26880, }, 0, 58, 64
1, 26880, }, 7, 82, 64
1, 26880, }, 2, 74, 64
1, 26880, }, 4, 82, 64
1, 26880, }, 3, 70, 64
1, 26880, {, 6, 33, 100
1, 26880, {, 5, 76, 100
1, 26880, {, 5, 72, 100
1, 26880, {, 8, 60, 100
1, 26880, {, 8, 64, 100
1, 26880, {, 0, 57, 100
1, 26880, {, 7, 81, 100
1, 26880, {, 2, 72, 100
1, 26880, {, 4, 81, 100
1, 26880, {, 3, 69, 100
1, 27120, {, 1, 64, 100
1, 27360, }, 1, 64, 64
1, 27360, {, 1, 69, 100
1, 27840, }, 1, 69, 64
1, 28080, {, 1, 64, 100
1, 28320, }, 1, 64, 64
1, 28320, {, 1, 69, 100
1, 28560, }, 5, 76, 64
1, 28560, }, 5, 72, 64
1, 28560, }, 1, 69, 64
1, 28560, {, 1, 71, 100
1, 28560, {, 5, 79, 90
1, 28560, {, 5, 76, 90
1, 28800, }, 7, 81, 64
1, 28800, }, 2, 72, 64
1, 28800, }, 4, 81, 64
1, 28800, }, 3, 69, 64
1, 28800, }, 1, 71, 64
1, 28800, }, 5, 79, 64
1, 28800, }, 5, 76, 64
1, 28800, {, 1, 72, 100
1, 28800, {, 5, 77, 100
1, 28800, {, 5, 74, 100
1, 29040, }, 1, 72, 64
1, 29040, {, 1, 71, 100
1, 29280, }, 1, 71, 64
1, 29280, {, 7, 84, 100
1, 29280, {, 2, 76, 100
1, 29280, {, 4, 84, 100
1, 29280, {, 3, 72, 100
1, 29280, {, 1, 69, 100
1, 29520, }, 1, 69, 64
1, 29520, {, 1, 64, 100
1, 29760, }, 7, 84, 64
1, 29760, }, 2, 76, 64
1, 29760, }, 4, 84, 64
1, 29760, }, 3, 72, 64
1, 29760, {, 7, 81, 100
1, 29760, {, 2, 72, 100
1, 29760, {, 4, 81, 100
1, 29760, {, 3, 69, 100
1, 30240, }, 1, 64, 64
1, 30240, }, 7, 81, 64
1, 30240, }, 2, 72, 64
1, 30240, }, 4, 81, 64
1, 30240, }, 3, 69, 64
1, 30240, {, 1, 64, 100
1, 30240, {, 7, 76, 100
1, 30240, {, 2, 69, 100
1, 30240, {, 4, 76, 100
1, 30240, {, 3, 64, 100
1, 30720, }, 6, 33, 64
1, 30720, }, 8, 60, 64
1, 30720, }, 8, 64, 64
1, 30720, }, 0, 57, 64
1, 30720, }, 5, 77, 64
1, 30720, }, 5, 74, 64
1, 30720, }, 1, 64, 64
1, 30720, }, 7, 76, 64
1, 30720, }, 2, 69, 64
1, 30720, }, 4, 76, 64
1, 30720, }, 3, 64, 64
1, 30720, {, 6, 34, 100
1, 30720, {, 8, 65, 100
1, 30720, {, 8, 62, 100
1, 30720, {, 0, 58, 100
1, 30720, {, 5, 74, 100
1, 30720, {, 5, 77, 100
1, 30720, {, 1, 70, 100
1, 30720, {, 7, 74, 100
1, 30720, {, 2, 65, 100
1, 30720, {, 4, 74, 100
1, 30720, {, 3, 62, 100
1, 30960, }, 1, 70, 64
1, 30960, }, 7, 74, 64
1, 30960, }, 2, 65, 64
1, 30960, }, 4, 74, 64
1, 30960, }, 3, 62, 64
1, 30960, {, 1, 65, 100
1, 30960, {, 7, 77, 100
1, 30960, {, 2, 70, 100
1, 30960, {, 4, 77, 100
1, 30960, {, 3, 65, 100
1, 31200, }, 1, 65, 64
1, 31200, }, 7, 77, 64
1, 31200, }, 2, 70, 64
1, 31200, }, 4, 77, 64
1, 31200, }, 3, 65, 64
1, 31200, {, 1, 70, 100
1, 31200, {, 7, 77, 100
1, 31200, {, 2, 70, 100
1, 31200, {, 4, 77, 100
1, 31200, {, 3, 65, 100
1, 31920, }, 1, 70, 64
1, 31920, {, 1, 65, 100
1, 32160, }, 1, 65, 64
1, 32160, {, 1, 70, 100
1, 32400, }, 5, 74, 64
1, 32400, }, 5, 77, 64
1, 32400, }, 1, 70, 64
1, 32400, {, 1, 72, 100
1, 32400, {, 5, 81, 90
1, 32400, {, 5, 77, 90
1, 32640, }, 7, 77, 64
1, 32640, }, 2, 70, 64
1, 32640, }, 4, 77, 64
1, 32640, }, 3, 65, 64
1, 32640, }, 1, 72, 64
1, 32640, }, 5, 81, 64
1, 32640, }, 5, 77, 64
1, 32640, {, 1, 74, 100
1, 32640, {, 5, 79, 100
1, 32640, {, 5, 76, 100
1, 32880, }, 1, 74, 64
1, 32880, {, 1, 72, 100
1, 33120, }, 1, 72, 64
1, 33120, {, 7, 81, 100
1, 33120, {, 2, 77, 100
1, 33120, {, 4, 81, 100
1, 33120, {, 3, 69, 100
1, 33120, {, 1, 70, 100
1, 33360, }, 1, 70, 64
1, 33360, {, 1, 65, 100
1, 33600, }, 7, 81, 64
1, 33600, }, 2, 77, 64
1, 33600, }, 4, 81, 64
1, 33600, }, 3, 69, 64
1, 33600, {, 7, 79, 100
1, 33600, {, 2, 76, 100
1, 33600, {, 4, 79, 100
1, 33600, {, 3, 67, 100
1, 34080, }, 1, 65, 64
1, 34080, }, 7, 79, 64
1, 34080, }, 2, 76, 64
1, 34080, }, 4, 79, 64
1, 34080, }, 3, 67, 64
1, 34080, {, 1, 65, 100
1, 34080, {, 7, 77, 100
1, 34080, {, 2, 74, 100
1, 34080, {, 4, 77, 100
1, 34080, {, 3, 65, 100
1, 34560, }, 6, 34, 64
1, 34560, }, 8, 65, 64
1, 34560, }, 8, 62, 64
1, 34560, }, 0, 58, 64
1, 34560, }, 5, 79, 64
1, 34560, }, 5, 76, 64
1, 34560, }, 1, 65, 64
1, 34560, }, 7, 77, 64
1, 34560, }, 2, 74, 64
1, 34560, }, 4, 77, 64
1, 34560, }, 3, 65, 64
1, 34560, {, 6, 33, 100
1, 34560, {, 8, 64, 100
1, 34560, {, 8, 60, 100
1, 34560, {, 0, 57, 100
1, 34560, {, 5, 79, 100
1, 34560, {, 5, 76, 100
1, 34560, {, 1, 69, 100
1, 34560, {, 7, 79, 100
1, 34560, {, 2, 72, 100
1, 34560, {, 4, 79, 100
1, 34560, {, 3, 67, 100
1, 34800, }, 1, 69, 64
1, 34800, }, 7, 79, 64
1, 34800, }, 4, 79, 64
1, 34800, }, 3, 67, 64
1, 34800, {, 1, 64, 100
1, 34800, {, 7, 81, 100
1, 34800, {, 4, 81, 100
1, 34800, {, 3, 69, 100
1, 35040, }, 2, 72, 64
1, 35040, }, 1, 64, 64
1, 35040, }, 7, 81, 64
1, 35040, }, 4, 81, 64
1, 35040, }, 3, 69, 64
1, 35040, {, 2, 69, 100
1, 35040, {, 1, 69, 100
1, 35040, {, 7, 72, 100
1, 35040, {, 4, 72, 100
1, 35040, {, 3, 60, 100
1, 35760, }, 1, 69, 64
1, 35760, {, 1, 64, 100
1, 36000, }, 5, 79, 64
1, 36000, }, 5, 76, 64
1, 36000, }, 1, 64, 64
1, 36000, {, 5, 77, 100
1, 36000, {, 5, 74, 100
1, 36000, {, 1, 69, 100
1, 36240, }, 1, 69, 64
1, 36240, {, 1, 71, 100
1, 36480, }, 2, 69, 64
1, 36480, }, 7, 72, 64
1, 36480, }, 4, 72, 64
1, 36480, }, 3, 60, 64
1, 36480, }, 5, 77, 64
1, 36480, }, 5, 74, 64
1, 36480, }, 1, 71, 64
1, 36480, {, 5, 76, 100
1, 36480, {, 5, 72, 100
1, 36480, {, 1, 72, 100
1, 36960, {, 2, 72, 100
1, 36960, {, 7, 81, 100
1, 36960, {, 4, 81, 100
1, 36960, {, 3, 69, 100
1, 37440, }, 2, 72, 64
1, 37440, }, 7, 81, 64
1, 37440, }, 4, 81, 64
1, 37440, }, 3, 69, 64
1, 37440, {, 2, 81, 100
1, 37440, {, 7, 88, 100
1, 37440, {, 4, 88, 100
1, 37440, {, 3, 76, 100
1, 37920, }, 2, 81, 64
1, 37920, }, 7, 88, 64
1, 37920, }, 4, 88, 64
1, 37920, }, 3, 76, 64
1, 37920, {, 2, 76, 100
1, 37920, {, 7, 84, 100
1, 37920, {, 4, 84, 100
1, 37920, {, 3, 72, 100
1, 38400, }, 6, 33, 64
1, 38400, }, 8, 64, 64
1, 38400, }, 8, 60, 64
1, 38400, }, 0, 57, 64
1, 38400, }, 5, 76, 64
1, 38400, }, 5, 72, 64
1, 38400, }, 1, 72, 64
1, 38400, }, 2, 76, 64
1, 38400, }, 7, 84, 64
1, 38400, }, 4, 84, 64
1, 38400, }, 3, 72, 64
1, 38400, {, 8, 58, 100
1, 38400, {, 8, 65, 100
1, 38400, {, 0, 58, 100
1, 38400, {, 5, 74, 100
1, 38400, {, 5, 70, 100
1, 38400, {, 2, 77, 100
1, 38400, {, 7, 86, 100
1, 38400, {, 4, 86, 100
1, 38400, {, 3, 74, 100
1, 38640, {, 0, 65, 100
1, 38880, }, 0, 65, 64
1, 38880, {, 0, 70, 100
1, 39120, }, 0, 70, 64
1, 39120, {, 0, 69, 100
1, 39360, }, 0, 69, 64
1, 39360, {, 0, 67, 100
1, 39600, }, 0, 67, 64
1, 39600, {, 0, 65, 100
1, 39840, }, 0, 65, 64
1, 39840, {, 0, 64, 100
1, 40080, }, 0, 64, 64
1, 40080, {, 0, 62, 100
1, 40320, }, 7, 86, 64
1, 40320, }, 0, 58, 64
1, 40320, }, 2, 77, 64
1, 40320, }, 4, 86, 64
1, 40320, }, 3, 74, 64
1, 40320, }, 0, 62, 64
1, 40320, {, 0, 55, 100
1, 40560, {, 0, 62, 100
1, 40800, }, 0, 62, 64
1, 40800, {, 5, 67, 100
1, 40800, {, 0, 70, 100
1, 41040, }, 0, 70, 64
1, 41040, {, 0, 69, 100
1, 41280, }, 0, 69, 64
1, 41280, {, 0, 67, 100
1, 41520, }, 0, 67, 64
1, 41520, {, 0, 65, 100
1, 41760, }, 0, 65, 64
1, 41760, {, 0, 64, 100
1, 42000, }, 0, 64, 64
1, 42000, {, 0, 67, 100
1, 42240, }, 8, 58, 64
1, 42240, }, 8, 65, 64
1, 42240, }, 5, 74, 64
1, 42240, }, 5, 70, 64
1, 42240, }, 0, 55, 64
1, 42240, }, 5, 67, 64
1, 42240, }, 0, 67, 64
1, 42240, {, 8, 62, 100
1, 42240, {, 8, 57, 100
1, 42240, {, 5, 74, 100
1, 42240, {, 5, 69, 100
1, 42240, {, 5, 66, 100
1, 42240, {, 0, 50, 100
1, 42480, {, 0, 57, 100
1, 42720, }, 0, 57, 64
1, 42720, {, 0, 62, 100
1, 42960, }, 0, 62, 64
1, 42960, {, 0, 66, 100
1, 43200, }, 0, 66, 64
1, 43200, {, 0, 69, 100
1, 43440, }, 0, 69, 64
1, 43440, {, 0, 62, 100
1, 43680, }, 0, 62, 64
1, 43680, {, 0, 66, 100
1, 43920, }, 0, 66, 64
1, 43920, {, 0, 69, 100
1, 44160, }, 0, 69, 64
1, 44160, &, 8, 11, 127
1, 44160, &, 5, 11, 127
1, 44160, {, 0, 74, 100
1, 44167, &, 8, 11, 126
1, 44167, &, 5, 11, 126
1, 44293, &, 8, 11, 125
1, 44293, &, 5, 11, 125
1, 44342, &, 5, 11, 124
1, 44349, &, 8, 11, 124
1, 44384, &, 5, 11, 123
1, 44384, &, 8, 11, 123
1, 44419, &, 5, 11, 122
1, 44419, &, 8, 11, 122
1, 44447, &, 5, 11, 121
1, 44454, &, 8, 11, 121
1, 44475, &, 5, 11, 120
1, 44482, &, 8, 11, 120
1, 44503, &, 5, 11, 119
1, 44503, &, 8, 11, 119
1, 44524, &, 5, 11, 118
1, 44531, &, 8, 11, 118
1, 44545, &, 5, 11, 117
1, 44552, &, 8, 11, 117
1, 44566, &, 5, 11, 116
1, 44573, &, 8, 11, 116
1, 44587, &, 5, 11, 115
1, 44594, &, 8, 11, 115
1, 44601, &, 5, 11, 114
1, 44608, &, 8, 11, 114
1, 44622, &, 5, 11, 113
1, 44629, &, 8, 11, 113
1, 44636, &, 5, 11, 112
1, 44650, &, 8, 11, 112
1, 44657, &, 5, 11, 111
1, 44664, &, 8, 11, 111
1, 44671, &, 5, 11, 110
1, 44678, &, 8, 11, 110
1, 44685, &, 5, 11, 109
1, 44699, &, 8, 11, 109
1, 44706, &, 5, 11, 108
1, 44713, &, 8, 11, 108
1, 44720, &, 5, 11, 107
1, 44727, &, 8, 11, 107
1, 44734, &, 5, 11, 106
1, 44741, &, 8, 11, 106
1, 44748, &, 5, 11, 105
1, 44755, &, 8, 11, 105
1, 44762, &, 5, 11, 104
1, 44769, &, 8, 11, 104
1, 44776, &, 5, 11, 103
1, 44783, &, 8, 11, 103
1, 44783, &, 5, 11, 102
1, 44797, &, 8, 11, 102
1, 44797, &, 5, 11, 101
1, 44811, &, 8, 11, 101
1, 44811, &, 5, 11, 100
1, 44825, &, 8, 11, 100
1, 44825, &, 5, 11, 99
1, 44839, &, 8, 11, 99
1, 44839, &, 5, 11, 98
1, 44846, &, 8, 11, 98
1, 44846, &, 5, 11, 97
1, 44860, &, 8, 11, 97
1, 44860, &, 5, 11, 96
1, 44874, &, 8, 11, 96
1, 44874, &, 5, 11, 95
1, 44881, &, 8, 11, 95
1, 44881, &, 5, 11, 94
1, 44895, &, 8, 11, 94
1, 44895, &, 5, 11, 93
1, 44902, &, 5, 11, 92
1, 44909, &, 8, 11, 93
1, 44916, &, 5, 11, 91
1, 44916, &, 8, 11, 92
1, 44923, &, 5, 11, 90
1, 44930, &, 8, 11, 91
1, 44937, &, 5, 11, 89
1, 44937, &, 8, 11, 90
1, 44944, &, 5, 11, 88
1, 44951, &, 8, 11, 89
1, 44958, &, 5, 11, 87
1, 44958, &, 8, 11, 88
1, 44965, &, 5, 11, 86
1, 44972, &, 8, 11, 87
1, 44979, &, 5, 11, 85
1, 44979, &, 8, 11, 86
1, 44986, &, 5, 11, 84
1, 44993, &, 8, 11, 85
1, 45000, &, 5, 11, 83
1, 45000, &, 8, 11, 84
1, 45007, &, 5, 11, 82
1, 45014, &, 8, 11, 83
1, 45014, &, 5, 11, 81
1, 45021, &, 8, 11, 82
1, 45028, &, 5, 11, 80
1, 45028, &, 8, 11, 81
1, 45035, &, 5, 11, 79
1, 45042, &, 8, 11, 80
1, 45042, &, 5, 11, 78
1, 45049, &, 8, 11, 79
1, 45056, &, 5, 11, 77
1, 45063, &, 8, 11, 78
1, 45063, &, 5, 11, 76
1, 45070, &, 8, 11, 77
1, 45070, &, 5, 11, 75
1, 45077, &, 8, 11, 76
1, 45077, &, 5, 11, 74
1, 45091, &, 8, 11, 75
1, 45091, &, 5, 11, 73
1, 45098, &, 8, 11, 74
1, 45098, &, 5, 11, 72
1, 45105, &, 8, 11, 73
1, 45105, &, 5, 11, 71
1, 45112, &, 8, 11, 72
1, 45112, &, 5, 11, 70
1, 45120, }, 8, 62, 64
1, 45120, }, 8, 57, 64
1, 45120, }, 5, 74, 64
1, 45120, }, 5, 69, 64
1, 45120, }, 5, 66, 64
1, 45120, }, 0, 50, 64
1, 45120, }, 0, 74, 64
1, 45120, {, 9, 81, 90
1, 45240, }, 9, 81, 64
1, 45600, {, 11, 86, 100
1, 45600, {, 1, 74, 100
1, 45840, }, 11, 86, 64
1, 45840, }, 1, 74, 64
1, 45840, {, 11, 88, 100
1, 45840, {, 1, 76, 100
1, 46080, }, 11, 88, 64
1, 46080, }, 1, 76, 64
1, 46080, {, 0, 69, 90
1, 46080, {, 0, 66, 90
1, 46080, {, 0, 62, 100
1, 46080, {, 11, 90, 100
1, 46080, {, 1, 78, 100
1, 46560, }, 11, 90, 64
1, 46560, }, 1, 78, 64
1, 46560, {, 11, 93, 100
1, 46560, {, 1, 81, 100
1, 47040, }, 0, 69, 64
1, 47040, }, 0, 66, 64
1, 47040, }, 0, 62, 64
1, 47040, }, 11, 93, 64
1, 47040, }, 1, 81, 64
1, 47040, {, 0, 69, 90
1, 47040, {, 0, 64, 90
1, 47040, {, 0, 61, 100
1, 47040, {, 11, 88, 100
1, 47040, {, 1, 76, 100
1, 47520, }, 0, 69, 64
1, 47520, {, 0, 67, 90
1, 48000, }, 0, 64, 64
1, 48000, }, 0, 61, 64
1, 48000, }, 11, 88, 64
1, 48000, }, 1, 76, 64
1, 48000, }, 0, 67, 64
1, 48000, {, 11, 90, 100
1, 48000, {, 1, 78, 100
1, 48000, {, 0, 66, 90
1, 48000, {, 0, 62, 90
1, 48000, {, 0, 60, 100
1, 48480, }, 11, 90, 64
1, 48480, }, 1, 78, 64
1, 48480, {, 11, 88, 100
1, 48480, {, 1, 76, 100
1, 48720, }, 11, 88, 64
1, 48720, }, 1, 76, 64
1, 48720, {, 11, 86, 100
1, 48720, {, 1, 74, 100
1, 48960, }, 0, 66, 64
1, 48960, }, 0, 62, 64
1, 48960, }, 0, 60, 64
1, 48960, }, 11, 86, 64
1, 48960, }, 1, 74, 64
1, 48960, {, 0, 67, 90
1, 48960, {, 0, 62, 90
1, 48960, {, 0, 59, 100
1, 48960, {, 11, 83, 100
1, 48960, {, 1, 71, 100
1, 49200, }, 11, 83, 64
1, 49200, }, 1, 71, 64
1, 49200, {, 11, 86, 100
1, 49200, {, 1, 74, 100
1, 49440, }, 11, 86, 64
1, 49440, }, 1, 74, 64
1, 49440, {, 11, 86, 100
1, 49440, {, 1, 74, 100
1, 49680, }, 11, 86, 64
1, 49680, }, 1, 74, 64
1, 49680, {, 11, 88, 100
1, 49680, {, 1, 76, 100
1, 49920, }, 0, 67, 64
1, 49920, }, 0, 62, 64
1, 49920, }, 0, 59, 64
1, 49920, }, 11, 88, 64
1, 49920, }, 1, 76, 64
1, 49920, {, 0, 58, 100
1, 49920, {, 11, 89, 100
1, 49920, {, 1, 77, 100
1, 50160, {, 0, 65, 90
1, 50400, }, 11, 89, 64
1, 50400, }, 1, 77, 64
1, 50400, }, 0, 65, 64
1, 50400, {, 11, 93, 100
1, 50400, {, 1, 81, 100
1, 50400, {, 0, 70, 90
1, 50880, }, 0, 58, 64
1, 50880, }, 11, 93, 64
1, 50880, }, 1, 81, 64
1, 50880, }, 0, 70, 64
1, 50880, {, 11, 91, 100
1, 50880, {, 1, 79, 100
1, 50880, {, 0, 57, 100
1, 51120, {, 0, 64, 90
1, 51360, }, 11, 91, 64
1, 51360, }, 1, 79, 64
1, 51360, }, 0, 64, 64
1, 51360, {, 11, 89, 100
1, 51360, {, 1, 77, 100
1, 51360, {, 0, 69, 90
1, 51600, }, 11, 89, 64
1, 51600, }, 1, 77, 64
1, 51600, {, 11, 88, 100
1, 51600, {, 1, 76, 100
1, 51840, }, 0, 57, 64
1, 51840, }, 0, 69, 64
1, 51840, }, 11, 88, 64
1, 51840, }, 1, 76, 64
1, 51840, &, 5, 11, 127
1, 51840, {, 0, 55, 100
1, 51840, {, 11, 86, 100
1, 51840, {, 1, 74, 100
1, 51840, {, 5, 55, 100
1, 52080, }, 5, 55, 64
1, 52080, {, 5, 62, 100
1, 52080, {, 0, 62, 90
1, 52320, }, 5, 62, 64
1, 52320, }, 0, 62, 64
1, 52320, {, 5, 67, 100
1, 52320, {, 0, 67, 90
1, 52560, }, 5, 67, 64
1, 52560, }, 0, 67, 64
1, 52560, {, 5, 69, 100
1, 52560, {, 0, 69, 90
1, 52800, }, 5, 69, 64
1, 52800, }, 0, 69, 64
1, 52800, {, 5, 71, 100
1, 52800, {, 0, 71, 90
1, 53040, }, 5, 71, 64
1, 53040, {, 5, 67, 100
1, 53280, }, 5, 67, 64
1, 53280, {, 5, 71, 100
1, 53520, }, 5, 71, 64
1, 53520, {, 5, 74, 100
1, 53760, }, 11, 86, 64
1, 53760, }, 0, 55, 64
1, 53760, }, 1, 74, 64
1, 53760, }, 0, 71, 64
1, 53760, }, 5, 74, 64
1, 53760, &, 8, 11, 127
1, 53760, {, 0, 55, 100
1, 53760, {, 5, 79, 100
1, 54000, {, 0, 62, 90
1, 54240, }, 0, 62, 64
1, 54240, {, 8, 71, 100
1, 54240, {, 0, 67, 90
1, 54480, }, 5, 79, 64
1, 54480, }, 0, 67, 64
1, 54480, {, 5, 78, 100
1, 54480, {, 0, 69, 90
1, 54600, }, 5, 78, 64
1, 54600, {, 5, 79, 100
1, 54720, }, 8, 71, 64
1, 54720, }, 0, 69, 64
1, 54720, }, 5, 79, 64
1, 54720, {, 8, 69, 100
1, 54720, {, 0, 71, 90
1, 54720, {, 5, 78, 100
1, 54960, }, 0, 71, 64
1, 54960, }, 5, 78, 64
1, 54960, {, 0, 69, 90
1, 54960, {, 5, 76, 100
1, 55200, }, 8, 69, 64
1, 55200, }, 0, 69, 64
1, 55200, }, 5, 76, 64
1, 55200, {, 8, 67, 100
1, 55200, {, 0, 67, 90
1, 55200, {, 5, 74, 100
1, 55440, }, 0, 67, 64
1, 55440, }, 5, 74, 64
1, 55440, {, 0, 62, 90
1, 55440, {, 5, 76, 100
1, 55680, }, 0, 55, 64
1, 55680, }, 8, 67, 64
1, 55680, }, 0, 62, 64
1, 55680, }, 5, 76, 64
1, 55680, {, 8, 69, 100
1, 55680, {, 0, 50, 100
1, 55680, {, 5, 78, 100
1, 55920, {, 0, 57, 90
1, 56160, }, 0, 57, 64
1, 56160, {, 2, 74, 100
1, 56160, {, 0, 62, 90
1, 56400, }, 2, 74, 64
1, 56400, }, 0, 62, 64
1, 56400, {, 2, 73, 100
1, 56400, {, 0, 64, 90
1, 56640, }, 2, 73, 64
1, 56640, }, 0, 64, 64
1, 56640, {, 2, 76, 100
1, 56640, {, 0, 66, 90
1, 56880, }, 2, 76, 64
1, 56880, {, 2, 74, 100
1, 57120, }, 8, 69, 64
1, 57120, }, 5, 78, 64
1, 57120, }, 2, 74, 64
1, 57120, {, 8, 67, 100
1, 57120, {, 5, 76, 100
1, 57120, {, 2, 73, 100
1, 57360, }, 8, 67, 64
1, 57360, }, 5, 76, 64
1, 57360, }, 2, 73, 64
1, 57360, {, 8, 66, 100
1, 57360, {, 5, 74, 100
1, 57360, {, 2, 74, 100
1, 57600, }, 0, 50, 64
1, 57600, }, 0, 66, 64
1, 57600, }, 8, 66, 64
1, 57600, }, 5, 74, 64
1, 57600, }, 2, 74, 64
1, 57600, {, 0, 46, 100
1, 57600, {, 8, 62, 100
1, 57600, {, 5, 70, 100
1, 57600, {, 2, 70, 100
1, 57840, {, 0, 58, 90
1, 58080, }, 0, 58, 64
1, 58080, {, 0, 62, 90
1, 58320, }, 0, 62, 64
1, 58320, {, 0, 65, 90
1, 58560, }, 0, 65, 64
1, 58560, &, 2, 11, 127
1, 58560, {, 0, 70, 90
1, 58567, &, 2, 11, 126
1, 58637, &, 2, 11, 125
1, 58665, &, 2, 11, 124
1, 58686, &, 2, 11, 123
1, 58707, &, 2, 11, 122
1, 58721, &, 2, 11, 121
1, 58735, &, 2, 11, 120
1, 58749, &, 2, 11, 119
1, 58763, &, 2, 11, 118
1, 58777, &, 2, 11, 117
1, 58791, &, 2, 11, 116
1, 58798, &, 2, 11, 115
1, 58800, {, 1, 74, 100
1, 58812, &, 2, 11, 114
1, 58819, &, 2, 11, 113
1, 58833, &, 2, 11, 112
1, 58840, &, 2, 11, 111
1, 58847, &, 2, 11, 110
1, 58861, &, 2, 11, 109
1, 58868, &, 2, 11, 108
1, 58875, &, 2, 11, 107
1, 58882, &, 2, 11, 106
1, 58889, &, 2, 11, 105
1, 58896, &, 2, 11, 104
1, 58903, &, 2, 11, 103
1, 58917, &, 2, 11, 102
1, 58924, &, 2, 11, 101
1, 58931, &, 2, 11, 100
1, 58938, &, 2, 11, 99
1, 58945, &, 2, 11, 97
1, 58952, &, 2, 11, 96
1, 58959, &, 2, 11, 95
1, 58966, &, 2, 11, 94
1, 58973, &, 2, 11, 93
1, 58980, &, 2, 11, 92
1, 58987, &, 2, 11, 91
1, 58994, &, 2, 11, 90
1, 59001, &, 2, 11, 88
1, 59008, &, 2, 11, 87
1, 59015, &, 2, 11, 86
1, 59022, &, 2, 11, 85
1, 59029, &, 2, 11, 83
1, 59036, &, 2, 11, 82
1, 59040, }, 0, 46, 64
1, 59040, }, 8, 62, 64
1, 59040, }, 5, 70, 64
1, 59040, }, 2, 70, 64
1, 59040, }, 0, 70, 64
1, 59040, }, 1, 74, 64
1, 59040, {, 4, 77, 100
1, 59040, {, 3, 65, 100
1, 59040, {, 1, 72, 100
1, 59280, }, 4, 77, 64
1, 59280, }, 3, 65, 64
1, 59280, }, 1, 72, 64
1, 59280, {, 4, 79, 100
1, 59280, {, 3, 67, 100
1, 59280, {, 1, 70, 100
1, 59520, }, 4, 79, 64
1, 59520, }, 3, 67, 64
1, 59520, }, 1, 70, 64
1, 59520, &, 2, 11, 127
1, 59520, {, 0, 65, 100
1, 59520, {, 4, 81, 100
1, 59520, {, 3, 69, 100
1, 59520, {, 1, 72, 100
1, 60000, }, 4, 81, 64
1, 60000, }, 3, 69, 64
1, 60000, }, 1, 72, 64
1, 60000, {, 4, 84, 100
1, 60000, {, 3, 72, 100
1, 60000, {, 1, 77, 100
1, 60000, {, 1, 81, 100
1, 60480, }, 0, 65, 64
1, 60480, }, 4, 84, 64
1, 60480, }, 3, 72, 64
1, 60480, }, 1, 77, 64
1, 60480, }, 1, 81, 64
1, 60480, {, 0, 64, 100
1, 60480, {, 4, 79, 100
1, 60480, {, 3, 67, 100
1, 60480, {, 1, 72, 100
1, 60480, {, 1, 76, 100
1, 60960, &, 3, 11, 127
1, 60967, &, 3, 11, 126
1, 61030, &, 3, 11, 125
1, 61058, &, 3, 11, 124
1, 61079, &, 3, 11, 123
1, 61100, &, 3, 11, 122
1, 61114, &, 3, 11, 121
1, 61128, &, 3, 11, 120
1, 61142, &, 3, 11, 119
1, 61156, &, 3, 11, 118
1, 61163, &, 3, 11, 117
1, 61177, &, 3, 11, 116
1, 61184, &, 3, 11, 115
1, 61198, &, 3, 11, 114
1, 61205, &, 3, 11, 113
1, 61212, &, 3, 11, 112
1, 61226, &, 3, 11, 111
1, 61233, &, 3, 11, 110
1, 61240, &, 3, 11, 109
1, 61247, &, 3, 11, 108
1, 61254, &, 3, 11, 107
1, 61261, &, 3, 11, 106
1, 61268, &, 3, 11, 105
1, 61275, &, 3, 11, 104
1, 61282, &, 3, 11, 103
1, 61289, &, 3, 11, 102
1, 61296, &, 3, 11, 101
1, 61303, &, 3, 11, 100
1, 61310, &, 3, 11, 99
1, 61317, &, 3, 11, 98
1, 61324, &, 3, 11, 97
1, 61331, &, 3, 11, 96
1, 61338, &, 3, 11, 95
1, 61345, &, 3, 11, 94
1, 61352, &, 3, 11, 92
1, 61359, &, 3, 11, 91
1, 61366, &, 3, 11, 90
1, 61373, &, 3, 11, 89
1, 61380, &, 3, 11, 87
1, 61387, &, 3, 11, 86
1, 61394, &, 3, 11, 85
1, 61401, &, 3, 11, 83
1, 61408, &, 3, 11, 82
1, 61415, &, 3, 11, 81
1, 61422, &, 3, 11, 79
1, 61429, &, 3, 11, 78
1, 61436, &, 3, 11, 76
1, 61440, }, 0, 64, 64
1, 61440, }, 4, 79, 64
1, 61440, }, 3, 67, 64
1, 61440, }, 1, 72, 64
1, 61440, }, 1, 76, 64
1, 61440, &, 3, 11, 127
1, 61440, {, 0, 62, 100
1, 61440, {, 4, 81, 100
1, 61440, {, 1, 72, 100
1, 61440, {, 1, 77, 100
1, 61440, {, 3, 69, 100
1, 61920, }, 0, 62, 64
1, 61920, }, 4, 81, 64
1, 61920, }, 1, 72, 64
1, 61920, }, 1, 77, 64
1, 61920, }, 3, 69, 64
1, 61920, {, 0, 60, 100
1, 61920, {, 4, 79, 100
1, 61920, {, 1, 74, 100
1, 61920, {, 1, 72, 100
1, 61920, {, 3, 67, 100
1, 62160, }, 4, 79, 64
1, 62160, }, 3, 67, 64
1, 62160, {, 4, 77, 100
1, 62160, {, 3, 65, 100
1, 62400, }, 0, 60, 64
1, 62400, }, 1, 74, 64
1, 62400, }, 1, 72, 64
1, 62400, }, 4, 77, 64
1, 62400, }, 3, 65, 64
1, 62400, {, 0, 58, 100
1, 62400, {, 1, 70, 100
1, 62400, {, 4, 74, 100
1, 62400, {, 3, 62, 100
1, 62640, }, 4, 74, 64
1, 62640, }, 3, 62, 64
1, 62640, {, 4, 77, 100
1, 62640, {, 3, 65, 100
1, 62880, }, 0, 58, 64
1, 62880, }, 1, 70, 64
1, 62880, }, 4, 77, 64
1, 62880, }, 3, 65, 64
1, 62880, {, 0, 55, 100
1, 62880, {, 1, 72, 100
1, 62880, {, 1, 70, 100
1, 62880, {, 4, 77, 100
1, 62880, {, 3, 65, 100
1, 63120, }, 4, 77, 64
1, 63120, }, 3, 65, 64
1, 63120, {, 4, 79, 100
1, 63120, {, 3, 67, 100
1, 63360, }, 0, 55, 64
1, 63360, }, 1, 72, 64
1, 63360, }, 1, 70, 64
1, 63360, }, 4, 79, 64
1, 63360, }, 3, 67, 64
1, 63360, {, 0, 53, 100
1, 63360, &, 0, 7, 106
1, 63360, {, 1, 72, 100
1, 63360, {, 1, 77, 100
1, 63360, &, 1, 7, 96
1, 63360, {, 4, 81, 100
1, 63360, &, 4, 7, 88
1, 63360, {, 3, 69, 100
1, 63360, &, 3, 7, 110
1, 63395, &, 3, 7, 108
1, 63396, &, 0, 7, 105
1, 63400, &, 1, 7, 95
1, 63403, &, 4, 7, 87
1, 63430, &, 3, 7, 107
1, 63432, &, 0, 7, 104
1, 63440, &, 1, 7, 94
1, 63447, &, 4, 7, 86
1, 63465, &, 3, 7, 106
1, 63469, &, 0, 7, 102
1, 63480, &, 1, 7, 93
1, 63491, &, 4, 7, 85
1, 63499, &, 3, 7, 106
1, 63505, &, 0, 7, 101
1, 63520, &, 1, 7, 92
1, 63534, &, 4, 7, 84
1, 63534, &, 3, 7, 105
1, 63541, &, 0, 7, 101
1, 63560, &, 1, 7, 91
1, 63569, &, 3, 7, 104
1, 63577, &, 0, 7, 100
1, 63578, &, 4, 7, 83
1, 63600, &, 1, 7, 90
1, 63600, {, 0, 60, 100
1, 63604, &, 3, 7, 103
1, 63613, &, 0, 7, 99
1, 63622, &, 4, 7, 82
1, 63639, &, 3, 7, 102
1, 63640, &, 1, 7, 89
1, 63650, &, 0, 7, 97
1, 63665, &, 4, 7, 81
1, 63674, &, 3, 7, 101
1, 63680, &, 1, 7, 88
1, 63686, &, 0, 7, 97
1, 63709, &, 4, 7, 80
1, 63709, &, 3, 7, 100
1, 63720, &, 1, 7, 87
1, 63722, &, 0, 7, 96
1, 63744, &, 3, 7, 99
1, 63753, &, 4, 7, 79
1, 63758, &, 0, 7, 95
1, 63760, &, 1, 7, 86
1, 63779, &, 3, 7, 98
1, 63795, &, 0, 7, 93
1, 63796, &, 4, 7, 78
1, 63800, &, 1, 7, 85
1, 63814, &, 3, 7, 97
1, 63831, &, 0, 7, 93
1, 63840, }, 1, 72, 64
1, 63840, }, 1, 77, 64
1, 63840, }, 4, 81, 64
1, 63840, }, 3, 69, 64
1, 63840, }, 0, 60, 64
1, 63840, {, 4, 84, 100
1, 63840, &, 4, 7, 77
1, 63840, {, 1, 77, 100
1, 63840, {, 1, 81, 100
1, 63840, &, 1, 7, 84
1, 63840, {, 3, 72, 100
1, 63840, {, 0, 69, 100
1, 63849, &, 3, 7, 96
1, 63867, &, 0, 7, 92
1, 63880, &, 1, 7, 83
1, 63883, &, 4, 7, 76
1, 63883, &, 3, 7, 95
1, 63903, &, 0, 7, 91
1, 63918, &, 3, 7, 94
1, 63920, &, 1, 7, 82
1, 63927, &, 4, 7, 75
1, 63939, &, 0, 7, 90
1, 63953, &, 3, 7, 93
1, 63960, &, 1, 7, 81
1, 63971, &, 4, 7, 74
1, 63976, &, 0, 7, 89
1, 63988, &, 3, 7, 92
1, 64000, &, 1, 7, 80
1, 64012, &, 0, 7, 88
1, 64014, &, 4, 7, 73
1, 64023, &, 3, 7, 91
1, 64040, &, 1, 7, 79
1, 64048, &, 0, 7, 87
1, 64058, &, 4, 7, 72
1, 64058, &, 3, 7, 90
1, 64080, &, 1, 7, 78
1, 64084, &, 0, 7, 86
1, 64093, &, 3, 7, 89
1, 64102, &, 4, 7, 71
1, 64120, &, 1, 7, 77
1, 64121, &, 0, 7, 85
1, 64128, &, 3, 7, 88
1, 64145, &, 4, 7, 70
1, 64157, &, 0, 7, 84
1, 64160, &, 1, 7, 76
1, 64163, &, 3, 7, 87
1, 64189, &, 4, 7, 69
1, 64193, &, 0, 7, 83
1, 64198, &, 3, 7, 86
1, 64200, &, 1, 7, 75
1, 64229, &, 0, 7, 82
1, 64232, &, 4, 7, 68
1, 64232, &, 3, 7, 85
1, 64240, &, 1, 7, 74
1, 64265, &, 0, 7, 81
1, 64267, &, 3, 7, 84
1, 64276, &, 4, 7, 67
1, 64280, &, 1, 7, 73
1, 64302, &, 0, 7, 80
1, 64302, &, 3, 7, 83
1, 64320, }, 0, 53, 64
1, 64320, }, 4, 84, 64
1, 64320, }, 1, 77, 64
1, 64320, }, 1, 81, 64
1, 64320, }, 3, 72, 64
1, 64320, }, 0, 69, 64
1, 64320, {, 4, 79, 100
1, 64320, &, 4, 7, 66
1, 64320, {, 1, 76, 100
1, 64320, {, 1, 72, 100
1, 64320, &, 1, 7, 72
1, 64320, {, 0, 48, 100
1, 64320, {, 3, 67, 100
1, 64337, &, 3, 7, 82
1, 64338, &, 0, 7, 79
1, 64360, &, 1, 7, 71
1, 64363, &, 4, 7, 65
1, 64372, &, 3, 7, 81
1, 64374, &, 0, 7, 78
1, 64400, &, 1, 7, 70
1, 64407, &, 4, 7, 64
1, 64407, &, 3, 7, 80
1, 64410, &, 0, 7, 77
1, 64440, &, 1, 7, 69
1, 64442, &, 3, 7, 79
1, 64447, &, 0, 7, 76
1, 64451, &, 4, 7, 63
1, 64477, &, 3, 7, 78
1, 64480, &, 1, 7, 68
1, 64483, &, 0, 7, 75
1, 64494, &, 4, 7, 62
1, 64512, &, 3, 7, 77
1, 64519, &, 0, 7, 74
1, 64520, &, 1, 7, 67
1, 64538, &, 4, 7, 61
1, 64547, &, 3, 7, 76
1, 64555, &, 0, 7, 73
1, 64560, &, 1, 7, 66
1, 64560, {, 0, 55, 100
1, 64582, &, 4, 7, 60
1, 64582, &, 3, 7, 75
1, 64591, &, 0, 7, 72
1, 64600, &, 1, 7, 65
1, 64616, &, 3, 7, 74
1, 64625, &, 4, 7, 59
1, 64628, &, 0, 7, 71
1, 64640, &, 1, 7, 64
1, 64651, &, 3, 7, 73
1, 64664, &, 0, 7, 70
1, 64669, &, 4, 7, 58
1, 64680, &, 1, 7, 63
1, 64686, &, 3, 7, 72
1, 64700, &, 0, 7, 69
1, 64712, &, 4, 7, 57
1, 64720, &, 1, 7, 62
1, 64721, &, 3, 7, 71
1, 64736, &, 0, 7, 68
1, 64756, &, 4, 7, 56
1, 64756, &, 3, 7, 70
1, 64760, &, 1, 7, 61
1, 64773, &, 0, 7, 67
1, 64791, &, 3, 7, 69
1, 64800, }, 4, 79, 64
1, 64800, }, 1, 76, 64
1, 64800, }, 1, 72, 64
1, 64800, }, 3, 67, 64
1, 64800, }, 0, 55, 64
1, 64800, {, 4, 77, 100
1, 64800, &, 4, 7, 55
1, 64800, {, 1, 72, 100
1, 64800, {, 1, 74, 100
1, 64800, &, 1, 7, 60
1, 64800, {, 0, 62, 100
1, 64800, {, 3, 65, 100
1, 64809, &, 0, 7, 66
1, 64826, &, 3, 7, 68
1, 64840, &, 1, 7, 59
1, 64843, &, 4, 7, 54
1, 64845, &, 0, 7, 65
1, 64861, &, 3, 7, 67
1, 64880, &, 1, 7, 58
1, 64881, &, 0, 7, 64
1, 64887, &, 4, 7, 53
1, 64896, &, 3, 7, 66
1, 64917, &, 0, 7, 63
1, 64920, &, 1, 7, 57
1, 64931, &, 4, 7, 52
1, 64931, &, 3, 7, 65
1, 64954, &, 0, 7, 62
1, 64960, &, 1, 7, 56
1, 64966, &, 3, 7, 64
1, 64974, &, 4, 7, 51
1, 64990, &, 0, 7, 61
1, 65000, &, 1, 7, 55
1, 65000, &, 3, 7, 63
1, 65018, &, 4, 7, 50
1, 65026, &, 0, 7, 60
1, 65035, &, 3, 7, 62
1, 65040, }, 4, 77, 64
1, 65040, }, 3, 65, 64
1, 65040, &, 1, 7, 54
1, 65040, {, 4, 76, 100
1, 65040, {, 3, 64, 100
1, 65061, &, 4, 7, 49
1, 65062, &, 0, 7, 59
1, 65070, &, 3, 7, 61
1, 65080, &, 1, 7, 53
1, 65099, &, 0, 7, 58
1, 65105, &, 4, 7, 48
1, 65105, &, 3, 7, 60
1, 65120, &, 1, 7, 52
1, 65135, &, 0, 7, 57
1, 65140, &, 3, 7, 59
1, 65149, &, 4, 7, 47
1, 65160, &, 1, 7, 51
1, 65171, &, 0, 7, 56
1, 65175, &, 3, 7, 58
1, 65192, &, 4, 7, 46
1, 65200, &, 1, 7, 50
1, 65207, &, 0, 7, 55
1, 65210, &, 3, 7, 57
1, 65236, &, 4, 7, 45
1, 65240, &, 1, 7, 49
1, 65243, &, 0, 7, 54
1, 65245, &, 3, 7, 56
1, 65280, }, 0, 48, 64
1, 65280, }, 1, 72, 64
1, 65280, }, 1, 74, 64
1, 65280, }, 0, 62, 64
1, 65280, }, 4, 76, 64
1, 65280, }, 3, 64, 64
1, 65280, {, 4, 74, 100
1, 65280, &, 4, 7, 44
1, 65280, {, 1, 70, 100
1, 65280, &, 1, 7, 48
1, 65280, {, 0, 46, 100
1, 65280, &, 0, 7, 53
1, 65280, {, 3, 62, 100
1, 65280, &, 3, 7, 55
1, 65315, &, 3, 7, 54
1, 65316, &, 0, 7, 52
1, 65320, &, 1, 7, 47
1, 65323, &, 4, 7, 43
1, 65349, &, 3, 7, 53
1, 65352, &, 0, 7, 51
1, 65360, &, 1, 7, 46
1, 65367, &, 4, 7, 42
1, 65384, &, 3, 7, 52
1, 65388, &, 0, 7, 50
1, 65400, &, 1, 7, 45
1, 65411, &, 4, 7, 41
1, 65419, &, 3, 7, 51
1, 65425, &, 0, 7, 49
1, 65440, &, 1, 7, 44
1, 65454, &, 4, 7, 40
1, 65454, &, 3, 7, 50
1, 65461, &, 0, 7, 48
1, 65480, &, 1, 7, 43
1, 65489, &, 3, 7, 49
1, 65497, &, 0, 7, 47
1, 65498, &, 4, 7, 39
1, 65520, &, 1, 7, 42
1, 65520, {, 0, 58, 100
1, 65524, &, 3, 7, 48
1, 65533, &, 0, 7, 46
1, 65541, &, 4, 7, 38
1, 65559, &, 3, 7, 47
1, 65560, &, 1, 7, 41
1, 65569, &, 0, 7, 45
1, 65585, &, 4, 7, 37
1, 65594, &, 3, 7, 46
1, 65600, &, 1, 7, 40
1, 65606, &, 0, 7, 44
1, 65629, &, 4, 7, 36
1, 65629, &, 3, 7, 45
1, 65640, &, 1, 7, 39
1, 65642, &, 0, 7, 43
1, 65664, &, 3, 7, 44
1, 65672, &, 4, 7, 35
1, 65678, &, 0, 7, 42
1, 65680, &, 1, 7, 38
1, 65699, &, 3, 7, 43
1, 65714, &, 0, 7, 41
1, 65716, &, 4, 7, 34
1, 65720, &, 1, 7, 37
1, 65733, &, 3, 7, 42
1, 65751, &, 0, 7, 40
1, 65760, &, 4, 7, 33
1, 65760, &, 1, 7, 36
1, 65760, &, 3, 11, 127
1, 65760, {, 0, 62, 100
1, 65767, &, 3, 11, 126
1, 65768, &, 3, 7, 41
1, 65787, &, 0, 7, 39
1, 65800, &, 1, 7, 35
1, 65803, &, 4, 7, 32
1, 65803, &, 3, 7, 40
1, 65823, &, 0, 7, 38
1, 65837, &, 3, 11, 125
1, 65838, &, 3, 7, 39
1, 65840, &, 1, 7, 34
1, 65847, &, 4, 7, 31
1, 65859, &, 0, 7, 37
1, 65872, &, 3, 11, 124
1, 65873, &, 3, 7, 38
1, 65880, &, 1, 7, 33
1, 65891, &, 4, 7, 30
1, 65895, &, 0, 7, 36
1, 65900, &, 3, 11, 123
1, 65908, &, 3, 7, 37
1, 65914, &, 3, 11, 122
1, 65920, &, 1, 7, 32
1, 65932, &, 0, 7, 35
1, 65934, &, 4, 7, 29
1, 65935, &, 3, 11, 121
1, 65943, &, 3, 7, 36
1, 65949, &, 3, 11, 120
1, 65960, &, 1, 7, 31
1, 65968, &, 0, 7, 34
1, 65970, &, 3, 11, 119
1, 65978, &, 4, 7, 28
1, 65978, &, 3, 7, 35
1, 65984, &, 3, 11, 118
1, 65998, &, 3, 11, 117
1, 66000, &, 1, 7, 30
1, 66000, {, 0, 65, 100
1, 66004, &, 0, 7, 33
1, 66005, &, 3, 11, 116
1, 66013, &, 3, 7, 34
1, 66019, &, 3, 11, 115
1, 66021, &, 4, 7, 27
1, 66033, &, 3, 11, 114
1, 66040, &, 1, 7, 29
1, 66040, &, 0, 7, 32
1, 66040, &, 3, 11, 113
1, 66048, &, 3, 7, 33
1, 66054, &, 3, 11, 112
1, 66061, &, 3, 11, 111
1, 66065, &, 4, 7, 26
1, 66075, &, 3, 11, 110
1, 66077, &, 0, 7, 31
1, 66080, &, 1, 7, 28
1, 66082, &, 3, 11, 109
1, 66083, &, 3, 7, 32
1, 66089, &, 3, 11, 108
1, 66103, &, 3, 11, 107
1, 66109, &, 4, 7, 25
1, 66110, &, 3, 11, 106
1, 66113, &, 0, 7, 30
1, 66117, &, 3, 11, 105
1, 66117, &, 3, 7, 31
1, 66120, &, 1, 7, 27
1, 66124, &, 3, 11, 104
1, 66131, &, 3, 11, 103
1, 66138, &, 3, 11, 102
1, 66149, &, 0, 7, 29
1, 66152, &, 4, 7, 24
1, 66152, &, 3, 11, 101
1, 66152, &, 3, 7, 30
1, 66159, &, 3, 11, 100
1, 66160, &, 1, 7, 26
1, 66166, &, 3, 11, 99
1, 66173, &, 3, 11, 98
1, 66180, &, 3, 11, 97
1, 66185, &, 0, 7, 28
1, 66187, &, 3, 11, 96
1, 66187, &, 3, 7, 29
1, 66194, &, 3, 11, 95
1, 66196, &, 4, 7, 23
1, 66200, &, 1, 7, 25
1, 66201, &, 3, 11, 94
1, 66208, &, 3, 11, 93
1, 66215, &, 3, 11, 92
1, 66221, &, 0, 7, 27
1, 66222, &, 3, 11, 91
1, 66222, &, 3, 7, 28
1, 66229, &, 3, 11, 90
1, 66236, &, 3, 11, 88
1, 66240, }, 1, 70, 64
1, 66240, &, 4, 7, 22
1, 66240, {, 1, 70, 100
1, 66240, &, 1, 7, 24
1, 66243, &, 3, 11, 87
1, 66250, &, 3, 11, 86
1, 66257, &, 3, 11, 85
1, 66257, &, 3, 7, 27
1, 66258, &, 0, 7, 26
1, 66264, &, 3, 11, 84
1, 66271, &, 3, 11, 83
1, 66278, &, 3, 11, 81
1, 66280, &, 1, 7, 23
1, 66283, &, 4, 7, 21
1, 66285, &, 3, 11, 80
1, 66292, &, 3, 11, 79
1, 66292, &, 3, 7, 26
1, 66294, &, 0, 7, 25
1, 66299, &, 3, 11, 78
1, 66306, &, 3, 11, 76
1, 66313, &, 3, 11, 75
1, 66320, &, 1, 7, 22
1, 66320, &, 3, 11, 74
1, 66327, &, 4, 7, 20
1, 66327, &, 3, 11, 72
1, 66327, &, 3, 7, 25
1, 66330, &, 0, 7, 24
1, 66334, &, 3, 11, 71
1, 66341, &, 3, 11, 70
1, 66348, &, 3, 11, 68
1, 66355, &, 3, 11, 67
1, 66360, &, 1, 7, 21
1, 66362, &, 3, 11, 66
1, 66362, &, 3, 7, 24
1, 66366, &, 0, 7, 23
1, 66369, &, 3, 11, 64
1, 66370, &, 4, 7, 19
1, 66376, &, 3, 11, 63
1, 66383, &, 3, 11, 61
1, 66390, &, 3, 11, 60
1, 66397, &, 3, 11, 58
1, 66397, &, 3, 7, 23
1, 66400, &, 1, 7, 20
1, 66403, &, 0, 7, 22
1, 66404, &, 3, 11, 57
1, 66411, &, 3, 11, 55
1, 66414, &, 4, 7, 18
1, 66418, &, 3, 11, 54
1, 66425, &, 3, 11, 52
1, 66432, &, 3, 11, 51
1, 66432, &, 3, 7, 22
1, 66439, &, 0, 7, 21
1, 66439, &, 3, 11, 49
1, 66440, &, 1, 7, 19
1, 66446, &, 3, 11, 47
1, 66453, &, 3, 11, 46
1, 66458, &, 4, 7, 17
1, 66460, &, 3, 11, 44
1, 66466, &, 3, 7, 21
1, 66467, &, 3, 11, 43
1, 66474, &, 3, 11, 41
1, 66475, &, 0, 7, 20
1, 66480, }, 3, 62, 64
1, 66480, &, 3, 11, 40
1, 66480, {, 1, 74, 100
1, 66480, &, 1, 7, 18
1, 66501, &, 4, 7, 16
1, 66501, &, 3, 7, 20
1, 66511, &, 0, 7, 19
1, 66520, &, 1, 7, 17
1, 66536, &, 3, 7, 19
1, 66545, &, 4, 7, 15
1, 66547, &, 0, 7, 18
1, 66560, &, 1, 7, 16
1, 66571, &, 3, 7, 18
1, 66584, &, 0, 7, 17
1, 66589, &, 4, 7, 14
1, 66600, &, 1, 7, 15
1, 66606, &, 3, 7, 17
1, 66620, &, 0, 7, 16
1, 66632, &, 4, 7, 13
1, 66640, &, 1, 7, 14
1, 66641, &, 3, 7, 16
1, 66656, &, 0, 7, 15
1, 66676, &, 4, 7, 12
1, 66676, &, 3, 7, 15
1, 66680, &, 1, 7, 13
1, 66692, &, 0, 7, 14
1, 66711, &, 3, 7, 14
1, 66720, }, 4, 74, 64
1, 66720, &, 1, 7, 12
1, 66720, &, 3, 11, 127
1, 66720, {, 4, 77, 100
1, 66720, &, 4, 7, 11
1, 66720, {, 3, 65, 100
1, 66729, &, 0, 7, 13
1, 66746, &, 3, 7, 13
1, 66760, &, 1, 7, 11
1, 66763, &, 4, 7, 10
1, 66765, &, 0, 7, 12
1, 66781, &, 3, 7, 12
1, 66800, &, 1, 7, 10
1, 66801, &, 0, 7, 11
1, 66807, &, 4, 7, 9
1, 66816, &, 3, 7, 11
1, 66837, &, 0, 7, 10
1, 66840, &, 1, 7, 9
1, 66850, &, 4, 7, 8
1, 66850, &, 3, 7, 10
1, 66873, &, 0, 7, 9
1, 66880, &, 1, 7, 8
1, 66885, &, 3, 7, 9
1, 66894, &, 4, 7, 7
1, 66910, &, 0, 7, 8
1, 66920, &, 1, 7, 7
1, 66920, &, 3, 7, 8
1, 66938, &, 4, 7, 6
1, 66946, &, 0, 7, 7
1, 66955, &, 3, 7, 7
1, 66960, }, 4, 77, 64
1, 66960, }, 3, 65, 64
1, 66960, &, 1, 7, 6
1, 66960, {, 4, 79, 100
1, 66960, {, 3, 67, 100
1, 66981, &, 4, 7, 5
1, 66982, &, 0, 7, 6
1, 66990, &, 3, 7, 6
1, 67000, &, 1, 7, 5
1, 67018, &, 0, 7, 5
1, 67025, &, 4, 7, 4
1, 67025, &, 3, 7, 5
1, 67040, &, 1, 7, 4
1, 67055, &, 0, 7, 4
1, 67060, &, 3, 7, 4
1, 67069, &, 4, 7, 3
1, 67080, &, 1, 7, 3
1, 67091, &, 0, 7, 3
1, 67095, &, 3, 7, 3
1, 67112, &, 4, 7, 2
1, 67120, &, 1, 7, 2
1, 67127, &, 0, 7, 2
1, 67130, &, 3, 7, 2
1, 67156, &, 4, 7, 1
1, 67160, &, 1, 7, 1
1, 67163, &, 0, 7, 1
1, 67165, &, 3, 7, 1
1, 67199, &, 4, 7, 0
1, 67199, &, 1, 7, 0
1, 67199, &, 0, 7, 0
1, 67199, &, 3, 7, 0
1, 67200, \
0, 0, >

