Here I am training the text generator on the input text. Please wait...

aSt"
4, 68, &, 7, 0, 0
13, 0, &, 11, 99, 1
16, 0, &, 14, 91, 42
1, 0, ;, 1, 48
1, 0, &, 4, 6, 81
1, 0, &, 2, 10, 30
1, 0, &, 4, 8, 0
1, 0, &, 3, 99, 1
1, 0, &, 2, 101, 126
5, 44720, &, 3, 11, 123
5, 44990, &, 3, 11, 113
5, 45046, &, 3, 11, 60
5, 31100, &, 3, 11, 11
5, 32240, &, 3, 11, 94
5, 32835, &, 3, 11, 24
5, 33220, &, 3, 11, 81
5, 33000, &, 3, 11, 95
5, 33320, &, 3, 11, 45
5, 33700, &, 3, 11, 52
5, 33840, &, 2, 7, 96
5, 33925, &, 3, 102, 30
4, 60318, {, 2, 66, 3, 0, 0
1, 1950029, }, 5, 0, 0
1, 1950029, }, 5, 0, 0
1, 1950029, }, 5, 0, 0
1, 1950029, }, 5, 0, 0
1, 1950029, }, 5, 0, 0
1, 1950029, }, 5, 0, 0
1, 90469, {, 7, 65, 0
1, 67689, {, 7, 72, 0
1, 67647, {, 7, 64, 0
9, 24200, {, 7, 64, 50
9, 24218, {, 5, 111
2, 27436, {, 0, 62, 75
2, 27420, {, 0, 64, 71
2, 29536, {, 0, 64, 0
2, 27680, {, 0, 64, 110
2, 17872, {, 0, 65, 0
2, 17728, {, 0, 66, 75
2, 19666, {, 0, 68, 0
2, 15528, {, 0, 68, 75
2, 2398, 65, 81
9, 19800, {, 7, 67, 80
9, 15298, {, 7, 67, 0
9, 2360, {, 7, 66, 79
9, 2558, {, 7, 69, 0
9, 4160, {, 7, 69, 50
9, 4218, {, 7, 65, 0
9, 6480, {, 7, 67, 80
9, 6080, {, 7, 66, 51
9, 8238, {, 7, 67, 0
9, 8400, {, 7, 69, 79
9, 6458, {, 7, 69, 0
9, 4220, {, 7, 47, 50
9, 4278, {, 7, 71, 0
9, 4430, {, 7, 78, 0
9, 4720, {, 7, 73, 52
9, 4439, {, 7, 73, 0
9, 5120, {, 7, 73, 80
9, 5026, {, 7, 71, 0
9, 7980, {, 7, 66, 81
9, 3518, {, 7, 66, 0
9, 3680, {, 7, 67, 0
9, 5180, {, 7, 66, 90
9, 3006, {, 7, 64, 0
9, 7680, {, 7, 64, 79
9, 7318, {, 7, 67, 0
9, 8940, {, 7, 64, 81
9, 7278, {, 7, 69, 0
9, 3200, {, 7, 69, 80
9, 3028, {, 7, 67, 50
9, 5258, {, 7, 62, 0
9, 3432, {, 7, 67, 79
9, 3218, {, 7, 66, 0
9, 3180, {, 7, 69, 80
9, 3158, {, 7, 71, 0
9, 5340, {, 7, 74, 79
9, 9598, {, 7, 73, 0
9, 5120, {, 7, 68, 107
9, 3060, {, 7, 73, 80
9, 7918, {, 7, 69, 0
9, 7740, {, 7, 61, 50
9, 7738, {, 7, 65, 0
9, 8020, {, 7, 71, 50
9, 6398, {, 7, 71, 0
9, 6480, {, 7, 64, 78
9, 8238, {, 7, 69, 0
9, 8240, {, 7, 73, 58
9, 4138, {, 7, 73, 0
9, 4280, {, 7, 76, 80
9, 4218, {, 7, 78, 0
9, 4080, {, 7, 78, 57
9, 4618, {, 7, 83, 0
9, 4800, {, 7, 74, 79
9, 8918, {, 7, 71, 0
9, 6920, {, 7, 71, 46
9, 7158, {, 7, 72, 0
9, 7220, {, 7, 83, 52
9, 7258, {, 7, 85, 0
9, 9040, {, 7, 78, 58
9, 7310, {, 7, 73, 0
9, 7090, {, 7, 69, 0
8, 13360, {, 6, 65, 50
8, 17158, {, 6, 65, 0
8, 18726, {, 6, 64, 0
8, 16038, {, 6, 67, 0
8, 18300, 38, 127
2, 163040, {, 9, 46, 61
2, 1831, 18, 11, 80
15, 1000, &, 12, 11, 123
15, 1320, &, 12, 11, 42
13, 617, &, 12, 11, 122
14, 800, &, 15, 11, 48
17, 480, &, 14, 11, 100
17, 600, &, 12, 11, 54
13, 480
1, 147628, &, 4, 7, 10
1, 148010, &, 1, 7, 101
1, 148360, &, 1, 7, 96
1, 148510, {, 9, 42, 100
11, 62864, {, 10, 82, 109
11, 63360, {, 10, 77, 69
11, 63704, {, 10, 83, 100
11, 65214, &, 7, 7, 83
11, 65216, &, 7, 7, 73
11, 65426, &, 7, 7, 57
11, 66960, &, 7, 7, 47
11, 66931, &, 7, 7, 78
11, 65721, &, 7, 7, 46
11, 66995, &, 7, 7, 98
11, 68275, &, 7, 7, 91
11, 68285, &, 7, 7, 108
11, 680912, {, 4, 81, 100
10, 152624, ;, 4, 80
10, 155280, {, 4, 78, 53
10, 157736, ;, 4, 80
10, 157296, {, 4, 66, 56
10, 156630, {, 4, 80, 0
10, 156878, {, 4, 81, 0
10, 157624, ;, 4, 81
10, 156472, {, 4, 81, 90
10, 156632, ;, 4, 80
10, 157680, {, 4, 64, 58
10, 158981, {, 4, 81, 0
10, 157560, {, 4, 78, 101
10, 199624, ;, 4, 80
10, 155712, {, 3, 66, 127
12, 62588, {, 3, 67, 125
12, 62120, {, 30
4, 19920, &, 1, 10, 44
4, 18960, {, 1, 65, 127
4, 19200, {, 1, 69, 127
4, 17920, {, 1, 67, 72
4, 25400, {, 2, 79, 100
4, 27920, {, 2, 64, 100
4, 27640, {, 2, 82, 110
4, 27840, {, 2, 81, 104
4, 280
4, 113138, &, 2, 11, 27
4, 22290, &, 2, 11, 87
4, 20200, {, 1, 50, 0
4, 20240, {, 1, 60, 127
4, 21520, {, 1, 65, 127
4, 20040, {, 1, 70, 0
4, 20360, {, 1, 67, 0
4, 20320, &, 1, 11, 34
3, 20397, {, 1, 62, 0
3, 20171, {, 1, 65, 0
3, 21840, {, 1, 65, 120
3, 21520, {, 1, 67, 70
3, 21583, {, 1, 40, 0
3, 22269, {, 1, 47, 0
3, 22342, {, 1, 60, 0
3, 22202, {, 1, 63, 0
3, 22000, {, 1, 53, 110
3, 22200, {, 1, 65, 110
3, 22086, {, 1, 67, 0
3, 22422, {, 1, 530, &, 2, 11, 22
4, 18360, &, 1, 10, 64
4, 18272, {, 2, 76, 75
4, 16678, {, 2, 99, 0
4, 16780, {, 2, 94259815, }, 2, 70, 0
1, 48360, }, 4, 79, 0
1, 48640, }, 5, 62, 0
1, 70840, {, 1, 77, 120
1, 72680, {, 1, 58, 120
1, 71960, {, 1, 50, 120
1, 70320, {, 5, 62, 120
1, 70040, {, 1, 58, 120
1, 70440, }, 5, 53, 0
1, 70360, }, 5, 62, 0
1, 71900, {, 1, 58, 120
1, 70840, {, 0, 66, 120
1, 70600, {, 5, 56, 120
1, 70760, {, 10, 63, 120
1, 70840, {, 5, 53, 120
1, 70680, {, 0, 76, 120
1, 72680, {, 5, 58, 120
1, 73320, {, 0, 69, 120
1, 73000, }, 0, 67, 0
1, 74220, }, 2, 53, 0
1, 74480, }, 10, 47, 0
1, 74480, }, 1, 54, 0
1, 70440, }, 10, 53, 0
1, 73600, }, 0, 65, 0
1, 73800, 3840, {, 0, 55, 75
2, 88814, {, 0, 57, 0
2, 48832, {, 0, 67, 75
2, 47362, {, 0, 66, 0
2, 45936, {, 0, 59, 75
2, 30434, {, 0, 59, 0
2, 32920, {, 0, 67, 75
2, 33026, {, 0, 71, 0
2, 33656, {, 0, 88, 69
8, 35918, {, 0, 83, 0
8, 35216, {, 0, 86, 83
8, 35694, {, 0, 84, 0
8, 35184, {, 0, 79, 65
8, 37618, {, 8, 43, 0
4, 38968, {, 8, 42, 126
4, 39672, {, 8, 40, 0
4, 39128, {, 8, 35, 101
4, 39112, {, 8, 35, 0
4, 39376, {, 8, 40, 123
4, 37580, {, 8, 40, 0
4, 37792, {, 8, 35, 69
4, 35666, {, 8, 35, 0
4, 35600, {, 8, 26, 103
2, 3442240, {, 0, 60, 90
2, 17520, {, 0, 65, 0, &, 2, 7, 100
4, 23830, &, 2, 7, 100
4, 19890, &, 2, 7, 100
4, 19810, &, 2, 7, 99
4, 15580, &, 2, 7, 80
4, 15880, &, 2, 7, 100
4, 15870, &, 2, 7, 100
4, 2340, {, 2, 77, 110
4, 2860, {, 2, 87, 0
4, 2480, {, 2, 89, 11
4, 151, &, 4, 7, 72
1, 65209, &, 0, 7, 83
1, 63824, &, 0, 7, 60
1, 64182, &, 3, 11, 95
1, 60939, &, 3, 7, 76
1, 64428, &, 0, 7, 85
1, 64419, &, 49502, {, 8, 38, 0
4, 51264, {, 8, 36, 101
4, 52300, {, 8, 35, 0
4, 50384, {, 8, 31, 118
4, 52388, {, 8, 35, 0
4, 52480, {, 8, 36, 95
4, 52522, {, 8, 37, 0
4, 52592, {, 8, 35, 104
4, 50
8, 76960, }, 6, 69, 64
8, 75592, {, 6, 74, 79
8, 78592, }, 6, 72, 64
8, 78896, {, 6, 86, 107
8, 78944, }, 6, 83, 64
8, 56224, {, 6, 79, 110
8, 86624, }, 6, 89, 64
8, 86480, {, 6, 81, 108
8, 85120, }, 6, 87, 64
8, 87280, {, 6, 80, 116
8, 88096, }, 6, 79, 64
8, 88608, {, 6, 72, 90
8, 88031, 110
1, 92560, &, 0, 7, 71
1, 155150, &, 14, 7, 38
1, 155343, {, 7, 57, 0
1, 157509, {, 7, 57, 0
1, 66010, {, 2, 79, 0
1, 66098, {, 13, 48, 0
1, 66034, +, 4, 7425
1, 86598, %, 48319
1, 137915, {, 7, 62, 0
1, 139998, {, 11, 78, 0
1, 61376, {, 15, 67, 0
1, 61529, {, 7, 64, 0
1, 60591, {, 2, 57, 0
1, 80320, {, 5, 60, 100
1, 86160, {, 7, 69, 0
1, 86320, &, 12, 1, 3
1, 68861, {, 2, 67, 0
1, 68002, {, 4, 53, 0
1, 66228, {, 7, 79, 0
1, 63010, {, 2, 69, 0
1, 60910, {, 2, 74, 0
1, 64395, {, 2, 64, 0
1, 64560, {, 4, 58, 73
1, 64641, {, 7, 62, 0
1, 65369, {, 7, 62, 0
1, 91009, {, 7, 58, 0
1, 67762, {, 2, 67, 0
1, 67012, {, 5, 62, 0
1, 65840, }, 2, 69, 0
1, 67280, {, 1, 62, 120
1, 67320, {, 2, 72, 120
1, 67160, {, 5, 55, 120
1, 6740, {, 3, 76, 10
5, 39458, {, 3, 67, 0
5, 38920, {, 3, 64, 10
5, 39374, {, 3, 53, 0
5, 39808, {, 3, 60, 10
5, 39222, {, 3, 66, 0
5, 39232, {, 3, 64, 10
5, 38922, {, 3, 64, 0
5, 39528, {, 3, 59, 10
5, 39398, {, 3, 59, 0
5, 39176, {, 3, 67, 10
5, 39222, {, 3, 67, 0
5, 37928, {, 3, 67, 10
5, 0, ~, "Starnt 8, 85, 110
9, 58482, {, 8, 64, 0
9, 58432, {, 8, 57, 127
9, 53720, {, 8, 56, 0
9, 50248, {, 8, 56, 127
9, 52104, {, 8, 58, 0
9, 54176, {, 8, 60, 127
9, 54230, {, 8, 61, 0
9, 53840, {, 8, 59, 127
9, 53704, {, 8, 57, 0
9, 54528, {, 8, 56, 127
9, 54184, {, 8, 55, 0
9, 54264, {, 8, 45, 92
7, 54944, {, 4, 63, 0
7, 38924, {, 4, 83, 0
7, 38624, {, 4, 88, 92
7, 37950, {, 4, 79, 0
7, 37200, {, 4, 71, 92
7, 37430, {, 4, 70, 0
7, 39792, {, 4, 74, 92
9, 37918, {, 7, 69, 0
9, 35982, {, 7, 69, 0
9, 53920, {, 7, 66, 49
9, 36318, {, 7, 64, 0
9, 3400
2, 47200, {, 0, 44, 100
2, 31360, {, 0, 64, 0
2, 31320, {, 0, 62, 100
2, 43900, {, 0, 65, 115
2, 45080, {, 0, 67, 0
3, 47040, {, 0, 62, 127
3, 452271, 82
15, 15887, {, 12, 29, 0
14, 19900, {, 12, 29, 110
14, 19924, {, 12, 29, 0
14, 19920, {, 12, 29, 110
14, 25481, {, 12, 57, 0
15, 25920, {, 13, 77, 120
15, 8560, {, 13, 53, 0
15, 8320, {, 13, 54, 100
4, 9272, {, 2, 77, 0
4, 7440, {, 2, 97, 110
5, 0, &, 3, 10, 33
5, 0, ;, 3, 40
5, 350, &, 3, 10, 32
5, 5220, {, 3, 74, 110
5, 5360, {, 3, 64, 0
5, 5440, {, 3, 60, 100
5, 5640, {, 3, 62, 0
5, 3880, {, 3, 55, 101
5, 5256, {, 3, 59, 10
5, 5110, {, 3, 59, 0
5, 5088, {, 3, 67, 10
5, 3226, 31
2, 33670, {, 0, 63, 0
2, 33968, {, 0, 61, 75
2, 35234, {, 0, 67, 0
2, 9088, {, 0, 59, 0
2, 9440, {, 0, 58, 110
2, 7096
3, 3160, {, 1, 55, 0
3, 3160, {, 1, 67, 90
3, 9720, {, 1, 75, 96
3, 78
1, 152610, &, 4, 7, 30
1, 62620, &, 0, 7, 70
1, 64257, &, 3, 7, 50
1, 64403, &, 3, 7, 72
1, 64327, &, 3, 7, 58
1, 64040, &, 1, 7, 79
1, 64434, &, 0, 7, 80
1, 647059, &, 4, 6, 74
1, 645722, &, 4, 7, 105
1, 64800, &, 3, 11, 125
1, 80923, &, 3, 7, 83
1, 43148, &, 0, 7, 20
1, 43296, &, 3, 7, 77
1, 43363, &, 3, 7, 36
1, 43904, &, 1, 7, 56
1, 44384, &, 8, 7, 67
1, 43008, %, 370953
1, 20171, %, 366400
1, 9320, #
2, 163720, {, 9, 42, 0
2, 163296, {, 9, 40, 127
2, 183688, {, 9, 46, 81
2, 183538, {, 9, 46, 0
2, 172000, {, 9, 40, 97
2, 171712, {, 9, 40, 112
2, 172772, {, 9, 40, 94
2, 173302, {, 9, 55, 0
2, 174524, {, 9, 42, 0
2, 1727842, {, 1, 60, 0
3, 3020, {, 1, 57, 0
3, 7600, {, 1, 63, 86
3, 3360, {, 1, 77, 0
3, 4800, {, 1, 60, 100
3, 4998, {, 1, 60, 0
3, 6936, {, 1, 59, 45
3, 7044, {, 1, 59, 0
3, 7364, {, 1, 63, 0
3, 7408, {, 1, 67, 96
3, 7600, {, 1, 75, 86
3, 7600, {, 1, 77, 0
3, 8960, {, 1, 57, 110
3, 6864, {, 1, 66, 0
3, 6992, {, 1, 63, 45
3, 7326, {, {, 3, 48, 100
5, 49720, {, 3, 50, 80
5, 49360, {, 3, 62, 127
7, 49440, {, 3, 60, 0
6, 48960, 9, 0
4, 25760, {, 2, 87, 10
4, 25918, {, 2, 437350, &, 6, 11, 79
7, 29475, &, 6, 7, 117
7, 29440, {, 6, 57, 0
7, 29408, {, 6, 74, 111
7, 29856, 684, {, 6, 71, 0
7, 21840, {, 6, 67, 96
7, 21038, &, 6, 7, 91
7, 21520, {, 6, 75, 0
7, 21728, &, 4, 7, 100
7, 22292, &, 6, 7, 126
7, 22552, {, 6, 55, 0
7, 23088, {, 6, 60, 100
7, 23470, {, 4, 28, 0
7, 23528, {, 6, 74, 119
7, 19859, &, 6, 7, 90
7, 19956, {, 6, 78, 0
7, 13840, {, 6, 68, 122
7, 13922, &, 6, 7, 104
7, 15016, {, 6, 78, 0
7, 15176, {, 6, 79, 116
7, 15265, &, 6, 7, 94
7, 15568, &, 6, 7, 124
7, 23844, {, 6, 95, 0
7, 23984, {, 6, 83, 109
7, 24412, &, 6, 7, 100
7, 24808, {, 6, 75, 0
7, 24824, {, 6, 78, 96
7, 24969, &, 6, 7, 97
7, 23080, {, 6, 82, 0
7, 17972, {, 6, 88, 0
7, 15264, {, 6, 84, 106
7, 15432, &, 6, 7, 100
7, 15928, {, 6, 83, 0
7, 6192, {, 6, 83, 106
7, 42688, {, 2, 83, 118
4, 31687, {, 2, 86, 0
4, 32791, {, 2, 81, 0
4, 32784, {, 2, 86, 10
4, 34350, {, 2, 97, 0
4, 36320, {, 2, 87, 113
4, 36214, {, 2, 83, 0
4, 34840, {, 2, 83, 100
4, 35360, {, 2, 86, 95
4, 35540, {, 2, 75, 113
4, 34722, {, 2, 67, 0
4, 34992, {, 2, 60, 30
4, 34822, {, 2, 60, 0
4, 34336, {, 2, 59, 30
4, 34670, {, 2, 59, 0
4, 34184, {, 2, 67, 30
4, 34390, {, 2, 67, 0
4, 345438, {, 4, 71, 0
10, 3820, {, 8, 33, 116
10, 10227, {, 8, 44, 0
10, 18200, &, 12, 11, 69
14, 10580, &, 12, 11, 20
14, 10475, &, 12, 11, 122
14, 10345, &, 12, 11, 126
14, 10
1, 25664, &, 3, 11, 107
1, 25636, &, 3, 11, 74
1, 25846, &, 2, 11, 96
1, 43503, &, 3, 11, 77
1, 43242, &, 3, 11, 74
1, 43458, &, 3, 11, 90
1, 43854, &, 3, 11, 143
1, 25829, &, 2, 11, 116
1, 23809, &, 2, 11, 100
1, 25315, &, 3, 11, 82
1, 25578, &, 8, 11, 87
1, 25418, &, 9, 11, 90
1, 25428, &, 9, 11, 7
1, 25538, &, 9, 11, 3
1, 25785, &, 9, 11, 22
1, 23984, &, 9, 11, 57
1, 25140, {, 7, 59, 0
1, 25391, {, 7, 69, 0
1, 25443, {, 7, 65, 0
1, 2594
7, 3896, {, 4, 46, 92
7, 3978, {, 4, 63, 0
7, 4008, {, 4, 61, 92
7, 8146, {, 4, 66, 0
7, 8488, {, 4, 85, 126
7, 8984, &, 4, 64, 127
7, 8880, {, 4, 67, 92
7, 7298, {, 4, 71, 0
7, 7472, {, 4, 86, 92
7, 8818, {, 4, 87, 0
7, 4623, {, 4, 95510, }, 10, 87, 64
11, 239240, }, 9, 31, 64
11, 298144, {, 9, 31, 64
11, 297328, }, 9, 31, 64
11, 252912, }, 9, 40, 64
11, 256064, }, 9, 35, 64
11, 42412, }, 9, 31, 64
11, 42456, }, 9, 40, 64
11, 42224, }, 9, 31, 64
11, 41752, }, 9, 36, 64
11, 42368, }, 9, 31, 64
11, 41408, }, 9, 31, 64
11, 42208, }, 9, 36, 64
11, 41696, }, 9, 36, 64
11, 41816, {, 9, 31, 96
11, 41520, {, 9, 36, 110
11, 40480, {, 9, 35, 110
11, 40696, {, 9, 40, 110
11, 42732, {, 9, 44, 110
11, 43224, }, 9, 44, 64
11, 43864, }, 9, 31, 64
11, 45024, }, 9, 35, 64
11, 47624, }, 9, 36, 64
11, 49120, }, 9, 31, 64
11, 47880, }, 9, 46, 64
11, 49520, {, 6, 78, 0
8, 17500, {, 6, 87, 79
8, 17380, {, 5, 76, 0
7, 19240, {, 5, 88, 110
7, 19520, {, 5, 81, 100
7, 15360, {, 5, 76, 100
7, 15360, {, 5, 94610, {, 12, 75, 0
1, 18538, {, 8, 42640, {, 3, 69, 127
7, 40520, {, 3, 69, 0
7, 40535, &, 4, 11, 85
6, 40290, &, 4, 11, 84
6, 40320, &, 2, 11, 45
6, 4, 0
2, 35040, {, 0, 58, 117
2, 35096, {, 0, 74, 127
2, 33930, {, 0, 79, 0
4, 33600, {, 2, 85, 0
4, 33820, {, 2, 85, 10
4, 33188, {, 2, 77, 0
4, 33280, {, 2, 67, 0
4, 33680, {, 2, 94, 123
4, 4633, 2, 81, 0
10, 11238, {, 4, 76, 0
10, 11408, {, 4, 67, 107
10, 11568, {, 4, 71, 78
10, 10296, {, 4, 76, 78
10, 16120, {, 4, 71, 87
10, 16320, {, 4, 76, 75
10, 16583, {, 4, 71, 0
10, 16548, {, 4, 79, 0
10, 18432, {, 4, 71, 74
10, 18408, {, 4, 71, 77
10, 18256, {, 4, 80, {, 0, 64, 110
3, 13136, {, 0, 65, 110
3, 13704, {, 0, 67, 110
3, 15760, {, 0, 86, 0
3, 17840, {, 0, 60, 127
3, 19188, {, 0, 57, 0
3, 19600, {, 0, 74, 110
4, 15520, {, 2, 75, 97
4, 23850, {, 2, 72, 0
4, 19824, {, 2, 63, 0
4, 15417, {, 2, 82
8, 7674, {, 0, 78, 0
2, 60
8, 6960, {, 6, 85, 79
8, 7200, {, 6, 87, 48
8, 7140, {, 6, 85, 80
8, 7298, {, 6, 81, 0
8, 7338, {, 6, 86, 0
8, 7098, {, 6, 81, 0
8, 7418, {, 6, 78, 0
8, 3040, {, 6, 78, 80
8, 5398, {, 6, 78, 0
8, 540, 0
7, 5502, &, 4, 7, 24
6, 810, {, 2, 52, 127
4, 4160, {, 2, 26, 127
4, 6400, {, 2, 58, 127
4, 6604, {, 2, 50, 0
4, 4640, {, 2, 26, 127
4, 4800, {, 2, 50, 0
4, 4584, {, 2, 50
4, 48024, {, 2, 79, 0
4, 45440, {, 2, 71, 100
4, 31040, {, 2, 86, 0
4, 31040, {, 2, 952190, {, 3, 67, 80
5, 29340, {, 3, 77, 82
5, 28990, {, 3, 67, 0
5, 28921, {, 3, 67, 0
5, 28631, {, 3, 67, 0
5, 28672, {, 3, 62, 10
5, 28806, {, 3, 62, 0
5, 28944, {, 3, 59, 10
5, 29262, 1, 26992, {, 2, 56, 30
4, 27902, {, 2, 57, 0
4, 23728, {, 2, 63, 30
4, 23462, {, 2, 63, 0
4, 18672, {, 2, 66, 30
4, 17214, {, 2, 64, 0
4, 17320, {, 2, 56, 30
4, 17550, {, 2, 59, 0
4, 19392, {, 2, 62, 30
4, 19438, {, 2, 62, 0
4, 19672, {, 2, 59, 30
4, 19758, {, 2, 59, 0
4, 17984, {, 2, 59, 30
4, 19794, {, 2, 59, 0
4, 25136, {, 2, 66, 30
4, 23534, {, 2, 97, 0
4, 23440, {, 2, 99, 0
4, 23430, {, 2, 89, 0
4, 23500, {, 2, 85, 50
4, 23462, {, 2, 99, 0
4, 19840, {, 2, 96, 47
4, 19478, {, 2, 99, 0
4, 23880, {, 2, 99, 127
4, 19926, {, 2, 92, 0
4, 17800, {, 2, 99, 48, 8
1, 59560, }, 6, 53, 0
1, 59140, {, 9, 51, 760
1, 117760, {, 9, 49, 78
1, 112720, {, 10, 45, 32
1, 21000, }, 0, 67, 64
1, 21000, }, 2, 883136027, {, 7, 75, 0
9, 20480, {, 7, 64, 115
9, 20248, {, 8, 55, 0
9, 21952, {, 8, 61, 127
9, 220, 0
1, 62235, {, 11, 72, 0
1, 60095, {, 11, 67, 0
1, 60000, {, 3, 55, 120
1, 82640, {, 10, 57, 120
1, 60840, {, 10, 58, 120
1, 60120, {, 0, 81, 120
1, 61240, }, 5, 58, 0
1, 61200, }, 1, 53, 0
1, 82200, }, 1, 60, 0
1, 81400, }, 5, 58, 0
1, 82280, }, 0, 67, 0
1, 60800, {, 1, 60, 120
1, 81000, {, 5, 49, 120
1, 81240, {, 0, 65, 120
1, 81120, {, 10, 50, 120
1, 81480, {, 10, 66, 120
1, 42120, {, 1, 57, 120
1, 29800, {, 10, 50, 120
1, 2800, {, 5, 53, 127
5, 17200, {, 1, 48, 127
5, 17040, {, 1, 60, 0
5, 18920, {, 1, 60, 127
5, 240000, }, 1, 47, 64
1, 27360, +, 2, 92384, {, 4, 40, 127
10, 43120, {, 8, 46, 105
10, 85320, {, 8, 43, 105
9, 42948, {, 3, 64, 0
5, 43920, {, 1, 45, 127
5, 31040, {, 1, 58, 0
5, 32700, &, 1, 11, 9
3, 33200, {, 1, 31, 115
3, 33907, {, 1, 41, 0
3, 33700, {, 1, 38, 115
3, 33689, {, 1, 3816478, {, 1, 57, 127
4, 28800, {, 1, 60, 127
4, 29240, 0
3, 40960, {, 1, 77, 0
3, 40240, {, 1, 55, 127
3, 41280, {, 1, 59, 110
3, 41120, {, 1, 65, 110
3, 43206, {, 1, 67, 0
3, 43872, {, 1, 67, 45
3, 43158, {, 1, 67, 0
3, 43232, {, 1, 63, 45
3, 43462, {, 1, 65, 0
3, 43408, {, 1, 59, 45
3, 43250, {, 1, 53, 0
3, 44216, {, 1, 57, 45
3, 44574, {, 1, 56, 0
3, 44332, {, 1, 55, 45
3, 84986, {, 1, 59, 0
3, 46408, {, 1, 67, 45
3, 48294, {, 1, 67, 0
3, 48184, {, 1, 66, 45
3, 46874, {, 1, 66, 0
3, 48576, {, 1, 63, 45
3, 45590, {, 1, 67, 0
3, 43824, {, 1, 62, 45
3, 43742, {, 1, 64, 0
3, 43584, {, 1, 63, 45
3, 42242, {, 1, 67, 0
3, 41856, {, 1, 62, 45
3, 42278, {, 1, 62, 0
3, 29536, {, 1, 61, 45
3, 25250, {, 1, 63, 0
3, 25320, {, 1, 63, 42
3, 25102, {, 1, 67, 0
3, 23824, {, 1, 67, 45
3, 25176, {, 1, 79, 0
3, 23920, {, 1, 65, 110
3, 19982, {, 1, 67, 0
3, 15872, {, 1, 64
1, 66881, &, 4, 7, 58
1, 65153, &, 0, 7, 86
1, 64743, &, 3, 11, 94
5, 86410, &, 3, 11, 62
5, 85370, &, 3, 11, 123
5, 88220, &, 3, 7, 0
5, 88840, {, 3, 73, 99
5, 48160, {, 3, 74, 110
5, 45302, {, 3, 67, 0
5, 44544, {, 3, 67, 10
5, 42814, {, 3, 64, 0
5, 43288, {, 3, 59, 10
5, 43094, {, 3, 59, 0
5, 43704, {, 3, 64, 10
5, 43926, {, 4, 63, 0
7, 30496, {, 4, 61, 92
7, 30702, {, 4, 64, 0
7, 30992, {, 4, 57, 93
7, 34054, {, 4, 62, 0
7, 34344, {, 4, 63, 92
7, 33234, {, 4, 62, 0
7, 33928, {, 4, 56, 93
7, 34724, {, 5, 71, 0
7, 34770, {, 5, 67, 0
7, 349
12, 148324, {, 3, 73, 82
12, 172091, {, 4, 78, 0
10, 146360, ;, 4, 80
10, 145832, {, 4, 68, 50
10, 147454, {, 4, 86, 0
11, 130504, {, 10, 83, 89
11, 132783, {, 10, 76, 0
11, 130940, {, 10, 65, 59
11, 133388, {, 10, 64, 0, 59, 1267, 0
4, 10996, {, 2, 67, 30
4, 14718, {, 2, 65, 0
4, 14880, {, 2, 63, 30
4, 13316, {, 2, 59, 0
4, 13928, {, 2, 66, 30
4, 1396, 0
3, 44980, {, 1, 55, 110
3, 44120, {, 1, 65, 110
3, 42986, {, 1, 83, 0
9, 42880, {, 1, 79, 56
9, 25446, {, 1, 81, 0
9, 25984, {, 1, 79, 57
9, 25666, {, 1, 79, 0
9, 25712, {, 1, 76, 79
9, 25514, {, 7, 78, 0
9, 25940, {, 7, 78, 55
9, 25838, {, 7, 78, 0
9, 8380, {, 7, 78, 50
9, 8658, {, 7, 74, 0
9, 6920, {, 7, 71, 80
9, 4898, {, 7, 71, 0
9, 4880, {, 7, 67, 50
9, 6718, {, 10758, {, 4, 78, 0
10, 123272, {, 4, 77, 118
10, 119280, {, 4, 75, 84
10, 119011, {, 4, 80, 0
10, 118924, {, 4, 76, 0
10, 113656, {, 4, 75, 72
10, 102386, {, 4, 81, 0
10, 100928, {, 4, 780, {, 4, 65, 72
1, 21120, {, 2, 64, 109
1, 21840, {, 6, 75, 100
1, 21760, {, 7, 74, 74
1, 21600, &, 2, 11, 96
1, 10168, &, 3, 11, 119
1, 10014, &, 3, 11, 92
1, 12298, &, 3, 11, 126
1, 12253, &, 3, 11, 74
1, 11043, &, 3, 11, 83
1, 11035, &, 3, 11, 109
1, 11378, &, 3, 11, 121
1, 11383, &, 3, 11, 61
1, 11499, &, 3, 11, 123
1, 11477, &, 5, 11, 45
1, 11170, {, 12, 79, 89
1, 11600, }, 0, 59, 64
1, 11400, {, 0, 64, 90
1, 11200, {, 1, 79, 100
1, 11200, {, 3, 65, 100
1, 11560, {, 0, 50, 100
1, 11360, {, 1, 71, 100
1, 22240, {, 9, 49, 100
1, 22400, {, 2, 86, 110
1, 22080, {, 11, 77, 105
1, 22640, {, 14, 40, 122
1, 22648, &, 9, 11, 19
1, 20438, &, 9, 11, 19
1, 22568, &, 9, 11, 4
1, 22704, &, 9, 11, 5
1, 18415, &, 9, 11, 4
1, 18, 60, 90
5, 6680, {, 3, 62, 127
5, 4280, {, 3, 60, 100
7, 4040, {, 3, 58, 0
5, 6400, {, 3, 55, 100
5, 8400, {, 3, 60, 0
5, 8552, {, 3, 59, 10
5, 8982, {, 3, 59, 0
5, 8968, {, 3, 67, 10
5, 8950, {, 3, 67, 0
5, 6960, {, 3, 65, 100
5, 9140, {, 3, 60, 0
5, 3320, {, 3, 60, 100
5, 3320, {, 3, 46, 0
5, 5320, {, 3, 63, 72
5, 6960, {, 3, 67, 100
5, 7320, {, 3, 61, 0
7, 9004, {, 5, 67, 0
7, 5296, {, 5, 71, 80
7, 5258, {, 5, 67, 0
7, 5460, {, 5, 70, 0
7, 5440, {, 5, 76, 100
7, 3400, {, 5, 78, 100
7, 3390, {, 5, 66, 0
7, 7760, {, 5, 56, 101
7, 9840, {, 5, 60, 101
7, 9760, {, 5, 58, 101
7, 9960, {, 5, 52, 104
7, 9940, {, 5, 59, 102
7, 9920, {, 5, 38, 0
7, 9920, {, 5, 48, 105
7, 9920, {, 5, 45, 105
7, {, 1, 57, 127
4, 57920, {, 1, 59, 95
4, 58160, {, 2, 55, 105
4, 58527, &, 2, 11, 98
4, 38020, &, 2, 11, 79
4, 36860, &, 1, 11, 46
4, 36840, &, 1, 11, 60
4, 37080, &, 1, 11, 63
4, 35580, &, 1, 11, 40
3, 35960, &, 1, 11, 102
3, 33830, &, 1, 11, 96
3, 32630, &, 1, 11, 94
3, 32160, {, 1, 70, 86
3, 32140, {, 1, 75, 90
3, 32240, {, 1, 77, 0
3, 32240, {, 1, 55, 0
3, 32200, {, 1, 77, 0
3, 32240, {, 1, 63, 0
3, 32040, {, 1, 70, 70
3, 32320, {, 1, 56, 100
3, 32140, {, 1, 60, 0
3, 31600, {, 1, 58, 100
3, 31340, {, 1, 52, 100
3, 45942, {, 1, 50, 0
3, 31378, {, 1, 62, 0
3, 31680, {, 1, 64, 100
3, 31400, {, 1, 52, 100
3, 32358, {, 1, 52, 0
3, 32038, {, 1, 64, 0
3, 32840, {, 1, 62, 100
3, 33300, {, 1, 52, 100
3, 33, 3, 69, 65
3, 34726, {, 1, 61, 0
3, 34712, {, 1, 54, 45
3, 34646, {, 1, 54, 0
3, 34048, {, 1, 64, 45
3, 34454, {, 1, 66, 0
3, 34768, {, 1, 62, 45
3, 34598, {, 1, 64, 0
3, 34520, {, 1, 62, 45
3, 34606, {, 1, 62, 0
3, 34446, {, 1, 59, 0
3, 34280, {, 1, 67, 45
3, 34030, {, 1, 67, 0
3, 34128, {, 1, 67, 45
3, 34150, {, 1, 67, 0
3, 34560, {, 1, 67, 45
3, 34762, {, 1, 67, 0
3, 34384, {, 1, 66, 45
3, 34190, {, 1, 67, 0
3, 34716, {, 1, 67, 45
3, 34782, {, 1, 67, 0
3, 34704, {, 1, 43, 787, {, 0, 68, 0
2, 69740, &, 0, {, 1, 67, 86
3, 29560, {, 1, 43, 0
3, 29640, {, 1, 77, 0
3, 29820, {, 1, 66, 0
3, 29420, {, 1, 55, 86
3, 29440, {, 1, 50, 0
3, 27500, {, 1, 70, 86
3, 23380, {, 1, 58, 0
3, 23560, {, 1, 68, 90
3, 23720, {, 1, 56, 90
3, 23880, {, 1, 38, 0
3, 25320, {, 1, 62, 100
3, 25240, {, 1, 68, 90
3, 25040, {, 1, 65, 0
3, 25520, {, 1, 55, 86
3, 25560, {, 1, 72, 86
3, 25400, {, 1, 57, 86
3, 25100, {, 1, 70, 86
3, 27860, {, 1, 71, 0
3, 23480, {, 1, 50, 80
3, 23380, {, 1, 52, 100
3, 23698, {, 1, 52, 0
3, 19238, {, 1, 64, 0
3, 17520, {, 1, 64, 100
3, 17360, {, 1, 52, 100
3, 18818, {, 1, 50, 0
3, 18818, {, 1, 66, 0
3, 17280, {, 1, 52, 100
3, 18960, {, 1, 64, 100
3, 18578, {, 1, 64, 0
3, 18838, {, 1, 52, 0
3, 17260, {, 1, 56, 100
3, 17320, {, 1, 65, 90
3, 19440, {, 1, 90, 96
3, 23580, {, 1, 90, 96
3, 23530, {, 1, 90, 0
3, 234
13, 25944, {, 11, 78, 0
13, 25920, {, 11, 64, 115
13, 43720, {, 11, 76, 0
13, 43360, {, 11, 61, 85
13, 43220, {, 11, 67, 0
13, 43520, {, 11, 64, 115
3380, {, 0, 57, 0
3, 29320, {, 0, 62, 0
3, 29280, {, 0, 62, 0
3, 29, 114
2, 118880, {, 9, 35, 85
2, 114924, {, 9, 40, 0
2, 113224, {, 9, 40, 100
2, 114672, {, 9, 52, 100
2, 112192, {, 9, 42, 101
2, 116382, {, 9, 35, 0
2, 114304, {, 9, 46, 63
2, 112924, {, 9, 46, 0
2, 113520, {, 9, 55, 102
2, 119432, {, 9, 52, 127
2, 102464, {, 9, 52, 66
2, 101251, &, 0, 64, 120
2, 18176, {, 0, 76, 0
2, 16424, {, 0, 79, 0
3, 16360, &, 0, 64, 127
3, 18136, &, 0, 64, 127
4, 22856, {, 0, 59, 0
2, 22704, {, 0, 56, 75
2, 22874, {, 0, 59, 0
2, 22784, {, 0, 64, 75
2, 26182, {, 0, 64, 0
2, 20528, {, 0, 67, 75
2, 20558, {, 0, 67, 0
2, 20944, {, 0, 62, 75
2, 26030, {, 0, 62, 116
2, 24784, 111280, {, 9, 38, 100
19, 51880, &, 14, 11, 22
16, 53459, &, 13, 7, 106
14, 530546
1, 161200, &, 7, 11, 113
1, 142680, &, 12, 7, 26
1, 140137, &, 9, 11, 85
1, 129520, {, 7, 60, 80
1, 127280, {, 9, 49, 100
1, 128480, {, 9, 36, 100
1, 129760, {, 1, 37, 100
1, 129960, {, {, 2, 79, 0
4, 20243840, {, 7, 62, 0
1, 26480, {, 7, 66, 80
1, 26800, {, 7, 60, 86
1, 24220, {, }, 7, 0, 0
2, 90525, }, 5, 0, 0
2, 90569, }, 5, 0, 0
2, 90569, }, 5, 0, 0
2, 90569, }, 5, 0, 0
2, 90569, }, 5, 0, 0
2, 90569, }, 5, 0, 0
2, 90569, }, 5, 0, 0
2, 90569, }, 5, 0, 0
2, 90569, }, 5, 0, 0
2, 90569, }, 5, 0, 0
2, 90569, }, 5, 0, 0
2, 90569, }, 5, 0, 0
2, 90569, }, 5, 0, 0
2, 90569, }, 5, 0, 0
2, 90569, }, 5, 0, 0
2, 90569, }, 5, 0, 0
2, 90569, }, 5, 0, 0
2, 90569, }, 5, 0, 0
2, 90569, }, 5, 0, 0
2, 90569, }, 5, 0, 0
2, 90569, }, 5, 0, 0
2, 90569, }, 5, 0, 0
2, 90569, }, 5, 0, 0
2, 90569, }, 5, 0, 0
2, 90569, }, 5, 0, 0
2, 90569, }, 5, 0, {, 7, 78, 49
9, 57938, {, 7, 78, 0
9, 58340, {, 7, 73, 105
9, 58682, {, 7, 67, 0
9, 59520, {, 7, 63, 103
9, 59000, {, 7, 62, 105
9, 57920, {, 7, 65, 102
9, 57340, {, 7, 72, 102
9, 57920, {, 7, 72, 79
9, 57854, {, 7, 78, 0
9, 57070, {, 3, 94, 0
5, 55800, {, 2, 85, 0
5, 54800, {, 1, 83, 10
5, 54162, {, 1, 77, 0
3, 52784, {, 1, 63, 45
3, 54210, {, 1, 65, 0
3, 54332, {, 1, 66, 45
3, 54782, {, 1, 67, 0
3, 53728, {, 1, 66, 45
3, 54198, {, 1, 67, 0
3, 38240, {, 1, 67, 45
3, 36830, {, 1, 67, 0
3, 36224, {, 1, 67, 45
3, 36390, {, 1, 67, 0
3, 36658, &, 1, 7, 75
3, 378149, {, 0, 67, 110
2, 79032, {, 0, 64, 110
2, 56504, {, 0, 62, 110
2, 56560, {, 0, 69, 110
2, 56288, {, 0, 66, 127
2, 53952, {, 0, 67, 110
2, 54560, {, 0, 72, 0
2, 55040, {, 0, 54, 110
2, 56920, {, 0, 64, 127
4, 55920, {, 0, 74, 127
4, 57520, {, 0, 70, 0
4, 55920, {, 0, 74, 127
4, 54240, {, 0, 76, 127
4, 52880, {, 0, 80, 127
4, 52880, {, 0, 72, 0
4, 52800, {, 0, 64, 0
4, 54480, {, 0, 67, 127
4, 52600, {, 0, 70, 127
4, 50240, {, 0, 70, 0
4, 52720, {, 0, 79, 127
4, 52920, {, 0, 60, 127
4, 52640, {, 0, 62, 127
4, 52720, {, 0, 55, 0
4, 53280, {, 0, 67, 127
4, 53760, {, 0, 76, 0
4, 55280, &, 12, 7, 18
1, 56177, &, 0, 7, 26
1, 54728, &, 1, 7, 40
1, 538561, 0
1, 2755, {, 1, 72, 0
1, 2840, {, 0, 79, 110
1, 6160, }, 0, 60, 64
1, 2920, }, 1, 72, 0
1, 4120, {, 900, &, 2, 7, 99
4, 9240, &, 0, 7, 125
1, 68, &, 1, 98, 90
1, 660, $, \
10, 0, `, 0
5, 0, ~, "Staff-9"
12, 440, \
7, 0, /
6, 0, `, 0
5, 0, ~, "Strang"
3, 0, &, 2, 7, 100
4, 420, &, 1, 90, 10
3, 2558, {, 1, 94, 0
3, 2600, {, 1, 92, 98
3, 2560, {, 1, 99, 107
3, 2910, {, 1, 99, 0
3, 6320, {, 1, 95, 98
3, 6300, {, 1, 99, 108
3, 9038, {, 1, 97, 0
3, 9040, {, 1, 94, 97
3, 7272, {, 1, 67, 0
3, 3168, {, 1, 63, 45
3, 7780, {, 1, 9 180, {, 1, 88, 99
3, 742, {, 1, 94, 0
3, 5090, {, 1, 95, 0
3, 5280, {, 1, 85, 99
3, 3380, {, 1, 94, 96
3, 5367, {, 1, 97, 0
3, 3480, {, 1, 83, 98
3, 3400, {, 1, 90, 99
3, 5182, 81
13, 34976, {, 12, 48, 0
13, 34224, {, 12, 48, 97
13, 34430, &, 12, 7, 76
13, 34263, &, 12, 7, 88
13, 34230,