1, 44811, &, 9, 11, 63
1, 54301, &, 9, 11, 64
1, 6431, &, 9, 11, 27
1, 434160, {, 7, 33, 0
1, 44240, {, 8, 33, 117
1, 61120, {, 2, 57, 127
1, 49752, {, 12, 45, 0
1, 34492, {, 10, 43, 0
1, 36392, {, 10, 33, 0
1, 59872, {, 10, 45, 0
1, 68192, {, 11, 33, 0
1, 54712, {, 12, 45, 0
1, 47256, {, 4, 76, 0
1, 20918, &, 9, 11, 101
1, 18383, &, 9, 11, 10, 45, 0
1, 48752, {, 11, 43, 0
1, 47052, {, 11, 45, 0
1, 63552, {, 12, 33, 0
1, 49392, {, 11, 45, 0
1, 61472, {, 11, 45, 0
1, 64112, {, 10, 33, 0
1, 48112, {, 10, 45, 0
1, 22416, {, 5, 50, 0
1, 27643, &, 9, 11, 90
1, 36578, &, 9, 11, 98
1, 59338, &, 9, 11, 85
1, 3018, &, 9, 11, 94
1, 34688, &, 9, 11, 90
1, 44438, &, 9, 11, 91
1, 3888, &, 9, 11, 94
1, 36648, &, 9, 11, 98
1, 28078, &, 9, 11, 58
1, 6331, &, 9, 11, 47
1, 1261, &, 9, 11, 61
1, 57451, &, 9, 11, 34
1, 56691, &, 9, 11, 64
1, 4841, &, 9, 11, 48
1, 27441, &, 9, 11, 48
1, 1488, &, 9, 11, 79
1, 46330, {, 9, 30, 0
1, 51590, {, 9, 30, 0
1, 49930, {, 9, 30, 0
1, 27398, &, 9, 11, 90
1, 16308, &, 9, 11, 94
1, 18198, &, 9, 55, 0
1, 8, &, 9, 11, 48
1, 258592, {, 10, 45, 0
1, 36432, {, 10, 33, 0
1, 43632, {, 11, 33, 0
1, 75320, {, 11, 43, 33
1, 6564, &, 9, 11, 4
1, 45368, &, 9, 11, 4
17
1, 54552, {, 11, 33, 0
1, 79312, {, 12, 31, 0
1, 64312, {, 11, 33, 0
1, 37312, {, 11, 33, 0
1, 64632, {, 10, 45, 0
1, 54712, {, 12, 33, 0
1, 31992, {, 12, 33, 0
1, 43052, {, 10, 45, 0
1, 57071, &, 9, 9, 11, 64
1, 40581, &, 9, 11, 22
1, 37752, {, 10, 45, 0
1, 38558, &, 9, 11, 13
1, 49848, &, 9, 11, 13
1, 57018, &, 9, 11, 4
1, 21136, {, 6, 69, 0
1, 0, &, 9, 30, 0
1, 20338, &, 9, 11, 98
1, 19808, &, 9, 11, 95
1, 35878, &, 9, 11, 91
1, 45458, &, 9, 11, 99
1, 49558, &, 9311, &, 9, 11, 39
1, 2430, 33, 0
1, 31992, {, 11, 33, 0
1, 47352, {, 11, 33, 0
1, 51288, &, 9, 11, 19
1, 46748, &, 9, 11, 3
1, 24224, &, 9, 11, 3
1, 38534, &, 9, 11, 3
1, 45234, &, 9, 11, 4
1, 95840, {, 7, 33, 117
1, 7640, {, 9, 50, 100
1, 12840, {, 9, 83, 100
1, 248560
1, 628, {, 8, 45, 0
1, 30080, {, 10, 45, 66
1, 47440, {, 30, 45, 0
1, 64432, {, 11, 45, 66
1, 70500, {, 12, 45, 66
1, 39252, {, 12, 45, 0
1, 4301, &, 9, 11, 64
1, 63930, {, 9, 55, 0
1, 22138, &, 9, 11, 98
1, 5938, &, 9, 11, 99
1, 39098, &, 9, 11, 97
1, 22678, &, 9, 11, 17
1, 4578, &, 9, 11, 10
1, 39578, &, 9, 11, 1458, &, 9, 11, 100
1, 1998, &, 9, 11, 93
1, 43578, &, 9, 11, 94
1, 19658, &, 9, 11, 93
1, 42838, &, 9, 11, 98
1, 63948, &, 9, 11, 91
1, 39898, &, 9, 11, 100
1, 46708, &, 9, 11, 102
1, 38328, &, 9, 11, 4
1, 44138, &, 9, 11, 48
1, 28891, &, 9, 11, 47
1, 39851, &, 9, 11, 53
1, 48191, &, 9, 11, 39
1, 5761, &, 9, 11, 66
1, 14401, &, 9, 11, 26
1, 43172, {, 10, 45, 0
1, 62736, {, 5, 59, 0
1, 32840, {, 5, 62, 0
1, 24416, {, 2, 60, 0
1, 47752, {, 11, 45, 0
1, 35654, &, 9, 11, 4
1, 47778, &, 9, 11, 74
1, 49501, &, 9, 11, 48
1, 39941, &, 9, 11, 100
1, 43203, &, 9, 11, 99
1, 21468, &, 9, 11, 83
1, 18148, &, 9, 11, 49
1, 17691, &, 9, 11, 30
1, 55630, {, 9, 30, 0
1, 25720, {, 7, 43, 0
1, 45680, {, 7, 31, 0
1, 24720, {, 7, 31, 0, {, 7, 33, 0
1, 29080, {, 8, 45, 0
1, 28480, {, 7, 33, 117
1, 42240, {, 7, 43, 117
1, 57620, {, 9, 55, 100
1, 16400, {, 9, 30, 100
1, 59360, {, 4, 62, 127
1, 47000, {, 4, 77, 100
1, 28480, {, 9, 30, 100
1, 49320, {, 9, 30, 100
1, 13760, {, 9, 30, 100
1, 25920, {, 9, 30, 100
1, 4480, {, 10, 33, 33
1, 43340, {, 7, 33, 0
1, 6720, {, 9, 55, 100
1, 10808, &, 9, 11, 94
1, 22148, &, 9, 11, 87
1, 44028, &, 9, 11, 90
1, 46188, &, 9, 11, 83
1, 31348, &, 9, 11, 98
1, 16598, &, 9, 11, 90
1, 69258, &, 9, 11, 77
1, 48226, {, 3, 60, 0
1, 42236, {, 3, 50, 0
1, 47456, {, 6, 69, 0
1, 52558, &, 9, 11, 10
1, 24872, {, 10, 45, 0
1, 35512, {, 12, 45, 0
1, 54122, &, 9, 11, 76
1, 11281, 7582, {, 12, 45, 0
1, 44652, {, 20
1, 20831, &, 9, 11, 35
1, 44574, {, 5, 60, 0
1, 45796, {, 5, 62, 0
1, 48234, &, 9, 11, 3
1, 44772, {, 3, 66, 0
1, 48456, {, 3, 64, 0
1, 45776, {, 5, 50, 000
1, 39861, &, 9, 11, 47
1, 46951, &, 9, 11, 24
1, 43176, {, 5, 57, 0
1, 38532, {, 10, 45, 0
1, 33672, {, 12, 45, 0
1, 47952, {, 10, 45, 0
1, 75872, {, 12, 43, 0
1, 32901, &, 9, 11, 43
1, 43081, &, 9, 11, 45
1, 20411, &, 9, 11, 40
1, 47551, &, 9, 11, 39
1, 54241, &, 9, 11, 23
1, 67551, &, 9, 11, 41
1, 60201, &, 9, 11, 23
1, 22831, &, 9, 11, 43
1, 48290, {, 9, 55, 0
1, 63772, {, 10, 33, 0
1, 49018, &, 9, 11, 8
1, 62480, {, 5, 59
1, 60720, {, 9, 83, 0
1, 67078, &, 9, 11, 90
1, 28038, &, 9, 11, 91
1, 63918, &, 9, 11, 98
1, 46178, &, 9, 11, 92
1, 14318, &, 9, 11, 99
1, 3548, &, 9, 11, 93
1, 10478, &, 9, 11, 91
1, 29478, &, 9, 11, 48
1, 34783, 64880, {, 3, 64, 127
1, 38560, {, 8, 43, 117
1, 46160, {, 8, 45, 117
1, 35840, {, 9, 83, 100
1, 42320, {, 9, 83, 100
1, 42530, {, 9, 30, 0
1, 54850, {, 9, 83, 0
1, 23551, &, 9, 11, 6
1, 35854, &, 9, 11, 5
1, 41988, &, 9, 11, 4
1, 55668, &, 9, 11, 4
1, 47534, &, 9, 11, 4
1, 7064, &, 9, 11, 4
1, 43278, &, 9, {, 11, 31, 3860, {, 7, 33, 0
1, 40320, {, 8, 33, 0
1, 17
1, 49928, &, 9, 11, 95
1, 2381, 48560, {, 9, 30, 100
1, 24362, {, 7, 45, 0
1, 61320, {, 8, 45, 0
1, 28400, {, 7, 33, 0
1, 63600, {, 4, 64, 12740, {, 7, 33, 117
1, 32920, {, 9, 30, 100
1, 2840, {, 9, 30, 0
1, 31650, {, 9, 30, 0
1, 26810, {, 9, 30, 0
1, 26880, {, 3, 59, 100
1, 47770, {, 9, 5567
1, 0, ;, 7, 0
1, 0, ;, 5, 52
1, 45853, &, 9, 11, 100
1, 56668, &, 9, 11, 99
1, 2118, &, 9, 11, 97
1, 23738, &, 9, 11, 97
1, 49788, &, 9, 11, 95
1, 42678, &, 9, 11, 98
1, 33348, &, 9, 11, 87
1, 39708, &, 9, 11, 83
1, 43592, {, 12, 45, 0
1, 45150, {, 9, 83, 0
1, 47850, {, 9, 55, 0
1, 44678, &, 9, 11, 96
1, 53398, &, 9, 11, 95
1, 43368, &, 9, 11, 95
1, 29728, &, 9, 11, 90
1, 42168, &, 9, 11, 74
1, 63301, &, 9, 11, 63
1, 25538, &, 9371, &, 9, 11, 69
1, 375138, &, 9, 11, 16
1, 1508, &, 9, 11, 8
1, 61440, {, 8, 31, 0
1, 23360, {, 7, 43, 0
1, 2560, {, 7, 31, 0
1, 22480, {, 8, 45, 117
1, 41600, {, 10, 33, 33
1, 63440, {, 11, 33, 66
1, 65960, {, 33520, {, 7, 45, 117
1, 58560, {, 9, 30, 100
1, 42880, {, 9, 30, 100
1, 2910, {, 9, 30, 0
1, 39050, {, 9, 83, 0
1, 33872, {, 6, 69, 0
1, 44736, {, 4, 60, 0
1, 38872, {, 3, 79, 0
1, 58512, {, 10, 55, 0
1, 63352, {, 12, 45, 0
1, 46172, {, 12, 33, 0
1, 66112, {, 10, 33, 0
1, 50472, {, 12, 45, 0
1, 62392, {, 10, 45, 0
1, 49752, {, 12, 33, 0
1, 48592, {, 10, 45, 0
1, 54331, &, 9, 11, 56
1, 3191, &, 9, 11, 61, 38440, {, 8, 45, 117
1, 58560, {, 8, 33, 117
1, 9, 11, 56
1, 44933, 0
1, 61852, {, 12, 33, 0
1, 42848, &, 9, 11, 6
1, 65778, &, 9, 11, 3
1, 52648, &, 9, 11, 5
1, 47324, &, 9, 11, 4
1, 38894, &, 9, 11, 4
1, 45748, {, 2, 30, 0
1, 20096, #, 43, 0
1, 29832, {, 10, 33, 0
1, 64492, {, 11, 45, 0
1, 43752, {, 10, 33, 0
1, 7304, &, 9, 11, 4
1, 52378, &, 9, 11, 3
1, 58804, &, 9, 11, 4
1, 41814, &, 9, 11, 4
1, 75912, 9, 11, 66
1, 1778, &, 9, 11, 9
1, 4480, {, 8, 45, 117
1, 55200, {, 9, 30, 100
1, 24800, {, 9, 30, 100
1, 58860, {, 10, 33, 66
1, 42952, {, 10, 45, 0
1, 58752, {, 11, 33, 0
1, 66352, {, 12, 33, 0
1, 758, &, 9, 11, 6
1, 19618, &, 9, 11, 5
1, 38964, &, 9, 11, 45
1, 14232
1, 45740, {, 7, 45, 0
1, 32400, {, 8, 45, 0
1, 57840, {, 5, 62, 0
1, 24456, {, 5, 77, 0
1, 42556, {, 66
1, 60800, {, 8, 45, 0
1, 0140, {, 8, 45, 117
1, 34120, {, 8, 45, 117
1, 15440, {, 7, 33, 117
1, 41280, {, 9, 30, 100
1, 34250, {, 9, 30, 0
1, 31470, {, 9, 30, 0
1, 42830, {, 9, 55, 0
1, 12820, {, 7, 43, 117
1, 40720, {, 7, 33, 117
1, 35040, {, 8, 31, 117
1, 11780, {, 9, 30, 100
1, 49200, {, 9, 55, 100
1, 16398, &, 9, 11, 94
1, 31078, &, 9, 11, 90
1, 59848, &, 9, 11, 3
1, 50874, &, 9, 11, 4
1, 27536, {, 2, 64, 0
1, 48932, {, 10, 45, 0
1, 59632, {, 12, 33, 0
1, 40056, {, 5, 58, 0
1, 46418, &, 9, 11, 101
1, 5438, &, 11, 12
1, 6, {, 9, 30, 100
1, 48560, {, 6, 67, 100
1, 44200, {, 3, 59, 100
1, 12520, {, 9, 30, 100
1, 60000, {, 9, 55, 106
1, 33640, {, 9, 11, 55
1, 54321, &, 9, 11, 66
1, 45781, &, 9, 11, 51
1, 27051, &, 9, 11, 29
1, 52191, &, 9, 11, 47
1, 40131, &, 9, 11, 23
1, 57131, &, 9, 11, 24
1, 35161, &, 9, 11, 26
1, 61788, &, 9, 11, 17
1, 18678, &, 9, 11, 100
1, 2418, 45, 0
1, 51231, &, 9, 11, 33
1, 37611, &, 9, 11, 56
1, 20751, &, 9, 11, 38
1, 14401, &, 9, 11, 43
1, 45591, &, 9, 11, 46
1, 17111, &, 9, 11, 37
1, 49831, &, 9, 11, 39
1, 54451, &, 9, 11, 58
1, 57370, {, 9, 83, 0
1, 34150, {, 6408, &, 9, 11, 11
1, 20108, &, 9, 11, 10
1, 34032, {, 10, 33, 0
1, 53750, {, 9, 83, 0
1, 22330, {, 9, 30, 0
1, 42316, {, 3, 60, 0
1, 17096, 0
1, 4001, &, 9, 11, 45
1, 16771, &, 9, 11, 64
1, 49051, &, 9, 11, 67
1, 29041, &, 9, 11, 23
1, 37451, &, 9, 11, 47
1, 54491, &, 9, 11, 11
1, 211, {, 4, 77, 0
1, 40896, {, 5, 50, 0
1, 47416, {, 4, 64, 0
1, 48232, {, 12, 33, 0
1, 35
1, 28500, {, 7, 45, 0
1, 13040, {, 7, 45, 117
1, 37610, {, 9, 30, 0
1, 1853, 85, 0
1, 69410, {, 9, 30, 0
1, 21290, {, 9, 30, 0
1, 4311, &, 9, 11, 38
1, 26001, &, 9, 11, 45
1, 2371, &, 9, 11, 58
1, 47701, &, 9, 11, 61
1, 40560, {, 8, 31, 0
1, 24, {, 7, 43, 0
1, 9408, &, 9, 0
1, 23964, &, 9, 11, 43
1, 8940, {, 9, 45, 0
1, 43980, {, 9, 30, 100
1, 27040, {, 9, 55, 100
1, 46960, {, 9, 83, 100
1, 61752, {, 10, 45, 0
1, 41772, {, 10, 45, 0
1, 57152, {, 10, 45, 0
1, 43552, {, 12, 33, 0
1, 56732, {, 8, 43, 0
1, 55520, {, 7, 45, 117
1, 45600, {, 4, 67, 117
1, 42177, 117
1, 42160, {, 5, 62, 100
1, 23840, {, 4, 50, 100
1, 44720, {, 11, 33, 0
1, 37552, {, 11, 33, 0
1, 8119, 55, 0
1, 36530, {, 9, 30, 0
1, 33630, 33, 0
1, 48132, {, 11, 33, 0
1, 33231, &, 9, 11, 31
1, 3461, &, 9, 11, 34
1, 34141, &, 9, 11, 79
1, 43381, &, 9, 11, 64
1, 47841, &, 9, 11, 54
1, 34791, &, 9, 11, 30
1, 34991, &, 9, 11, 34
1, 60812, {, 2, 69, 0
1, 64036, {, 6, 69, 0
1, 46564, {, 2, 69, 100
1, 63480, {, 9, 30, 104
1, 70240, {, 9, 55, 100
1, 14080, {, 9, 83, 0
1, 30868, &, 9, 11, 81
1, 24600, {, 7, 31, 85
1, 20853, &, 9, 11, 10
1, 56998, &, 9, 118, &, 9, 11, 83
1, 16628, &, 9, 11, 92
1, 5940, {, 9, 83, 0
1, 160
1, 34296, {, 4, 60, 0
1, 47712, {, 9, 83, 0
1, 4991, 11
1, 23948, &, 9, 11, 12
1, 55112, 37, 0
1, 73912, {, 12, 45, 0
1, 32172, {, 12, 45, 0
1, 41151, &, 9, 11, 6{, 9, 10, 100
1, 49020, {, 9, 30, 100
1, 253, 86
1, 35600, {, 2, 64, 127
1, 29360, {, 8, 31, 117
1, 21040, {, 5, 83, 100
1, 41630, {, 9, 30, 0
1, 17738, &, 9, 11, 93
1, 15198, &, 9, 11, 90
1, 3343
1, 14800, {, 9, 30, 100
1, 60400, {, 8, 45, 117
1, 2440, {, 8, 33, 0
1, 42720, {, 7, 45, 117
1, 11800, {, 9, 30, 100
1, 14500, {, 10, 32, 0
1, 57312, {, 6, 62, 0
1, 35592, {, 3, 57, 0
1, 55858, &, 9, 11, 77
1, 46768, &, 9, 11, 90
1, 8, &, 9, 11, 95
1, 49058, &, 9, 11, 64
1, 11690, {, 9, 30, 0
1, 17130, {, 9, 30, 0
1, 61750, {, 10, 45, 117
1, 59840, {, 7, 33, 117
1, 33840, {, 9, 30, 100
1, 16360, {, 9, 55, 100
1, 37440, {, 10, 4599, 11, 3
1, 38504, &, 9, 11, 48
1, 31840, {, 3, 79, 0
1, 41578, &, 9, 11, 97
1, 39458, &, 9, 11, 95
1, 14310, {, 9, 83, 0
1, 5928, &, 9, 11, 95
1, 7378, &, 9, 30, 0
1, 2710, {, 9, 30, 0
1, 62330, {, 9, 30, 0
1, 20856, {, 4, 60, 0
1, 46804, &, 9, 11, 3
1, 1296, {, 5, 50, 0
1, 23656, {, 3, 64, 0
1, 46256, {, 4, 62, 0
1, 47096, {, 2, 69, 0
1, 40056, {, 5, 60, 0
1, 244760, {, 7, 45, 117
1, 25360, {, 5, 50, 0
1, 4, 58508, &, 9, 11, 4
1, 35764, &, 9, 11, 4
1, 36992, &, 9, 11, 43
1, 42310, {, 9, 30, 0
1, 31630, {, 9, 83, 0
1, 20450, {, 9, 30, 0
1, 63856, {, 3, 60, 0
1, 43796, {, 5, 60, 0
1, 61716, {, 4, 60, 0
1, 47958, &, 9, 11, 19
1, 4698, &, 9, 11, 108
1, 36928, &, 9, 11, 91
1, 7320, {, 4, 57, 127
1, 47400, {, 6, 62, 127
1, 3740, {, 9, 83, 100
1, 2920, {, 9, 30, 100
1, 38480, {, 9, 30, 100
1, 60080, {, 9, 83, 30430, {, 9, 30, 0
1, 17530, {, 9, 83, 0
1, 10810, {, 9, 55, 0
1, 41110, {, 9, 83, 0
1, 11440, {, 5, 59, 127
1, 42440, {, 4, 60, 127
1, 40240, {, 4, 60, 127
1, 31840, {, 8, 31, 24000, {, 8, 33, 117
1, 67280, {, 9, 55, 100
1, 33320, {, 9, 11, 45
1, 35551, &, 9, 11, 43
1, 24851, &, 9, 11, 27
1, 16078, &, 9, 11, 95
1, 7538, &, 9, 11, 74
1, 42291, &, 9, 11, 29
1, 17481, &, 9, 11, 77
1, 14871, &, 9, 11, 27
1, 23121, &, 9, 11, 32
1, 57941, &, 9, 11, 42
1, 45531, &, 9, 11, 43
1, 14811, &, 9, 11, 47
1, 28451, &, 9, 11, 73
1, 45561, &, 9, 11, 51
1, 45601, &, 9, 11, 63
1, 474, 34, 32
1, 60000, {, 11, 33, 66
1, 4850, {, 9, 83, 0
1, 12710, {, 9, 30, 0
1, 4871, &, 9, 11, 61
1, 67201, &, 468, &, 9, 117
1, 54960, {, 10, 0, 11, 75
1, 24056, {, 7, 33, 117
1, 62320, {, 9, 55, 100
1, 28300, {, 9, 30, {, 11, 33, 66
1, 35840, {, 7, 33, 0
1, 41640, {, 7, 45, 0
1, 52720, {, 8, 45, 117
1, 58400, {, 9, 83, 100
1, 46000, {, 9, 83, 100
1, 8970, {, 9, 83, 0
1, 56890, {, 9, 30, 0
1, 32670, {, 9, 83, 0
1, 15050, {, 9, 83, 0
1, 43472, {, 10, 33, 0
1, 34192, {, 10, 45, 0
1, 65312, {, 11, 45, 0
1, 50232, {, 10, 45, 0
1, 72952, {, 12, 43, 0
1, 43132, {, 12, 45, 0
1, 61944, &, 9, 11, 5
1, 32644, &, 9, 11, 4
1, 1828, &, 9, 11, 4
1, 55614, &, 9, 11, 28
1, 51600, {, 7, 45, 117
1, 40800
1, 33228, &, 9, 11, 92
1, 1518, &, 9, 11, 98
1, 47833, &, 9, 11, 87
1, 2228, 27040, {, 7, 33, 0
1, 30190, {, 9, 83, 0
1, 7498, &, 9, 11, 77
1, 1918, &, 9, 11, 63
1, 54471, &, 9, 11, 49
1, 51401, &, 9, 11, 27
1, 45670, {, 9, 83, 0
{, 15, 33, 0
1, 54552, {, 12, 45, 0
1, 61200, {, 2, 50, 127
1, 40400, {, 8, 33, 117
1, 47680, {, 8, 45, 117
1, 35600, {, 9, 30, 100
1, 48224808, &, 9, 11, 47
1, 55921, &, 9, 11, 45
1, 25491, &, 9, 11, 52
1, 28401, &, 9, 9, 55, 0
1, 21770, {, 9, 30, 0
1, 18778, &, 9, 11, 100
1, 6248, &, 9, 11, 91
1, 42528, &, 9, 11, 16
1, 32338, &, 9, 11, 79
1, 11158, &, 9, 11, 91
1, 5748, &, 9, 11, 97
1, 33758, &, 9, 11, 94
1, 16468, &, 9, 11, 94
1, 1498, &, 9, 11, 96
1, 22888, &, 9, 11, 98
1, 54778, &, 9, 11, 92
1, 16838, &, 9, 11, 96
1, 36998, &, 9, 11, 94
1, 43108, &, 9, 11, 9, 11, 4
1, 28778, &, 9, 11, 3
1, 36864, &, 9, 11, 55, 0
1, 7, &, 9, 83, 0
1, 27210, {, 9, 30, 0
1, 22850, {, 9, 30, 0
1, 28210, {, 9, 83, 0
1, 42258, &, 9, 11, 8
1, 28208, &, 9, 11, 8
1, 64560, {, 5, 60, 127
1, 43790, {, 9, 30, 0
1, 39858, &, 9, 11, 85
1, 42828, &, 4, 66
1, 10080, {, 8, 33, 0
1, 48800, {, 8, 45, 0
1, 43200, {, 8, 43, 0
1, 25920, {, 8, 45, 0
1, 27360, {, 8, 33, 117
1, 7208, &, 9, 11, 3
1, 32658, &, 9, 11, 4
1, 27024, &, 9, 9, 5, 11, 34
1, 60, 127
1, 55360, {, 4, 64, 9, 11, 8
1, 61450, {, 9, 55, 0
1, 49848, &, 9, 11, 12
1, 3008, &, 9, 11, 74
1, 11551, &, 9, 11, 43
1, 32251, &, 9, 11, 43
1, 60800, {, 7, 45, 117
1, 47040, {, 8, 31, 117
1, 17680, {, 7, 43, 117
1, 33200, {, 9, 55, 100
1, 15263, 8, 43, 0
1, 27800, {, 7, 45, 117
1, 28160, {, 7, 31, 0
1, 65080, {, 8, 45, 0
1, 14840, {, 5, 58, 0
1, 47010, {, 9, 30, 0
1, 16490, {, 9, 30, 0
1, 59858, &, 9, 11, 97
1, 17698, 48040, {, 8, 45, 0
1, 35240, {, 7, 45, 0
1, 30, {, 9, 59, 100
1, 43520, {, 9, 55, 0
1, 55752, {, 2, 60, 0
1, 49472, {, 11, 45, 0
1, 59052, {, 11, 33, 0
1, 47132, {, 12, 45, 0
1, 48672, {, 10, 45, 0
1, 32195, 127
1, 23300, {, 9, 83, 100
1, 24478, &, 9, 11, 96
1, 41718, &, 9, 11, 91
1, 3408, &, 9, 11, 93
1, 39418, &, 9, 11, 85
1, 58588, &, 9, 11, 4
1, 35054, &, 9, 11, 4
1, 27338, &, 9, 11, 4
1, 15, 439128, &, 9, 11, 95
1, 8008, 0
1, 68980, {, 8, 45, 117
1, 45640, {, 9, 55, 100
1, 60850, {, 9, 30, 0
1, 15190, {, 9, 30, 0
1, 41298, &, 9, 11, 100
1, 49128, &, 9, 11, 79
1, 53620, {, 9, 83, 100
1, 20000, {, 9, 30, 100
1, 9130, {, 9, 30, 0
1, 64330, {, 9, 83, 0
1, 33588, &, 9, 11, 95
1, 1668, &, 9, 11, 86
1, 25420, {, 9, 55, 100
1, 12984, &, 9, 11, 4
1, 63792, {, 10, 33, 0
1, 34072, {, 11, 45, 0
1, 48672, {, 10, 45, 0
1, 49492, {, 12, 45, 0
1, 3951, &, 9, 11, 64
1, 47691, &, 9, 11, 44
1, 11530, {, 9, 30, 0
1, 47018, &, 9, 11, 17
1, 9, 11, 45
1, 4711, &, 9, 11, 31
1, 40501, &, 9, 11, 37
1, 37991, &, 9, 11, 47
1, 37671, &, 9, 11, 47
1, 4991, &, 9, 11, 25
1, 63751, &, 9, &, 9, 11, 613
1, 10858, &, 9, 11, 86
1, 36520, {, 9, 30, 100
1, 42560, {, 9, 30, 100
1, 4028, &, 9, 11, 91
1, 50318, 33, 0
1, 62520, {, 5, 57, 100
1, 46080, {, 9, 30, 100
1, 13790, {, 9, 83, 0
1, 49911, &, 9, 11, 70
1, 33841, &, 9, 11, 76
1, 3760, {, 9, 55, 100
1, 12360, {, 9, 83, 100
1, 61600, {, 9, 83, 100
1, 46380, {, 9, 55, 100
1, 37480, {, 9, 30, 100
1, 45760, {, 3, 62, 127
1, 14360, {, 8, 33, 117
1, 29471, &, 9, 11, 63
1, 8181, &, 9, 11, 67
1, 11961, &, 9, 11, 52
1, 43201, &, 9, 11, 47
1, 45781, &, 9, 11, 48
1, 40320, {, 7, 43, 0
1, 59600, {, 7, 33, 117
1, 34560, {, 10, 45920, {, 10, 33, 38
1, 42660, {, 12, 45, 66
1, 11440, {, 9, 83, 100
1, 13450, {, 9, 30, 0
1, 1668, &, 9, 11, 89
1, 34220, {, 5, 60, 127
1, 5458, &, 9, 11, 16
1, 46778, &, 9, 11, 1, 45, 31
1, 45710, {, 9, 83, 0
1, 55528, &, 9, 11, 77
1, 48858, &, 9, 11, 91
1, 27328, &, 9, 11, 85
1, 37218, &, 9, 11, 91
1, 29358, &, 9, 11, 16
1, 34538, &, 9, 11, 16
1, 3290, {, 9, 83, 100
1, 53600, {, 9, 55, 100
1, 24400, {, 9, 55, 100
1, 40458, &, 9, 11, 97
1, 28028, &, 9, 33, 0
1, 16570, {, 9, 55, 0
1, 28410, {, 9, 11, 95
1, 44938, &, 9, 11, 91
1, 11728, &, 9, 11, 93
1, 19018, 3360, {, 7, 45, 117
1, 1140, {, 10, 33, 66
1, 45752, {, 12, 45, 0
1, 41632, {, 11, 45, 0
1, 48592, {, 12, 43, 0
1, 49552, {, 11, 45, 0
1, 35772, {, 11, 45, 0
1, 54168, &, 9, 11, 101
1, 32324, &, 9, 11, 5
1, 10938, &, 9, 11, 4
1, 48036, {, 5, 60, 0
1, 38, 127
1, 20360, {, 8, 31, 117
1, 21600, {, 10, 33, 33
1, 36350, {, 9, 83, 0
1, 15840, {, 5, 60, 127
1, 11, 45, 38
1, 62320, {, 11, 33, 66
1, 41638, &, 9, 11, 94
1, 39342, {, 10, 45, 0
1, 67372, {, 12, 45, 0
1, 61632, {, 11, 33, 0
1, 30728, &, 9, 11, 97
1, 49258, &, 9, 11, 90
1, 507
1, 35183, 0
1, 21798, &, 9, 11, 94
1, 36658, &, 9, 11, 90
1, 23343, &, 9, 11, 92
1, 45548, &, 9, 11, 59
1, 28410, {, 9, 55, 0
1, 57838, &, 9, 11, 8
1, 61040, {, 7, 43, 117
1, 11040, {, 7, 45, 117
1, 24160, {, 7, 31, 117
1, 21620, {, 10, 33, 32
1, 48560, {, 12, 33, 66
1, 73760, {, 11, 45, 66
1, 34880, {, 9, 55, 100
1, 44560, {, 9, 55, 100
1, 42040, {, 9, 30, 100
1, 51320, {, 9, 55, 0
1, 49420, {, 9, 30, 100
1, 41080, {, 9, 55, 100
1, 14011, &, 9, 11, 42
1, 37981, &, 9, 11, 56
1, 39651, &, 9, 11, 48
1, 4321, &, 9, 11, 48
1, 5731, &, 9, 11, 32
1, 31201, &, 9, 11, 50
1, 43238, &, 9, 11, 88
1, 49040, {, 9, 83, 100
1, 25348, &, 9, 11, 94
1, 59498, &, 9, 11, 101
1, 3568, &, 9, 11, 101
1, 35858, &, 9, 11, 97
1, 49538, &, 9, 11, 33
1, 63541, &, 9, 11, 64
1, 51871, &, 9, 11, 35
1, 62391, &, 43
1, 3558, &, 9, 11, 93
1, 49048, &, 9, 11, 91
1, 23258, &, 9, 11, 94
1, 47908, &, 9, 11, 93
1, 57688, &, 9, 11, 96
1, 33988, &, 9, 11, 94
1, 22738, &, 9, 11, 95
1, 13158, &, 9, 11, 58
1, 27101, &, 9, 11, &, 9, 11, 64
1, 43191, &, 9, 11, 54
1, 14771, &, 9, 11, 23
1, 63231, &, 9, 11, 55
1, 63811, &, 9, 11, 46
1, 49251, &, 9, 11, 64
1, 29581, &, 9, 11, 39
1, 45591, &, 9, 11, 37
1, 5191, &, 9, 11, 51
1, 49341, &, 940, {, 9, 30, 0
1, 27850, #, 9, 11, 95
1, 6262, {, 12, 45, 0
1, 32952, {, 2, 45, 0
1, 50572, {, 12, 45, 0
1, 31871, &, 9, 11, 37
1, 24911, &, 9, 11, 47
1, 43141, &, 9, 11, 43
1, 43581, &, 9, 100
1, 2450, 19, 45, 0
1, 47920, {, 7, 45, 117
1, 44480, {, 3, 59, 127
1, 34800, {, 7, 43, 117
1, 24400, {, 7, 33, 117
1, 21920, {, 7, 43, 117
1, 13240, {, 9, 55, 100
1, 50810, {, 9, 50, 0
1, 17740, {, 9, 55, 100
1, 16760, {, 9, 30, 100, {, 12, 43, 66
1, 58952, {, 12, 45, 0
1, 55672, {, 10, 33, 0
1, 55072, {, 11, 45, 0
1, 44636, {, 3, 60, 0
1, 30895, &, 9, 11, 4
1, 5820, {, 8, 45, 0
1, 32000, {, 4, 67, 100
1, 44358, &, 9, 11, 98
1, 36998, &, 9, 11, 98
1, 53638, &, 9, 11, 10
1, 51268, &, 9, 11, 74
1, 20491, &, 9, 11, 61
1, 53041, &, 9, 11, 48
1, 49920, {, 8, 33, 0
1, 32560, {, 8, 45, 0
1, 33960, {, 12, 45, 66
1, 43760, {, 8, 45, 0
1, 38400, {, 7, 33, 117
1, 59280, {, 9, 30, 100
1, 45280, {, 9, 30, 100
1, 31610, {, 9, 55, 0
1, 23852, {, 12, 33, 0
1, 61752, {, 10, 45, 0
1, 38352, {, 10, 45, 0
1, 69112, {, 10, 45, 8
1, 41432, {, 12, 45, 0
1, 62552, {, 12, 33, 0
1, 38992, {, 10, 45, 0
1, 31132, {, 4, 64, 0
1, 55712, {, 10, 45, 100
1, 35280, {, 9, 55, 100
1, 62440, {, 10, 33, 38
1, 48960, {, 8, 45, 117
1, 39840, {, 9, 30, 100
1, 43840, {, 12, 33, 66
1, 43820, {, 12, 33, 66
1, 631211, 56
1, 57832, {, 10, 45, 0
1, 58592, {, 11, 33, 0
1, 62412, {, 11, 33, 0
1, 59876, {, 5, 50, 0
1, 40384, &, 9, 11, 5
1, 61556, {, 4, 62, 0
1, 43296, {, 4, 66, 0
1, 57158, &, 9, 11, 19
1, 46
1, 45752, {, 10, 45, 0
1, 59752, {, 12, 45, 0
1, 34931, &, 9, 11, 43
1, 39768, &, 9, 11, 94
1, 35268, &, 9, 11, 96
1, 38058, &, 9, 11, 91
1, 34688, &, 9, 11, 92
1, 21498, &, 9, 11, 96
1, 39518, &, 9, 11, 87
1, 3998, &, 9, 11, 99
1, 25108, &, 9, 11, 90
1, 34558, &, 9, 11, 97
1, 1928, &, 9, 11, 97
1, 7298, &, 9, 11, 87
1, 46598, &, 9, 11, 98
1, 25298, &, 9, 11, 743640, {, 10, 45, 66
1, 63280, {, 12, 33, 32
1, 29040, {, 4, 57, 127
1, 32960, {, 10, 33, 66
1, 34400, {, 9, 30, 100
1, 15961, &, 9, 11, 48
1, 33381, &, 9, 11, 66
1, 54501, &, 9, 1, 16438, &, 9, 11, 94
1, 39848, &, 9, 11, 87
1, 56058, &, 9, 11, 90
1, 3342, {, 1, 59920, {, 9, 30, 100
1, 28800, {, 9, 83, 10, {, 9, 55, 0
1, 63950, {, 9, 30, 0
1, 38270, {, 9, 30, 0
1, 24468, &, 9, 11, 87
1, 12950, {, 9, 30, 0
1, 4150, {, 9, 83, 0
1, 22850, {, 9, 83, 0
1, 33230, {, 9, 30, 0
1, 49450, {, 9, 30, 0
1, 63810, {, 9, 83, 0
1, 38758, &, 9, 11, 14
1, 18278, &, 9, 11, 93
1, 4768, &, 9, 11, 93
1, 56318, &, 9, 11, 96
1, 62718, &, 9, 11, 94
1, 39232, {, 10, 45, 0
1, 32, 117
1, 33200, {, 10, 45, 66
1, 15451, &, 9, 11, 26
1, 41208, &, 9, 11, 99
1, 35, 127
1, 42800, {, 7, 33, 0
1, 49952, {, 10, 33, 0
1, 33014, &, 9, 11, 4
1, 24164, &, 9, 11, 4
1, 54264, &, 9, 11, 5
1, 12856, {, 3, 57, 0
1, 43996, {, 4, 62, 0
1, 36530, {, 9, 83, 0
1, 21040, {, 9, 83, 100
1, 60320, {, 9, 30, 100
1, 38200, {, 10, 45, 66
1, 49720, {, 10, 45, 66
1, 47360, {, 10, {, 10, 33, 66
1, 47520, {, 10, 45, 37
1, 45600, {, 10, 45, 0
1, 75440, {, 12, 31, 66
1, 60992, {, 10, 33, 0
1, 49352, {, 3, 62, 0
1, 9578, &, 9, 11, 101
1, 33558, &, 9, 11, 87
1, 62058, &, 9, 11, 99
1, 38228, &, 9, 11, 83
1, 21038, &, 9, 11, 95
1, 16258, &, 9, 11, 100
1, 41528, &, 9, 11, 3
1, 51454, &, 9, 11, 48
1, 10840, {, 9, 83, 100
1, 43650, {, 9, 30, 0
1, 18770, {, 9, 30, 0
1, 23828, &, 9, 11, 99
1, 54538, &, 9, 11, 98
1, 7238, &, 9, 11, 97
1, 16298, &, 9, 30, 0
1, 33352, {, 5, 57, 0
1, 47040, {, 5, 50, 0
1, 0, 30, 0
1, 46450, {, 9, 55, 0
1, 29070, {, 9, 55, 0
1, 34992, {, 10, 45, 0
1, 67772, {, 12, 45, 0
1, 35692, {, 12, 45, 0
1, 62752, {, 12, 33, 0
1, 61732, {, 12, 45, 0
1, 55872, {, 9, 30, 0
1, 12440, {, 3, 57, 101
1, 49650, {, 9, 83, 100
1, 36440, {, 9, 83, 100
1, 29840, {, 9, 63, 100
1, 45220, {, 9, 30, 100
1, 8240, {, 9, 83, 100
1, 18880, {, 9, 30, 100
1, 28960, {, 9, 83, 10011, 37
1, 39541, &, 9, 11, 61
1, 30,60, 45, 0
1, 49932, {, 11, 43, 0
1, 45292, {, 12, 32, 0
1, 66912, {, 12, 33, 0
1, 33364, &, 9, 11, 0
1, 32580, {, 8, 45, 117
1, 48240, {, 8, 31, 100
1, 62838, &, 9, 11, 92
1, 41758, &, 9, 10, ;, 4, 59720, {, 10, 43, 66
1, 48400, {, 12, 45, 6680, {, 5, 59, 127
1, 73840, {, 8, 33, 0
1, 60960, {, 8, 45, 0
1, 63360, {, 8, 33, 117
1, 37120, {, 9, 30, 100
1, 66400, {, 9, 55, 100
1, 30440, {, 9, 83, 100
1, 20020, {, 9, 55, 0
1, 47178, &, 9, 11, 92
1, 14258, &, 9, 11, 98
1, 42858, &, 9, 11, 90, {, {, 5, 60, 0
1, 090, {, 7, 43, 0
1, 43280, {, 8, 43, 117
1, 32560, {, 7, 43, 117
1, 11040, {, 8, 33, 0
1, 45600, {, 59280, {, 7, 45, 117
1, 22400, {, 7, 43, 0
1, 57720, {, 7, 43, 117
1, 37720, {, 10, 30, {, 9, 30, 0
1, 19470, {, 9, 30, 0
1, 2870, {, 9, 83, 0
1, 19090, {, 9, 30, 0
1, 14130, {, 9, 30, 0
1, 61270, {, 9, 83, 0
1, 28930, {, 9, 30, 0
1, 58778, &, 9, 11, 72
1, 3721, 7952, {, 11, 43, 0
1, 41748, &, 9, 11, 8
1, 14440, {, 5, 62, 0
1, 9596, 64000, {, 7, 43, 117
1, 41200, {, 9, 55, 100
1, 21440, {, 9, 83, 100
1, 3250, {, 9, 55, 0
1, 39158, &, 9, 11, 16
1, 407727
1, 14741, &, 9, 11, 73
1, 1280, {, 7, 33, 0
1, 58240, {, 8, 33, 0
1, 57680, {, 8, 33, 0
1, 30400, {, 9, 55, 100
1, 5470, {, 9, 30, 100
1, 4258, &, 9, 11, 10
1, 4172, {, 11, 45, 0
1, 61072, {, 11, 45, 0
1, 75252, {, 11, 43, 0
1, 61872, {, 11, 45, 0
1, 42232, {, 10, 45, 0
1, 31192, {, 12, 33, 0
1, 30472, {, 45, 0
1, 73360, {, 400
1, 34160, {, 9, 63, 100
1, 31320, {, 9, 83, 100
1, 15928, &, 9, 11, 98
1, 29308, &, 9, 11, 99
1, 34058, &, 9, 11, 98
1, 2, 45, 79
1, 45040, {, 9, 55, 100
1, 58240, {, 9, 30, 100
1, 63320, {, 10, 33, 66
1, 62960, {, 12, 33, 66
1, 58081, &, 9, 11, 67
1, 11441, &, 9, 11, 66
1, 63681, &, 9, 11, 33
1, 62641, &, 9, 11, 45
1, 4551, &, 9, 11, 51
1, 34480, {, 8, 43, 0
1, 22080, {, 7, 43, 0
1, 22920, {, 1, 59741, &, 9, 11, 61
1, 23041, &, 9, 11, 24
1, 22800, {, 6, 69, 100
1, 25680, {, 7, 43, 117
1, 60160, {, 8, 43, 117
1, 51720, {, 10, 45, 31
1, 45041, &, 9, 11, 47
1, 7281, &, 9, 11, 31
1, 4891, &, 9, 11, 64
1, 43681, &, 9, 11, 79
1, 49976, {, 5, 30, 0
1, 44716, {, 5, 76, 0
1, 61420, {, 5, 60, 0
1, 47112, {, 10, 33, 0
1, 43152, {, 11, 45, 0
1, 59712, {, 11, 45, 0
1, 51312, {, 11, 45, 0
1, 50232, {, 12, 45, 0
1, 40992, {, 11, 33, 0
1, 73340, {, 11, 45, 66
1, 3320, {, 2, 60, 127
1, 47360, {, 4, 66, 0
1, 46758, &, 9, 11, 13
1, 48268, &, 9, 11, 77
1, 40481, &, 9, 11, 26
1, 37710, {, 9, 83, 0
1, 44570, {, 9, 55, 0
1, 29230, {, 9, 83, 0
1, 16010, {, 9, 83, 0
1, 12831, &, 9, 11, 43
1, 41891, &, 9, 11, 37
1, 11760, {, 7, 45, 117
1, 52280, {, 5, 59, 127
1, 44618, &, 9, 11, 3
1, 525572, {, 10, 45, 0
1, 70960, {, 12, 43, 37
1, 10992, {, 10, 45, 0
1, 54832, {, 11, 33, 0
1, 35058, &, 9, 11, 12
1, 29616, {, 2, 50, 0
1, 38708, &, 9, 11, 10
1, 49418, &, 9, 11, 15
1, 32218, &, 9, 11, 3
1, 65714, &, 9, 11, 4
1, 55, 64561, &, 9, 11, 63
1, 89521, &, 9, 11, 47
1, 36251, &, 9, 11, 67
1, 14091, &, 9, 11, 48
1, 44651, &, 9, 11, 51
1, 34201, &, 9, 11, 43
1, 62, 100
1, 27040, {, 9, 83, 100
1, 15090, {, 9, 30, 0
1, 14720, {, 6, 64, 127672, {, 1, 52630, {, 9, 55, 0
1, 30792, {, 2, 55, 0
1, 41792, {, 10, 33, 0
1, 34352, {, 12, 33, 0
1, 55132, {, 11, 45, 0
1, 70512, {, 12, 31, 0
1, 48960, {, 7, 33, 0
1, 57520, {, 7, 45, 0
1, 10040, {, 7, 30, 100
1, 48960, {, 5, 60, 1574, {, 12, 45, 0
1, 51752, {, 12, 33, 0
1, 55132, {, 10, 45, 0
1, 72952, {, 10, 45, 0
1, 41521, &, 9, 11, 46
1, 2171, &, 9, 11, 101
1, 45098, &, 9, 11, 95
1, 58232, {, 12, 33, 0
1, 57032, {, 12, 33, 0
1, 55312, {, 10, 45, 0
1, 52852, {, 11, 45, 0
1, 66896, {, 7, 45, 0
1, 27248, &, 9, 11, 87
1, 58272, {, 10, 45, 0
1, 48752, {, 12, 33, 0
1, 33632, {, 10, 45, 0
1, 55112, {, 10, 45, 0
1, 64492, {, 11, 33, 0
1, 45771, &, 9, 11, 33
1, 54511, &, 9, 11, 43
1, 31971, &, 9, 11, 43, 0
1, 58408, &, 9, 11, 95
1, 58258, &, 5, 59, 127
1, 24160, {, 7, 83, 117
1, 29960, {, 11, 33, 66
1, 58880, {, 12, 45, 66
1, 64440, {, 6, 69, 100
1, 22100, {, 9, 30, 100
1, 7240, {, 9, 83, 100
1, 1628, &, 9, 11, 11
1, 23858, &, 9, 11, 7
1, 39854, &, 9, 11, 3
1, 34874, &, 9, 11, 19
1, 38398, &, 9, 11, 12
1, 35888, &, 9, 12, 55, 0
1, 65232, {, 12, 33, 0
1, 51232, {, 10, 33, 0
1, 61032, {, 10, 45, 0
1, 49272, {, 11, 33, 0
1, 34912, {, 12, 45, 0
1, 51284, &, 9, 11, 2
1, 59854, &, 9, 11, 45
1, 34781, &, 9, 11, 64
1, 45151, &, 9, 11, 42
1, 35451, &, 9, 11, 49
1, 26490, {, 9, 83, 0
1, 54768, &, 9, 11, 94
1, 30472, {, 4, 60, 0
1, 6800, {, 5, 62, 127
1, 18880, {, 8, 32, 127
1, 51590, {, 9, 83, 0
1, 39370, {, 9, 30, 0
1, 35270, {, 9, 55, 0
1, 52590, {, 9, 83, 0
1, 35278, &, 9, 11, 93
1, 36108, &, 9, 11, 94
1, 3950, {, 9, 30, 27
1, 30896, {, 4, 60, 0
1, 14444, &, 9, 11, 2
1, 47914, &, 9, 11, 4
1, 8194, &, 9, 11, 4
1, 51504, &, 9, 11, 49
1, 43091, {, 6, 69, 38, 117
1, 42560, {, 8, 9, 11, 58
1, 68401, &, 9, 11, 58
1, 23691, &, 9, 11, 41
1, 24831, &, 9, 11, 41
1, 49160, {, 7, 45, 0
1, 14240, {, 8, 33, 0
1, 64320, {, 7, 33, 0
1, 24400, {, 8, 43, 0
1, 5880, {, 9, 30, 100
1, 36960, {, 9, 83, 100
1, 14960, {, 9, 30, 100
1, 48400, {, 9, 55, 100
1, 15
1, 37952, {, 10, 45, 0
1, 65512, {, 10, 45, 0
1, 31712, {, 11, 45, 0
1, 47312, {, 12, 45, 0
1, 55001, &, 9, 11, 21
1, 67240, {, 5, 70, 100
1, 28760, {, 9, 30, 100
1, 25760, {, 9, 55, 100
1, 29068, &, 9, 11, 94
1, 13268, &, 9, 11, 13
1, 63018, &, 9, 11, 3
1, 117
1, 4401, &, 9, 11, 48
1, 55561, &, 9, 11, 45
1, 31471, &, 9, 11, 47
1, 46501, &, 9, 11, 43
1, 43191, &, 9, 11, 48
1, 1760, {, 9, 30, 100
1, 53760, {, 9, 30, 100
1, 48840, {, 9, 83, 100
1, 43200, {, 9, 55, 100
1, 63840, {, 9, 83, 100
1, 51, 66
1, 43720, {, 11, 45, 31
1, 31520, {, 2, 60, 127
1, 39440, {, 8, 43, 117
1, 2880, {, 8, 43, 117
1, 41500, {, 9, 83, 100
1, 8, &, 9, 11, 85
1, 53656, {, 4, 60, 0
1, 45421, &, 9, 11, 63
1, 46571, &, 9, 11, 32
1, 64901, &, 9, 11, 48
1, 18891, &, 9, 11, 34
1, 4578, &, 9, 11, 100
1, 64370, {, 9, 30, 0
1, 33450, {, 9, 55, 0
1, 38831, &, 9, 11, 23
1, 56701, &, 9, 11, 48
1, 63501, &, 9, 11, 51
1, {, 9, 30, 0
1, 4591, &, 9, 11, 43
1, 45150, {, 9, 30, 0
1, 57490, {, 9, 83, 0
1, 51550, {, 9, 83, 0
1, 10760, {, 8, 33, 0
1, 28820, {, 7, 33, 117
1, 41500, {, 9, 83, 100
1, 22560, {, 7, 33, 117
1, 58800, {, 9, 30, 100
1, 65010, {, 9, 30, 0
1, 58692, {, 12, 33, 0
1, 46160, {, 7, 45, 0
1, 46200, {, 7, 31, 0
1, 2840, {, 7, 43, 117
1, 48030, {, 9, 83, 0
1, 52718, &, 9, 11, 93
1, 11118, &, 9, 11, 92
1, 6288, &, 9, 11, 98
1, 28968, &, 9, 11, 94
1, 360j8, &, 9, 11, 84
1, 62570, {, 9, 30, 0
1, 46010, {, 9, 30, 0
1, 7211, &, 9, 11, 39
1, 55920, {, 5, 50, 120
1, 4160, {, 9, 30, 100
1, 16408, &, 9, 11, 87
1, 21128, &, 9, 11, 95
1, 35558, &, 9, 11, 95
1, 39588, &, 9, 11, 61
1, 29558, &, 9, 11, 85
1, 5788, &, 9, 11, 9028, &, 9, 11, 89
1, 17828, &, 9, 11, 87
1, 58548, &, 9, 11, 94
1, 24103, 0
1, 6770, {, 9, 83, 0
1, 6100, {, 11, 45, 0
1, 46238, &, 9, 11, 100
1, 45108, &, 9, 11, 92
1, 46368, &, 9, 11, 91
1, 39858, &, 9, 11, 95
1, 43958, &, 9, 11, 90
1, 3078, &, 9, 11, 98
1, 4278, &, 9, 11, 96
1, 62278, &, 9, 11, 90
1, 4278, &, 9, 11, 91
1, 33668, &, 9, 11, 79
1, 46831, &, 7, 11, 57
1, 23951, &, 9, 11, 43
1, 40891, &, 9, 11, 64
1, 31051, &, 9, 11, 33
1, 22501, &, 9, 11, 27
1, 49456, {, 3, 64, 0
1, 42536, {, 5, 50, 0
1, 46004, &, 9, 11, 4
1, 52271, &, 9, 11, 60
1, 21621, &, 9, 11, 23
1, 18451, &, 9, 11, 24
1, 54798, &, 9, 11, 97
1, 1827
1, 74318, &, 9, 11, 87
1, 53298, &, 9, 11, 85
1, 42750, {, 9, 30, 0
1, 39930, {, 9, 30, 0
1, 25671, &, 9, 11, 48
1, 34632, {, 11, 33, 0
1, 45172, {, 12, 33, 0
1, 7703, 2745, 0
1, 67280, {, 8, 45, 0
1, 40080, {, 8, 33, 117
1, 24080, {, 7, 45, 0
1, 0328, &, 9, 11, 10
1, 59098, &, 9, 11, 4
1, 52718, &, 9, 11, 18
1, 41298, &, 9, 11, 7
1, 5290, {, 7, 45, 0
1, 61720, {, 7, 45, 0
1, 65440, {, 7, 45, 0
1, 34520, {, 7, 31, 0
1, 24080, {, 8, 43, 0
1, 48960, {, 7, 31, 0
1, 50200, {, 8, 45, 0
1, 60240, {, 7, 45, 0
1, 31840, {, 7, 33, 117
1, 21360, {, 7, 33, 117
1, 43200, {, 7, 33, 117
1, 3640, {, 12, 33, 33
1, 43640, {, 10, 33, 66
1, 42720, {, 12, 33, 66
1, 46560, {, 2, 47, 127
1, 42720, {, 8, 31, 0
1, 27460, {, 7, 33, 117
1, 38880, {, 8, 33, 0
1, 34560, {, 7, 45, 0